&names
    formula_extended = 'CF3CH3'
    iupac = '1,1,1-Trifluoroethane'
/

&pengrobinson
    ac = 10.04640323185887
    b = 0.05943854789006819
    k = 0.7593725651400692
/

&pure
    a = 1.3274
    acentric_factor = 0.261421
    b = 0.25946
    c = 345.88
    d = 0.28343
    pc = 37.64
    tc = 345.88
    vc = 0.195
    vc_rat = 1.168
/

&rkpr
    ac = 10.290073281861703
    b = 0.05705547254882306
    del1 = 2.902845761533423
    k = 2.0492637883896383
/

&soaveredlichkwong
    ac = 9.392618307519795
    b = 0.06619584166890724
    k = 0.8795169896328251
/
