&names
    formula_extended = 'CHF2CHF2'
    iupac = '1,1,2,2-Tetrafluoroethane'
/

&pengrobinson
    ac = 10.457315291415929
    b = 0.05461837896388304
    k = 0.7657924911046938
/

&pure
    a = 1.4016
    acentric_factor = 0.266007
    b = 0.26748
    c = 391.8
    d = 0.28127
    pc = 46.4
    tc = 391.8
    vc = 0.191
    vc_rat = 1.168
/

&rkpr
    ac = 10.180885571453354
    b = 0.057080346899948495
    del1 = 1.880407687018307
    k = 2.348029580034795
/

&soaveredlichkwong
    ac = 9.776789641708037
    b = 0.06082769001679641
    k = 0.886312066291425
/
