&names
    formula_extended = 'CHCl2CHCl2'
    iupac = '1,1,2,2-Tetrachloroethane'
/

&pengrobinson
    ac = 32.15181104323503
    b = 0.1020067150192074
    k = 0.7386555615545564
/

&pure
    a = 0.7986
    acentric_factor = 0.246677
    b = 0.25953
    c = 645.0
    d = 0.29593
    pc = 40.9
    tc = 645.0
    vc = 0.325
    vc_rat = 1.168
/

&rkpr
    ac = 33.6672695656597
    b = 0.09416801539972618
    del1 = 3.3735438136393703
    k = 1.8708828538234847
/

&soaveredlichkwong
    ac = 30.059483185678353
    b = 0.1136033869647257
    k = 0.8576209280924251
/
