&names
    formula_extended = 'Cl3CCF3'
    iupac = '1,1,1-Trichlorotrifluoroethane'
/

&pengrobinson
    ac = 22.21086627529979
    b = 0.09410255221770508
    k = 0.7668245542748519
/

&pure
    a = 0.86732
    acentric_factor = 0.266745
    b = 0.27841
    c = 483.0
    d = 0.27018
    pc = 33.2
    tc = 483.0
    vc = 0.321
    vc_rat = 1.168
/

&rkpr
    ac = 22.064610022243013
    b = 0.09514632811378806
    del1 = 2.2821219696753166
    k = 2.239273342731529
/

&soaveredlichkwong
    ac = 20.76546047262872
    b = 0.10480063642813424
    k = 0.8874048733706249
/
