&names
    formula_extended = 'CHBr2CHBr2'
    iupac = '1,1,2,2-Tetrabromoethane'
/

&pengrobinson
    ac = 46.65582907826213
    b = 0.1158675263529262
    k = 0.5948801783354075
/

&pure
    a = 0.60016
    acentric_factor = 0.146563
    b = 0.24066
    c = 824.0
    d = 0.32333
    pc = 46.0
    tc = 824.0
    vc = 0.401
    vc_rat = 1.168
/

&rkpr
    ac = 45.810600342532986
    b = 0.11942853608083141
    del1 = 2.049848143830705
    k = 1.8237995800380502
/

&soaveredlichkwong
    ac = 43.619630253673975
    b = 0.12903996987294908
    k = 0.706931037230425
/
