&names
    formula_extended = 'CF3CHFCF3'
    iupac = '1,1,1,2,3,3,3-Heptafluoropropane'
/

&pengrobinson
    ac = 15.252684769974877
    b = 0.08327123150901153
    k = 0.888436259585232
/

&pure
    a = 1.0067
    acentric_factor = 0.35523
    b = 0.27586
    c = 374.83
    d = 0.29468
    pc = 29.116
    tc = 374.83
    vc = 0.274
    vc_rat = 1.168
/

&rkpr
    ac = 15.587041277989544
    b = 0.0802495294458281
    del1 = 2.85550370764928
    k = 2.413426760666074
/

&soaveredlichkwong
    ac = 14.260093179913774
    b = 0.09273795293149319
    k = 1.0170490582425
/
