&names
    formula_extended = 'CH2FCCl3'
    iupac = '1,1,1-Trichlorofluoroethane'
/

&pengrobinson
    ac = 25.289096842419553
    b = 0.09159418600848455
    k = 0.7434532112954444
/

&pure
    a = 0.84936
    acentric_factor = 0.250084
    b = 0.25
    c = 565.0
    d = 0.28571
    pc = 39.9
    tc = 565.0
    vc = 0.294
    vc_rat = 1.168
/

&rkpr
    ac = 26.334859263018014
    b = 0.08539755304594444
    del1 = 3.253325258169596
    k = 1.914415914050806
/

&soaveredlichkwong
    ac = 23.64337051786851
    b = 0.10200710565850142
    k = 0.8626873647651999
/
