&names
    formula_extended = 'CF3CHFCHF2'
    iupac = '1,1,1,2,3,3-Hexafluoropropane'
/

&pengrobinson
    ac = 15.756015610441542
    b = 0.07818651285538754
    k = 0.9067221424310299
/

&pure
    a = 0.98571
    acentric_factor = 0.368807
    b = 0.26608
    c = 412.38
    d = 0.27568
    pc = 34.116
    tc = 412.38
    vc = 0.27
    vc_rat = 1.168
/

&rkpr
    ac = 15.498137850294945
    b = 0.08035508177219157
    del1 = 2.0852286207777575
    k = 2.683990165675014
/

&soaveredlichkwong
    ac = 14.730669002703218
    b = 0.08707517611620569
    k = 1.036698962431425
/
