&names
    formula_extended = 'CCl3CClF2'
    iupac = '1,1,1,2-Tetrachlorodifluoroethane'
/

&pengrobinson
    ac = 28.83639781361175
    b = 0.10690178729265384
    k = 0.7531855055882164
/

&pure
    a = 0.77914
    acentric_factor = 0.257009
    b = 0.27348
    c = 552.0
    d = 0.28571
    pc = 33.4
    tc = 552.0
    vc = 0.351
    vc_rat = 1.168
/

&rkpr
    ac = 29.51724939543931
    b = 0.10272786784831642
    del1 = 2.8897769965513342
    k = 2.0359235038896846
/

&soaveredlichkwong
    ac = 26.959825499353233
    b = 0.11905495737943735
    k = 0.8729727814358249
/
