&names
    formula_extended = 'CHCl2CH2Cl'
    iupac = '1,1,2-Trichloroethane'
/

&pengrobinson
    ac = 25.569620837994968
    b = 0.08691822175594965
    k = 0.7561681611551079
/

&pure
    a = 0.9062
    acentric_factor = 0.259135
    b = 0.25475
    c = 602.0
    d = 0.31
    pc = 44.8
    tc = 602.0
    vc = 0.281
    vc_rat = 1.168
/

&rkpr
    ac = 26.483753129344485
    b = 0.08181726857800015
    del1 = 3.1377338593826676
    k = 1.9785982669720266
/

&soaveredlichkwong
    ac = 23.90563898905476
    b = 0.09679955264286003
    k = 0.8761270740606251
/
