&names
    formula_extended = 'CF3CF2CH3'
    iupac = '1,1,1,2,2-Pentafluoropropane'
/

&pengrobinson
    ac = 14.557463294103206
    b = 0.07837173191713902
    k = 0.8193399708543092
/

&pure
    a = 0.94094
    acentric_factor = 0.304579
    b = 0.25935
    c = 380.11
    d = 0.27593
    pc = 31.372
    tc = 380.11
    vc = 0.2732
    vc_rat = 1.168
/

&rkpr
    ac = 14.209545820421111
    b = 0.08156067548353951
    del1 = 1.932288597241758
    k = 2.4836449571798376
/

&soaveredlichkwong
    ac = 13.61011429579477
    b = 0.08728145187698708
    k = 0.943172881732825
/
