&names
    formula_extended = 'CCl3CH2Cl'
    iupac = '1,1,1,2-Tetrachloroethane'
/

&pengrobinson
    ac = 30.61628174791692
    b = 0.10040397153897967
    k = 0.7323444610876244
/

&pure
    a = 0.81664
    acentric_factor = 0.242202
    b = 0.26541
    c = 624.0
    d = 0.30523
    pc = 40.2
    tc = 624.0
    vc = 0.325
    vc_rat = 1.168
/

&rkpr
    ac = 31.681238211539846
    b = 0.09466756858969082
    del1 = 3.1178660751423335
    k = 1.919428170623606
/

&soaveredlichkwong
    ac = 28.62388078767773
    b = 0.111818434986268
    k = 0.8509601314592999
/
