&names
    formula_extended = 'CF3CH2F'
    iupac = '1,1,1,2-Tetrafluoroethane'
/

&pengrobinson
    ac = 10.911199954224195
    b = 0.059672602571700824
    k = 0.8499301209594706
/

&pure
    a = 1.31
    acentric_factor = 0.326878
    b = 0.26206
    c = 374.18
    d = 0.27779
    pc = 40.56
    tc = 374.18
    vc = 0.1988
    vc_rat = 1.168
/

&rkpr
    ac = 11.043747708371622
    b = 0.058465481017247516
    del1 = 2.658149546032796
    k = 2.363308800320171
/

&soaveredlichkwong
    ac = 10.201137071828713
    b = 0.06645650494547105
    k = 0.9758073572953
/
