&names
    formula_extended = 'CHF2CH2F'
    iupac = '1,1,2-Trifluoroethane'
/

&pengrobinson
    ac = 11.141097686155371
    b = 0.053045018691738624
    k = 0.8493455098931999
/

&pure
    a = 1.4798
    acentric_factor = 0.32645
    b = 0.26492
    c = 429.8
    d = 0.28142
    pc = 52.41
    tc = 429.8
    vc = 0.179
    vc_rat = 1.168
/

&rkpr
    ac = 11.163419243937449
    b = 0.052866940982322495
    del1 = 2.4543951192407705
    k = 2.4190244788184865
/

&soaveredlichkwong
    ac = 10.416073860245326
    b = 0.05907546168753698
    k = 0.9751826195625
/
