&names
    formula_extended = '(C6H5)2CHCH(C6H5)2'
    iupac = '1,1,2,2-Tetraphenylethane'
/

&pengrobinson
    ac = 129.4505403294061
    b = 0.32031803656168384
    k = 1.3853121667508557
/

&pure
    a = 0.24287
    acentric_factor = 0.732152
    b = 0.248
    c = 827.0
    d = 0.28571
    pc = 16.7
    tc = 827.0
    vc = 1.022
    vc_rat = 1.168
/

&rkpr
    ac = 135.40955200659
    b = 0.2962624445626663
    del1 = 3.3505709416735354
    k = 3.545471999121165
/

&soaveredlichkwong
    ac = 121.02635012305163
    b = 0.3567335135970822
    k = 1.5385991015568001
/
