&names
    formula_extended = 'CFCl2CFCl2'
    iupac = '1,1,2,2-Tetrachlorodifluoroethane'
/

&pengrobinson
    ac = 28.732012748799956
    b = 0.10670812463451498
    k = 0.7839447467960658
/

&pure
    a = 0.78487
    acentric_factor = 0.279018
    b = 0.27548
    c = 551.0
    d = 0.2752
    pc = 33.4
    tc = 551.0
    vc = 0.351
    vc_rat = 1.168
/

&rkpr
    ac = 29.369444809598665
    b = 0.10278990472176756
    del1 = 2.860860802290765
    k = 2.1273899247302994
/

&soaveredlichkwong
    ac = 26.862233450920044
    b = 0.11883927810882243
    k = 0.9055503992432999
/
