&names
    formula_extended = 'C6H5CH2CH(C6H5)2'
    iupac = '1,1,2-Triphenylethane'
/

&pengrobinson
    ac = 109.32959121390016
    b = 0.2663431145462753
    k = 1.2302141218920355
/

&pure
    a = 0.29209
    acentric_factor = 0.611614
    b = 0.236
    c = 840.0
    d = 0.28571
    pc = 20.4
    tc = 840.0
    vc = 0.808
    vc_rat = 1.168
/

&rkpr
    ac = 118.61245524856284
    b = 0.23029607095810145
    del1 = 4.186620980505825
    k = 2.9319658026579725
/

&soaveredlichkwong
    ac = 102.21480228196351
    b = 0.29662243217511136
    k = 1.3772178911256998
/
