&names
    formula_extended = 'CCl3CH3'
    iupac = '1,1,1-Trichloroethane'
/

&pengrobinson
    ac = 21.83402828331149
    b = 0.08198235735120399
    k = 0.6983839776487603
/

&pure
    a = 0.97083
    acentric_factor = 0.218252
    b = 0.2728
    c = 545.0
    d = 0.29295
    pc = 43.0
    tc = 545.0
    vc = 0.281
    vc_rat = 1.168
/

&rkpr
    ac = 21.606883622266924
    b = 0.08342236952276895
    del1 = 2.205413198149181
    k = 2.0704643064383075
/

&soaveredlichkwong
    ac = 20.41314578439344
    b = 0.09130255262798695
    k = 0.8151927092867999
/
