&names
    formula_extended = 'CCl2FCClF2'
    iupac = '1,1,2-Trichlorotrifluoroethane'
/

&pengrobinson
    ac = 22.0068881501926
    b = 0.09242507765251087
    k = 0.745459407555408
/

&pure
    a = 0.83577
    acentric_factor = 0.25151
    b = 0.27158
    c = 487.25
    d = 0.28214
    pc = 34.1
    tc = 487.25
    vc = 0.325
    vc_rat = 1.168
/

&rkpr
    ac = 21.32759533038113
    b = 0.09730330926192625
    del1 = 1.7889649898618376
    k = 2.3160142840062603
/

&soaveredlichkwong
    ac = 20.57475653331841
    b = 0.10293245753307463
    k = 0.8648067159825
/
