&names
    formula_extended = '(C6H5)CHCH3(C6H5)'
    iupac = '1,1-Diphenylethane'
/

&pengrobinson
    ac = 70.83989854861086
    b = 0.1870506681315126
    k = 1.0226086808209995
/

&pure
    a = 0.41498
    acentric_factor = 0.456636
    b = 0.25065
    c = 775.0
    d = 0.30352
    pc = 26.8
    tc = 775.0
    vc = 0.604
    vc_rat = 1.168
/

&rkpr
    ac = 73.4384858773932
    b = 0.17579347718173932
    del1 = 3.1569062363271403
    k = 2.6931054864633612
/

&soaveredlichkwong
    ac = 66.22988473133529
    b = 0.20831559402489833
    k = 1.1622546876132
/
