&names
    formula_extended = 'CH3CH2CHCl2'
    iupac = '1,1-Dichloropropane'
/

&pengrobinson
    ac = 23.378654724984933
    b = 0.08543081032616376
    k = 0.7474532603261748
/

&pure
    a = 0.9551
    acentric_factor = 0.252928
    b = 0.27794
    c = 560.0
    d = 0.24132
    pc = 42.4
    tc = 560.0
    vc = 0.291
    vc_rat = 1.168
/

&rkpr
    ac = 23.251483295218453
    b = 0.08621304276251314
    del1 = 2.305107226427552
    k = 2.1792424580144303
/

&soaveredlichkwong
    ac = 21.85725331815572
    b = 0.0951430442825829
    k = 0.8669134716928
/
