&names
    formula_extended = 'CH2CCl2'
    iupac = '1,1-Dichloroethylene'
/

&pengrobinson
    ac = 14.149335297341446
    b = 0.060071992309170916
    k = 0.77434077779827
/

&pure
    a = 1.1811
    acentric_factor = 0.272126
    b = 0.26456
    c = 482.0
    d = 0.27024
    pc = 51.9
    tc = 482.0
    vc = 0.224
    vc_rat = 1.168
/

&rkpr
    ac = 13.055089666035745
    b = 0.06825105527445802
    del1 = 0.41421356237309515
    k = 2.6680921333078436
/

&soaveredlichkwong
    ac = 13.228545847293764
    b = 0.06690129945617569
    k = 0.8953671260216999
/
