&names
    formula_extended = 'CCl2FCH3'
    iupac = '1,1-Dichloro-1-Fluoroethane'
/

&pengrobinson
    ac = 16.700080845059258
    b = 0.07136776849270002
    k = 0.702495505739968
/

&pure
    a = 1.0775
    acentric_factor = 0.22114
    b = 0.27252
    c = 478.85
    d = 0.28932
    pc = 43.4
    tc = 478.85
    vc = 0.253
    vc_rat = 1.168
/

&rkpr
    ac = 16.075594561042255
    b = 0.0759496586973222
    del1 = 1.6522025469711499
    k = 2.231645786467583
/

&soaveredlichkwong
    ac = 15.613297760629614
    b = 0.07948124022382771
    k = 0.81951635257
/
