&names
    formula_extended = 'CHCl2CH3'
    iupac = '1,1-Dichloroethane'
/

&pengrobinson
    ac = 17.05315494094571
    b = 0.06672461627024326
    k = 0.7206683911689499
/

&pure
    a = 1.1055
    acentric_factor = 0.233943
    b = 0.26533
    c = 523.0
    d = 0.287
    pc = 50.7
    tc = 523.0
    vc = 0.24
    vc_rat = 1.168
/

&rkpr
    ac = 16.215663492097224
    b = 0.07239196589884542
    del1 = 1.3964994408883693
    k = 2.3495046678917655
/

&soaveredlichkwong
    ac = 15.943395024336647
    b = 0.07431022948630361
    k = 0.8386486497314249
/
