&names
    formula_extended = 'CH3CHBr2'
    iupac = '1,1-Dibromoethane'
/

&pengrobinson
    ac = 20.673370830714557
    b = 0.06736505782743508
    k = 0.5632418693313
/

&pure
    a = 0.95523
    acentric_factor = 0.125025
    b = 0.26364
    c = 628.0
    d = 0.29825
    pc = 60.3
    tc = 628.0
    vc = 0.276
    vc_rat = 1.168
/

&rkpr
    ac = 19.07458578247822
    b = 0.07653710337563444
    del1 = 0.41421356237309515
    k = 2.0558284280064103
/

&soaveredlichkwong
    ac = 19.328019875505927
    b = 0.07502347988394906
    k = 0.6740538811406249
/
