&names
    formula_extended = '-C(CH2CH3)2(CH2)4CH2-'
    iupac = '1,1-Diethylcyclohexane'
/

&pengrobinson
    ac = 50.85084125324444
    b = 0.16183416259618313
    k = 0.9531836917448531
/

&pure
    a = 0.48072
    acentric_factor = 0.403642
    b = 0.25673
    c = 643.0
    d = 0.28571
    pc = 25.7
    tc = 643.0
    vc = 0.534
    vc_rat = 1.168
/

&rkpr
    ac = 51.85357222750273
    b = 0.15654446622876086
    del1 = 2.8109113182112617
    k = 2.6024794060019953
/

&soaveredlichkwong
    ac = 47.54164565019483
    b = 0.18023234052841258
    k = 1.0868203067713
/
