&names
    formula_extended = '-CH(CH3)2(CH2)5-'
    iupac = '1,1-Dimethylcyclohexane'
/

&pengrobinson
    ac = 37.591474253925874
    b = 0.13012918204563664
    k = 0.718722341271711
/

&pure
    a = 0.55873
    acentric_factor = 0.232569
    b = 0.25143
    c = 591.15
    d = 0.27758
    pc = 29.3843
    tc = 591.15
    vc = 0.45
    vc_rat = 1.168
/

&rkpr
    ac = 36.934313526522324
    b = 0.1339868938026867
    del1 = 2.0626914300893433
    k = 2.1661075188176593
/

&soaveredlichkwong
    ac = 35.145152064412294
    b = 0.14492296728259602
    k = 0.836598146541825
/
