&names
    formula_extended = '-CH2C(CH3)2CH2CH2CH2-'
    iupac = '1,1-Dimethylcyclopentane'
/

&pengrobinson
    ac = 27.453312015730052
    b = 0.10270473241409137
    k = 0.7746589048207853
/

&pure
    a = 0.77026
    acentric_factor = 0.272354
    b = 0.27729
    c = 547.0
    d = 0.30163
    pc = 34.45
    tc = 547.0
    vc = 0.36
    vc_rat = 1.168
/

&rkpr
    ac = 26.676013599028952
    b = 0.10766915696047698
    del1 = 1.841760503521352
    k = 2.383601899357241
/

&soaveredlichkwong
    ac = 25.66674610703318
    b = 0.11438075873092933
    k = 0.8957042732696999
/
