&names
    formula_extended = 'CHF2CH3'
    iupac = '1,1-Difluoroethane'
/

&pengrobinson
    ac = 10.443696647916111
    b = 0.055303830262700124
    k = 0.7784212770781364
/

&pure
    a = 1.4345
    acentric_factor = 0.275052
    b = 0.25774
    c = 386.44
    d = 0.28178
    pc = 45.198
    tc = 386.44
    vc = 0.179
    vc_rat = 1.168
/

&rkpr
    ac = 10.807621690201918
    b = 0.05213859581517704
    del1 = 3.1191476205591044
    k = 2.043568713165599
/

&soaveredlichkwong
    ac = 9.76405725208482
    b = 0.06159106710555305
    k = 0.8996924675268001
/
