&names
    formula_extended = 'CF2CH2'
    iupac = '1,1-Difluoroethylene'
/

&pengrobinson
    ac = 6.49809718778611
    b = 0.04391504857265876
    k = 0.5797342077233588
/

&pure
    a = 1.6793
    acentric_factor = 0.136231
    b = 0.25992
    c = 302.8
    d = 0.29793
    pc = 44.6
    tc = 302.8
    vc = 0.154
    vc_rat = 1.168
/

&rkpr
    ac = 6.311768381331396
    b = 0.04606530313089365
    del1 = 1.8343199809004858
    k = 1.8377148158381895
/

&soaveredlichkwong
    ac = 6.075223659796269
    b = 0.04890754746523393
    k = 0.691179789061825
/
