&names
    formula_extended = 'CCl2FCF3'
    iupac = '1,1-Dichlorotetrafluoroethane'
/

&pengrobinson
    ac = 16.779927196943035
    b = 0.08204002078298007
    k = 0.7479255515543756
/

&pure
    a = 0.91594
    acentric_factor = 0.253264
    b = 0.27012
    c = 418.55
    d = 0.28022
    pc = 33.0
    tc = 418.55
    vc = 0.294
    vc_rat = 1.168
/

&rkpr
    ac = 16.00592020451157
    b = 0.08857264031064943
    del1 = 1.4632886899235111
    k = 2.409943724011924
/

&soaveredlichkwong
    ac = 15.687947990088249
    b = 0.09136677154879562
    k = 0.8674125716032001
/
