&names
    formula_extended = '(C6H3)Cl3'
    iupac = '1,2,3-Trichlorobenzene'
/

&pengrobinson
    ac = 37.759383725832684
    b = 0.10527175746938304
    k = 0.9830248654657973
/

&pure
    a = 0.6469
    acentric_factor = 0.426279
    b = 0.25553
    c = 734.0
    d = 0.305
    pc = 45.1
    tc = 734.0
    vc = 0.395
    vc_rat = 1.168
/

&rkpr
    ac = 34.8392436758226
    b = 0.1196049650043871
    del1 = 0.41421356237309515
    k = 3.27143226800794
/

&soaveredlichkwong
    ac = 35.30213457282254
    b = 0.11723961699971618
    k = 1.119163233477825
/
