&names
    formula_extended = '(C6H8)(CH3)4'
    iupac = '1,2,3,4-Tetramethylcyclohexane'
/

&pengrobinson
    ac = 50.69279677614951
    b = 0.16158247649572252
    k = 0.950476901944274
/

&pure
    a = 0.49371
    acentric_factor = 0.401599
    b = 0.26068
    c = 642.0
    d = 0.28571
    pc = 25.7
    tc = 642.0
    vc = 0.528
    vc_rat = 1.168
/

&rkpr
    ac = 52.08056788282949
    b = 0.15428417443219533
    del1 = 2.9663450615333784
    k = 2.551190414746092
/

&soaveredlichkwong
    ac = 47.39388615710015
    b = 0.17995204139850837
    k = 1.083892518559825
/
