&names
    formula_extended = '(C6H3)(CH3)3'
    iupac = '1,2,4-Trimethylbenzene'
/

&pengrobinson
    ac = 41.20606902873184
    b = 0.12990701759564108
    k = 0.919997016994128
/

&pure
    a = 0.60394
    acentric_factor = 0.37871
    b = 0.25956
    c = 649.1
    d = 0.27713
    pc = 32.32
    tc = 649.1
    vc = 0.43
    vc_rat = 1.168
/

&rkpr
    ac = 41.916625692077915
    b = 0.12618825766582356
    del1 = 2.760884129596512
    k = 2.5260836135671614
/

&soaveredlichkwong
    ac = 38.52452160319858
    b = 0.14467554598314628
    k = 1.0509908187825
/
