&names
    formula_extended = '(C6H2)CH3)4'
    iupac = '1,2,4,5-Tetramethylbenzene'
/

&pengrobinson
    ac = 49.808643424089546
    b = 0.15077906760422638
    k = 0.9769714896441118
/

&pure
    a = 0.54941
    acentric_factor = 0.42167
    b = 0.2626
    c = 676.0
    d = 0.27154
    pc = 29.0
    tc = 676.0
    vc = 0.482
    vc_rat = 1.168
/

&rkpr
    ac = 52.026821440470876
    b = 0.1398145697907249
    del1 = 3.3193582639622914
    k = 2.5250794664859733
/

&soaveredlichkwong
    ac = 46.567270425125706
    b = 0.1679204428845507
    k = 1.1125926019425
/
