&names
    formula_extended = 'CH2ClCHClCH2Cl'
    iupac = '1,2,3-Trichloropropane'
/

&pengrobinson
    ac = 34.72110562840332
    b = 0.10897552903768604
    k = 0.8207230461875612
/

&pure
    a = 0.7863
    acentric_factor = 0.305583
    b = 0.26263
    c = 652.0
    d = 0.25852
    pc = 38.7
    tc = 652.0
    vc = 0.334
    vc_rat = 1.168
/

&rkpr
    ac = 37.397111535321145
    b = 0.09552539512260763
    del1 = 4.01350884301211
    k = 1.930741075270485
/

&soaveredlichkwong
    ac = 32.46157702972547
    b = 0.12136445323842504
    k = 0.9446459722694249
/
