&names
    formula_extended = '(C6H2)(CH2CH3)4'
    iupac = '1,2,3,5-Tetraethylbenzene'
/

&pengrobinson
    ac = 76.54300170677278
    b = 0.22123572992953547
    k = 1.2072846182723647
/

&pure
    a = 0.35165
    acentric_factor = 0.594043
    b = 0.24938
    c = 708.0
    d = 0.28571
    pc = 20.7
    tc = 708.0
    vc = 0.703
    vc_rat = 1.168
/

&rkpr
    ac = 80.3089832911735
    b = 0.20351158587419702
    del1 = 3.4167441467623396
    k = 3.085660118737972
/

&soaveredlichkwong
    ac = 71.5618498034872
    b = 0.24638699749203874
    k = 1.353268441976425
/
