&names
    formula_extended = '(C6H3)Cl3'
    iupac = '1,2,4-Trichlorobenzene'
/

&pengrobinson
    ac = 44.6624345553867
    b = 0.1260629372804471
    k = 0.8923180437988588
/

&pure
    a = 0.61713
    acentric_factor = 0.358106
    b = 0.2524
    c = 725.0
    d = 0.2857
    pc = 37.2
    tc = 725.0
    vc = 0.395
    vc_rat = 1.168
/

&rkpr
    ac = 47.345244592002736
    b = 0.1138127499121149
    del1 = 3.6461777680962264
    k = 2.2118876622622494
/

&soaveredlichkwong
    ac = 41.75595890209066
    b = 0.14039444994463318
    k = 1.0212168602337
/
