&names
    formula_extended = '(C6H3)(CH2CH3)3'
    iupac = '1,2,4-Triethylbenzene'
/

&pengrobinson
    ac = 62.136182248506394
    b = 0.18589662280576763
    k = 1.0846314027914536
/

&pure
    a = 0.41849
    acentric_factor = 0.501123
    b = 0.25132
    c = 684.0
    d = 0.28571
    pc = 23.8
    tc = 684.0
    vc = 0.6
    vc_rat = 1.168
/

&rkpr
    ac = 64.43761994563314
    b = 0.17460271628498217
    del1 = 3.1642381898734766
    k = 2.8453931326922053
/

&soaveredlichkwong
    ac = 58.092575967480954
    b = 0.2070303506201798
    k = 1.224820856302425
/
