&names
    formula_extended = '(C6H3)(CH2CH3)3'
    iupac = '1,2,3-Triethylbenzene'
/

&pengrobinson
    ac = 61.95463031557466
    b = 0.18562484411745508
    k = 1.0903505177196915
/

&pure
    a = 0.41911
    acentric_factor = 0.505416
    b = 0.249
    c = 683.0
    d = 0.28571
    pc = 23.8
    tc = 683.0
    vc = 0.593
    vc_rat = 1.168
/

&rkpr
    ac = 64.7456350592203
    b = 0.17197447881780395
    del1 = 3.330077183073797
    k = 2.8132422744867087
/

&soaveredlichkwong
    ac = 57.92283880188396
    b = 0.20672767466898068
    k = 1.2308218507152
/
