&names
    formula_extended = 'CH3CH(OH)CH(OH)CH2OH'
    iupac = '1,2,3-Butanetriol'
/

&pengrobinson
    ac = 28.028415411138543
    b = 0.07977240600585941
    k = 2.56465940037815
/

&pure
    a = 0.97528
    acentric_factor = 1.750415
    b = 0.29746
    c = 719.0
    d = 0.28571
    pc = 58.3
    tc = 719.0
    vc = 0.305
    vc_rat = 1.168
/

&rkpr
    ac = 25.86082446276216
    b = 0.09063376595970202
    del1 = 0.41421356237309515
    k = 6.840630574464587
/

&soaveredlichkwong
    ac = 26.20442377691814
    b = 0.08884136212880145
    k = 2.698961492360625
/
