&names
    formula_extended = '-CH(CHO)CH2CHCHCH2CH2-'
    iupac = '1,2,3,6-Tetrahydrobenzaldehyde'
/

&pengrobinson
    ac = 33.65013984399486
    b = 0.10513047077181054
    k = 0.89992420914293
/

&pure
    a = 0.78779
    acentric_factor = 0.363751
    b = 0.27168
    c = 655.0
    d = 0.28571
    pc = 40.3
    tc = 655.0
    vc = 0.345
    vc_rat = 1.168
/

&rkpr
    ac = 34.45875294797117
    b = 0.10095390146810725
    del1 = 2.8982873917198524
    k = 2.4327917163990778
/

&soaveredlichkwong
    ac = 31.46030596771366
    b = 0.11708226807053759
    k = 1.029388985749825
/
