&names
    formula_extended = '(C6H3)(OH)3'
    iupac = '1,2,3-Benzenetriol'
/

&pengrobinson
    ac = 24.716649323653332
    b = 0.060938889999155886
    k = 1.6504345134619878
/

&pure
    a = 1.2766
    acentric_factor = 0.945171
    b = 0.406
    c = 830.0
    d = 0.28571
    pc = 88.1
    tc = 830.0
    vc = 0.318
    vc_rat = 1.168
/

&rkpr
    ac = 22.80517539399075
    b = 0.06923598485448514
    del1 = 0.41421356237309515
    k = 5.014482814911398
/

&soaveredlichkwong
    ac = 23.10817588942604
    b = 0.06786675073764914
    k = 1.811363215632825
/
