&names
    formula_extended = '(C6H3)(CH3)3'
    iupac = '1,2,3-Trimethylbenzene'
/

&pengrobinson
    ac = 40.40889335098656
    b = 0.12444143409181894
    k = 0.9036932811797147
/

&pure
    a = 0.6531
    acentric_factor = 0.366553
    b = 0.27002
    c = 664.5
    d = 0.26268
    pc = 34.54
    tc = 664.5
    vc = 0.414
    vc_rat = 1.168
/

&rkpr
    ac = 40.94429790842843
    b = 0.12169762079552035
    del1 = 2.680333785419462
    k = 2.5043129048860173
/

&soaveredlichkwong
    ac = 37.77922334149279
    b = 0.13858860555323627
    k = 1.033441229183425
/
