&names
    formula_extended = '(C6H4)(C4H8)'
    iupac = '1,2,3,4-Tetrahydronaphthalene'
/

&pengrobinson
    ac = 44.893291466305996
    b = 0.12759450966913538
    k = 0.8613524709164521
/

&pure
    a = 0.67717
    acentric_factor = 0.335255
    b = 0.27772
    c = 720.0
    d = 0.2878
    pc = 36.5
    tc = 720.0
    vc = 0.408
    vc_rat = 1.168
/

&rkpr
    ac = 46.88273431421266
    b = 0.11836039467353704
    del1 = 3.314802455448293
    k = 2.21543440534023
/

&soaveredlichkwong
    ac = 41.97179244946828
    b = 0.14210013971911403
    k = 0.988022084870625
/
