&names
    formula_extended = 'OHCH2CH(OH)CH2CHOH'
    iupac = '1,2,4-Butanetriol'
/

&pengrobinson
    ac = 26.65952408784992
    b = 0.07827131855800633
    k = 2.6126338388407704
/

&pure
    a = 0.74737
    acentric_factor = 1.79571
    b = 0.23243
    c = 697.0
    d = 0.28571
    pc = 57.6
    tc = 697.0
    vc = 0.311
    vc_rat = 1.168
/

&rkpr
    ac = 24.597797006486587
    b = 0.08892829892861148
    del1 = 0.41421356237309515
    k = 6.911598831406229
/

&soaveredlichkwong
    ac = 24.924615132232994
    b = 0.08716962298717496
    k = 2.7421470192825
/
