&names
    formula_extended = '(C6H2)(CH3)4'
    iupac = '1,2,3,4-Tetramethylbenzene'
/

&pengrobinson
    ac = 48.81074088769131
    b = 0.14413358899722867
    k = 0.9710528423705267
/

&pure
    a = 0.53975
    acentric_factor = 0.417172
    b = 0.2564
    c = 693.0
    d = 0.28571
    pc = 31.1
    tc = 693.0
    vc = 0.475
    vc_rat = 1.168
/

&rkpr
    ac = 49.82124204444331
    b = 0.1391904671912549
    del1 = 2.8308144874247296
    k = 2.6455409452559957
/

&soaveredlichkwong
    ac = 45.63430790946922
    b = 0.1605194705307757
    k = 1.1061730444228
/
