&names
    formula_extended = '(C6H2)(CH3)4'
    iupac = '1,2,3,5-Tetramethylbenzene'
/

&pengrobinson
    ac = 49.067329134222696
    b = 0.14787871915380735
    k = 0.9802432340244479
/

&pure
    a = 0.5261
    acentric_factor = 0.42416
    b = 0.25427
    c = 679.0
    d = 0.28571
    pc = 29.7
    tc = 679.0
    vc = 0.482
    vc_rat = 1.168
/

&rkpr
    ac = 50.50791710565003
    b = 0.14072408734616002
    del1 = 3.006792094796452
    k = 2.620620081078524
/

&soaveredlichkwong
    ac = 45.874198286775844
    b = 0.16469036722449787
    k = 1.11614329152
/
