&names
    formula_extended = '(C9H5)(CH3)3'
    iupac = '1,2,3-Trimethylindene'
/

&pengrobinson
    ac = 60.14545184785849
    b = 0.1695310324770567
    k = 1.0034480791108589
/

&pure
    a = 0.45889
    acentric_factor = 0.441894
    b = 0.24275
    c = 726.0
    d = 0.28571
    pc = 27.7
    tc = 726.0
    vc = 0.529
    vc_rat = 1.168
/

&rkpr
    ac = 63.95119118780112
    b = 0.15221052963682694
    del1 = 3.7146436692184244
    k = 2.4900079596223677
/

&soaveredlichkwong
    ac = 56.23139536633142
    b = 0.18880423197035714
    k = 1.1413688522337
/
