&names
    formula_extended = 'CH2CCHCH2CH2CH3'
    iupac = '1,2-Hexadiene'
/

&pengrobinson
    ac = 26.105739549083644
    b = 0.10156247890289097
    k = 0.7800599842769587
/

&pure
    a = 0.80042
    acentric_factor = 0.276228
    b = 0.26344
    c = 526.0
    d = 0.28756
    pc = 33.5
    tc = 526.0
    vc = 0.331
    vc_rat = 1.168
/

&rkpr
    ac = 26.8743872043602
    b = 0.09663486471468613
    del1 = 3.008511386630096
    k = 2.0772727516075724
/

&soaveredlichkwong
    ac = 24.40686896206707
    b = 0.11310864769764803
    k = 0.9014300381028
/
