&names
    formula_extended = 'CH2CCHCH3'
    iupac = '1,2-Butadiene'
/

&pengrobinson
    ac = 14.81152240752353
    b = 0.06705702792180797
    k = 0.6230385648695003
/

&pure
    a = 1.187
    acentric_factor = 0.165877
    b = 0.26114
    c = 452.0
    d = 0.3065
    pc = 43.6
    tc = 452.0
    vc = 0.22
    vc_rat = 1.168
/

&rkpr
    ac = 15.170447383536658
    b = 0.06437086706022692
    del1 = 2.9024063288414603
    k = 1.6787426598691968
/

&soaveredlichkwong
    ac = 13.847640127162624
    b = 0.07468043148209555
    k = 0.736275241652425
/
