&names
    formula_extended = 'CH3CH(OH)CH2OH'
    iupac = '1,2-Propylene Glycol'
/

&pengrobinson
    ac = 20.306176231491907
    b = 0.06637993969558457
    k = 1.8441075014869384
/

&pure
    a = 1.0923
    acentric_factor = 1.10651
    b = 0.26106
    c = 626.0
    d = 0.20459
    pc = 61.0
    tc = 626.0
    vc = 0.239
    vc_rat = 1.168
/

&rkpr
    ac = 19.292446943881
    b = 0.07211410090191807
    del1 = 1.3780765970825124
    k = 5.266590396215378
/

&soaveredlichkwong
    ac = 18.984721021629156
    b = 0.07392636822500083
    k = 2.0073829734825
/
