&names
    formula_extended = 'CH2ClCH2Cl'
    iupac = '1,2-Dichloroethane'
/

&pengrobinson
    ac = 18.564755424127945
    b = 0.0676464746793349
    k = 0.7944736682487719
/

&pure
    a = 1.2591
    acentric_factor = 0.286595
    b = 0.27698
    c = 561.6
    d = 0.30492
    pc = 53.7
    tc = 561.6
    vc = 0.22
    vc_rat = 1.168
/

&rkpr
    ac = 19.142091451162877
    b = 0.0641834013400947
    del1 = 3.042328419540698
    k = 2.107323785502743
/

&soaveredlichkwong
    ac = 17.35662581393598
    b = 0.07533688971700515
    k = 0.9167266085456249
/
