&names
    formula_extended = 'CHClFCClF2'
    iupac = '1,2-Dichloro-1,1,2-Trifluoroethane'
/

&pengrobinson
    ac = 18.656652308826004
    b = 0.08270865407469455
    k = 0.730661558038608
/

&pure
    a = 0.97096
    acentric_factor = 0.24101
    b = 0.26791
    c = 461.6
    d = 0.29265
    pc = 36.1
    tc = 461.6
    vc = 0.278
    vc_rat = 1.168
/

&rkpr
    ac = 18.752405684327233
    b = 0.08199873615385014
    del1 = 2.517168920335913
    k = 2.074756638971589
/

&soaveredlichkwong
    ac = 17.44254236951299
    b = 0.09211141866895664
    k = 0.8491847214825001
/
