&names
    formula_extended = 'CH3-C(CH3)CH2O-'
    iupac = '1,2-Epoxy-2-Methylpropane'
/

&pengrobinson
    ac = 18.411910260567886
    b = 0.07231762616604415
    k = 0.6303780315784684
/

&pure
    a = 1.1621
    acentric_factor = 0.170934
    b = 0.28121
    c = 521.0
    d = 0.28571
    pc = 46.6
    tc = 521.0
    vc = 0.242
    vc_rat = 1.168
/

&rkpr
    ac = 18.57091843917608
    b = 0.07127537682562407
    del1 = 2.5875281527668985
    k = 1.780342190672267
/

&soaveredlichkwong
    ac = 17.213727281163827
    b = 0.08053908282571924
    k = 0.7439368903377
/
