&names
    formula_extended = 'CH2CCHCH2CH3'
    iupac = '1,2-Pentadiene'
/

&pengrobinson
    ac = 20.795325933542593
    b = 0.08510964186629097
    k = 0.6059698570313626
/

&pure
    a = 0.95799
    acentric_factor = 0.154153
    b = 0.2644
    c = 500.0
    d = 0.28786
    pc = 38.0
    tc = 500.0
    vc = 0.276
    vc_rat = 1.168
/

&rkpr
    ac = 21.488784652772758
    b = 0.08044390555567983
    del1 = 3.0883725862515603
    k = 1.5855150726366807
/

&soaveredlichkwong
    ac = 19.442038565088836
    b = 0.09478536366497921
    k = 0.718478271203425
/
