&names
    formula_extended = 'CH3-CHCH2O-'
    iupac = '1,2-Propylene Oxide'
/

&pengrobinson
    ac = 14.94131044445559
    b = 0.06340149357807785
    k = 0.7690037861705932
/

&pure
    a = 1.4855
    acentric_factor = 0.268304
    b = 0.2763
    c = 482.25
    d = 0.29365
    pc = 49.2
    tc = 482.25
    vc = 0.186
    vc_rat = 1.168
/

&rkpr
    ac = 16.58985907574753
    b = 0.05241702278555073
    del1 = 4.767206696157984
    k = 1.6236809196008708
/

&soaveredlichkwong
    ac = 13.968982010785142
    b = 0.07060931633506409
    k = 0.8897127646272
/
