&names
    formula_extended = 'C6H4(OH)2'
    iupac = '1,2-Benzenediol'
/

&pengrobinson
    ac = 24.632824860453557
    b = 0.0659787215664128
    k = 1.3362869149437093
/

&pure
    a = 0.8419
    acentric_factor = 0.693731
    b = 0.25257
    c = 764.0
    d = 0.2669
    pc = 74.9
    tc = 764.0
    vc = 0.3
    vc_rat = 1.168
/

&rkpr
    ac = 22.727833535855126
    b = 0.07496201140443687
    del1 = 0.41421356237309515
    k = 4.225277327910834
/

&soaveredlichkwong
    ac = 23.029806430277574
    b = 0.07347953746119294
    k = 1.487711621436825
/
