&names
    formula_extended = 'CH2ClCHClCH3'
    iupac = '1,2-Dichloropropane'
/

&pengrobinson
    ac = 24.391332166898824
    b = 0.0872614705474387
    k = 0.7523180294497205
/

&pure
    a = 0.89833
    acentric_factor = 0.256391
    b = 0.26142
    c = 572.0
    d = 0.2868
    pc = 42.4
    tc = 572.0
    vc = 0.291
    vc_rat = 1.168
/

&rkpr
    ac = 24.668601507933417
    b = 0.08560885547123398
    del1 = 2.642446326246312
    k = 2.1001599602397363
/

&soaveredlichkwong
    ac = 22.80402923994726
    b = 0.09718182380292395
    k = 0.872055573645825
/
