&names
    formula_extended = 'CH3CH2OCH2CH2OCH2CH3'
    iupac = '1,2-Diethoxyethane'
/

&pengrobinson
    ac = 33.952161007366186
    b = 0.12384760036215635
    k = 1.0550388750345292
/

&pure
    a = 0.6953
    acentric_factor = 0.481796
    b = 0.2795
    c = 561.0
    d = 0.2573
    pc = 29.3
    tc = 561.0
    vc = 0.402
    vc_rat = 1.168
/

&rkpr
    ac = 35.05938639595141
    b = 0.11720503423856875
    del1 = 3.073297003259292
    k = 2.804540311811297
/

&soaveredlichkwong
    ac = 31.742672645903923
    b = 0.1379272616116059
    k = 1.1977246115172002
/
