&names
    formula_extended = 'CClF2CClF2'
    iupac = '1,2-Dichlorotetrafluoroethane'
/

&pengrobinson
    ac = 17.01017411563914
    b = 0.08310617133965931
    k = 0.7462160182734642
/

&pure
    a = 0.91836
    acentric_factor = 0.252048
    b = 0.27163
    c = 418.85
    d = 0.27663
    pc = 32.6
    tc = 418.85
    vc = 0.294
    vc_rat = 1.168
/

&rkpr
    ac = 16.40260196705324
    b = 0.08819721842522657
    del1 = 1.6876115888300605
    k = 2.3456551930493066
/

&soaveredlichkwong
    ac = 15.903211241411567
    b = 0.09255412783441157
    k = 0.8656061179968001
/
