&names
    formula_extended = 'CH3O(CH2)2OCH3'
    iupac = '1,2-Dimethoxyethane'
/

&pengrobinson
    ac = 23.474833785569093
    b = 0.08959819307505805
    k = 0.8779618576286956
/

&pure
    a = 1.1
    acentric_factor = 0.347486
    b = 0.29769
    c = 536.15
    d = 0.3024
    pc = 38.7061
    tc = 536.15
    vc = 0.270636
    vc_rat = 1.168
/

&rkpr
    ac = 25.545697103045715
    b = 0.07702398573690103
    del1 = 4.260509485590772
    k = 2.0219660287122845
/

&soaveredlichkwong
    ac = 21.94717338052969
    b = 0.09978419751414826
    k = 1.0058123229657001
/
