&names
    formula_extended = 'CH3CH(NH2)CH3NH2'
    iupac = '1,2-Propanediamine'
/

&pengrobinson
    ac = 20.666879479362716
    b = 0.0720476535662044
    k = 1.0447874188356077
/

&pure
    a = 0.6704
    acentric_factor = 0.473814
    b = 0.21184
    c = 587.0
    d = 0.2562
    pc = 52.7
    tc = 587.0
    vc = 0.316
    vc_rat = 1.168
/

&rkpr
    ac = 19.068596442896457
    b = 0.08185725488567344
    del1 = 0.41421356237309515
    k = 3.4495778778105133
/

&soaveredlichkwong
    ac = 19.321950958686575
    b = 0.08023841828884351
    k = 1.1864957873457
/
