&names
    formula_extended = 'CH3CH2-CHCH2O-'
    iupac = '1,2-Epoxybutane'
/

&pengrobinson
    ac = 19.921236330166334
    b = 0.07750211943614688
    k = 0.721499471502672
/

&pure
    a = 1.0038
    acentric_factor = 0.23453
    b = 0.25703
    c = 526.0
    d = 0.28571
    pc = 43.9
    tc = 526.0
    vc = 0.258
    vc_rat = 1.168
/

&rkpr
    ac = 20.175380340586127
    b = 0.07585626310368952
    del1 = 2.6704213277998488
    k = 2.0081723997067127
/

&soaveredlichkwong
    ac = 18.624831668092185
    b = 0.0863129771724649
    k = 0.8395244638424999
/
