&names
    formula_extended = 'HSCH2CH2SH'
    iupac = '1,2-Ethanedithiol'
/

&pengrobinson
    ac = 25.922183862738247
    b = 0.08000941482012443
    k = 0.753236031823812
/

&pure
    a = 1.5248
    acentric_factor = 0.257045
    b = 0.31868
    c = 663.0
    d = 0.38391
    pc = 53.6
    tc = 663.0
    vc = 0.209
    vc_rat = 1.168
/

&rkpr
    ac = 30.994947370601796
    b = 0.0566108066235762
    del1 = 6.980083240987595
    k = 1.1664808386642762
/

&soaveredlichkwong
    ac = 24.235258440348233
    b = 0.08910531537968232
    k = 0.873026206895625
/
