&names
    formula_extended = 'C6H5OCH2-CHCH2O-'
    iupac = '1,2-Epoxy-3-Phenoxypropane'
/

&pengrobinson
    ac = 55.54593689898877
    b = 0.15787117298045564
    k = 1.2075866031550035
/

&pure
    a = 0.51385
    acentric_factor = 0.594274
    b = 0.23826
    c = 720.0
    d = 0.28571
    pc = 29.5
    tc = 720.0
    vc = 0.464
    vc_rat = 1.168
/

&rkpr
    ac = 61.59729497627206
    b = 0.1308424718110714
    del1 = 4.734635747141358
    k = 2.7381533623723557
/

&soaveredlichkwong
    ac = 51.93120082730821
    b = 0.17581881694059873
    k = 1.3535839982617002
/
