&names
    formula_extended = '-CClFCClFCF2CF2-'
    iupac = '1,2-Dichlorohexafluorocyclobutane'
/

&pengrobinson
    ac = 28.599566478197808
    b = 0.11775682756679642
    k = 0.7192790665935955
/

&pure
    a = 0.66066
    acentric_factor = 0.232962
    b = 0.255
    c = 497.0
    d = 0.28571
    pc = 27.3
    tc = 497.0
    vc = 0.386
    vc_rat = 1.168
/

&rkpr
    ac = 29.312125928720278
    b = 0.11290894890848958
    del1 = 2.916267258577554
    k = 1.9367167073936336
/

&soaveredlichkwong
    ac = 26.738406322214374
    b = 0.13114405700928916
    k = 0.8371847116472999
/
