&names
    formula_extended = 'CH3CH2CH(OH)CH2OH'
    iupac = '1,2-Butanediol'
/

&pengrobinson
    ac = 28.053653055160343
    b = 0.08442353726775272
    k = 1.254719501776544
/

&pure
    a = 0.81696
    acentric_factor = 0.630463
    b = 0.24755
    c = 680.0
    d = 0.24535
    pc = 52.1
    tc = 680.0
    vc = 0.303
    vc_rat = 1.168
/

&rkpr
    ac = 26.72531328608733
    b = 0.09132947375985154
    del1 = 1.4360805903018907
    k = 3.811175854620905
/

&soaveredlichkwong
    ac = 26.228019042985714
    b = 0.09402125900587571
    k = 1.402789132985425
/
