&names
    formula_extended = 'C6H3Cl2NO2'
    iupac = '1,2-Dichloro-4-Nitrobenzene'
/

&pengrobinson
    ac = 50.44814829864874
    b = 0.1361943402398136
    k = 1.1342031369912844
/

&pure
    a = 0.5576
    acentric_factor = 0.538462
    b = 0.24309
    c = 758.0
    d = 0.27433
    pc = 36.0
    tc = 758.0
    vc = 0.436
    vc_rat = 1.168
/

&rkpr
    ac = 52.63858672269466
    b = 0.12653177963526666
    del1 = 3.296197623746674
    k = 2.9349895252985005
/

&soaveredlichkwong
    ac = 47.16515855024941
    b = 0.1516776452781145
    k = 1.2767994560473
/
