&names
    formula_extended = 'CH3CH2CHClCH2Cl'
    iupac = '1,2-Dichlorobutane'
/

&pengrobinson
    ac = 30.921745518572035
    b = 0.10546194752996925
    k = 0.8113753464874919
/

&pure
    a = 0.78621
    acentric_factor = 0.298805
    b = 0.26966
    c = 600.0
    d = 0.25507
    pc = 36.8
    tc = 600.0
    vc = 0.343
    vc_rat = 1.168
/

&rkpr
    ac = 31.882204167807068
    b = 0.10006935732554242
    del1 = 3.0415603429396114
    k = 2.1533026404968743
/

&soaveredlichkwong
    ac = 28.90946604026254
    b = 0.11745142888921337
    k = 0.934694295095625
/
