&names
    formula_extended = 'CH2BrCH2Br'
    iupac = '1,2-Dibromoethane'
/

&pengrobinson
    ac = 24.395046030287023
    b = 0.07678406686468713
    k = 0.6819271757374541
/

&pure
    a = 1.0132
    acentric_factor = 0.206724
    b = 0.26634
    c = 650.15
    d = 0.28571
    pc = 54.769
    tc = 650.15
    vc = 0.2616
    vc_rat = 1.168
/

&rkpr
    ac = 24.25840646047388
    b = 0.07750806975706323
    del1 = 2.301866778326338
    k = 1.9986327529840544
/

&soaveredlichkwong
    ac = 22.8075014180439
    b = 0.08551329252306512
    k = 0.7979049838692
/
