&names
    formula_extended = 'CBrF2CBrF2'
    iupac = '1,2-Dibromotetrafluoroethane'
/

&pengrobinson
    ac = 22.167108749274192
    b = 0.092993007102288
    k = 0.7336146011575122
/

&pure
    a = 0.76753
    acentric_factor = 0.243102
    b = 0.26172
    c = 487.8
    d = 0.26547
    pc = 33.93
    tc = 487.8
    vc = 0.341
    vc_rat = 1.168
/

&rkpr
    ac = 20.73177498712158
    b = 0.1035098424478392
    del1 = 1.0092165142077696
    k = 2.476583877782026
/

&soaveredlichkwong
    ac = 20.72455053396167
    b = 0.10356495225697146
    k = 0.8523002960792999
/
