&names
    formula_extended = '(C6H5)CH2CH2(C6H5)'
    iupac = '1,2-Diphenylethane'
/

&pengrobinson
    ac = 72.56925272796346
    b = 0.1903886630125935
    k = 1.0635904292073002
/

&pure
    a = 0.40862
    acentric_factor = 0.488475
    b = 0.25179
    c = 780.0
    d = 0.28571
    pc = 26.5
    tc = 780.0
    vc = 0.616
    vc_rat = 1.168
/

&rkpr
    ac = 75.11869837298187
    b = 0.17940486744867493
    del1 = 3.1249993396285625
    k = 2.812950326535823
/

&soaveredlichkwong
    ac = 67.84669856513236
    b = 0.21203307011547048
    k = 1.207103280515625
/
