&names
    formula_extended = 'CH2FCH2F'
    iupac = '1,2-Difluoroethane'
/

&pengrobinson
    ac = 14.422468929365095
    b = 0.06632276700271797
    k = 0.7043277271175347
/

&pure
    a = 1.173
    acentric_factor = 0.222428
    b = 0.22856
    c = 445.0
    d = 0.28571
    pc = 43.4
    tc = 445.0
    vc = 0.195
    vc_rat = 1.168
/

&rkpr
    ac = 15.989772313978401
    b = 0.05499439715452106
    del1 = 4.728272552871301
    k = 1.4651474934950857
/

&soaveredlichkwong
    ac = 13.48390489404288
    b = 0.07386269583294
    k = 0.8214436843427999
/
