&names
    formula_extended = 'C6H3(NO2)3'
    iupac = '1,3,5-Trinitrobenzene'
/

&pengrobinson
    ac = 66.73449024688519
    b = 0.16142211013082725
    k = 1.5485573167126656
/

&pure
    a = 0.48195
    acentric_factor = 0.862257
    b = 0.23093
    c = 846.0
    d = 0.28571
    pc = 33.9
    tc = 846.0
    vc = 0.479
    vc_rat = 1.168
/

&rkpr
    ac = 73.52206242762455
    b = 0.1355102924746546
    del1 = 4.566879217065853
    k = 3.5890534592675087
/

&soaveredlichkwong
    ac = 62.39164210014661
    b = 0.1797734437228172
    k = 1.7070822695414252
/
