&names
    formula_extended = '(C6H3)(CH2CH3)3'
    iupac = '1,3,5-Triethylbenzene'
/

&pengrobinson
    ac = 63.17436296426339
    b = 0.19067520113418437
    k = 1.0933565560949239
/

&pure
    a = 0.43729
    acentric_factor = 0.507674
    b = 0.25932
    c = 678.0
    d = 0.28571
    pc = 23.0
    tc = 678.0
    vc = 0.593
    vc_rat = 1.168
/

&rkpr
    ac = 67.33399793428748
    b = 0.17043487618041145
    del1 = 3.769735287241813
    k = 2.7005670679138514
/

&soaveredlichkwong
    ac = 59.06319549889796
    b = 0.21235218343169776
    k = 1.2339756202016998
/
