&names
    formula_extended = '(C6H3)Cl3'
    iupac = '1,3,5-Trichlorobenzene'
/

&pengrobinson
    ac = 43.80415108058249
    b = 0.12484577788601518
    k = 0.8942855727683879
/

&pure
    a = 0.57608
    acentric_factor = 0.359565
    b = 0.24484
    c = 718.0
    d = 0.28142
    pc = 37.2
    tc = 718.0
    vc = 0.425
    vc_rat = 1.168
/

&rkpr
    ac = 43.58700167565817
    b = 0.12588723118897488
    del1 = 2.314785938333803
    k = 2.583029575925905
/

&soaveredlichkwong
    ac = 40.95352952588135
    b = 0.1390389173244781
    k = 1.023330086885625
/
