&names
    formula_extended = 'CH3CH(OH)CH2CH2OH'
    iupac = '1,3-Butanediol'
/

&pengrobinson
    ac = 35.931608440263595
    b = 0.10877096916722796
    k = 1.3497546824571935
/

&pure
    a = 0.81856
    acentric_factor = 0.704256
    b = 0.24967
    c = 676.0
    d = 0.22023
    pc = 40.2
    tc = 676.0
    vc = 0.305
    vc_rat = 1.168
/

&rkpr
    ac = 41.10853209544256
    b = 0.08464349839722277
    del1 = 5.588468768140146
    k = 2.877642843369863
/

&soaveredlichkwong
    ac = 33.593304535538444
    b = 0.12113663790179031
    k = 1.5017030541312
/
