&names
    formula_extended = 'CClF2CF2CClF2'
    iupac = '1,3-Dichlorohexafluoropropane'
/

&pengrobinson
    ac = 24.795272083123514
    b = 0.11300705910682153
    k = 0.8522211702968908
/

&pure
    a = 0.75245
    acentric_factor = 0.328556
    b = 0.27766
    c = 449.0
    d = 0.26735
    pc = 25.7
    tc = 449.0
    vc = 0.369
    vc_rat = 1.168
/

&rkpr
    ac = 25.488351771420273
    b = 0.10779722031886607
    del1 = 2.9780830766500874
    k = 2.2811891322606543
/

&soaveredlichkwong
    ac = 23.181682153602814
    b = 0.1258543093269942
    k = 0.9782560611012
/
