&names
    formula_extended = '-OCH2CH2CH2OCH2-'
    iupac = '1,3-Dioxane'
/

&pengrobinson
    ac = 21.365158243395314
    b = 0.07410322992785412
    k = 0.7979394564415468
/

&pure
    a = 1.1467
    acentric_factor = 0.289094
    b = 0.27407
    c = 590.0
    d = 0.3316
    pc = 51.5
    tc = 590.0
    vc = 0.239
    vc_rat = 1.168
/

&rkpr
    ac = 22.168752091680556
    b = 0.0695330292670942
    del1 = 3.1760591540130836
    k = 2.08128560046442
/

&soaveredlichkwong
    ac = 19.974788173303466
    b = 0.08252768362597414
    k = 0.9204082713537001
/
