&names
    formula_extended = 'H2N(CH2)3NH2'
    iupac = '1,3-Propanediamine'
/

&pengrobinson
    ac = 22.82162249250698
    b = 0.07681145178432759
    k = 1.0914876007012642
/

&pure
    a = 0.63353
    acentric_factor = 0.50627
    b = 0.20019
    c = 608.0
    d = 0.28571
    pc = 51.2
    tc = 608.0
    vc = 0.316
    vc_rat = 1.168
/

&rkpr
    ac = 21.056701371694622
    b = 0.0872696649457249
    del1 = 0.41421356237309515
    k = 3.569072545182621
/

&soaveredlichkwong
    ac = 21.33647080287109
    b = 0.08554379070764374
    k = 1.2320148502425001
/
