&names
    formula_extended = 'Cl(CH2)3Cl'
    iupac = '1,3-Dichloropropane'
/

&pengrobinson
    ac = 27.69464784193162
    b = 0.09398565463731041
    k = 0.8014614212305996
/

&pure
    a = 0.8947
    acentric_factor = 0.291636
    b = 0.26035
    c = 603.0
    d = 0.27904
    pc = 41.5
    tc = 603.0
    vc = 0.291
    vc_rat = 1.168
/

&rkpr
    ac = 29.612913695209876
    b = 0.0835120289353328
    del1 = 3.843502709207229
    k = 1.9211617601546485
/

&soaveredlichkwong
    ac = 25.892376638391198
    b = 0.10467044930213656
    k = 0.9241510416132
/
