&names
    formula_extended = '-CH2CH2CH2O-'
    iupac = '1,3-Propylene Oxide'
/

&pengrobinson
    ac = 14.864426645727779
    b = 0.058496226896622934
    k = 0.673026618713808
/

&pure
    a = 1.3299
    acentric_factor = 0.20051
    b = 0.25347
    c = 520.0
    d = 0.28571
    pc = 57.5
    tc = 520.0
    vc = 0.188
    vc_rat = 1.168
/

&rkpr
    ac = 15.464408372008654
    b = 0.05463109188306175
    del1 = 3.232862649011629
    k = 1.7301182008915859
/

&soaveredlichkwong
    ac = 13.897101541843535
    b = 0.065146392557217
    k = 0.7885669944825
/
