&names
    formula_extended = 'C6H5NN(NH)C6H5'
    iupac = '1,3-Diphenyltriazene'
/

&pengrobinson
    ac = 79.75103021745787
    b = 0.1931357314718447
    k = 1.2375669740926232
/

&pure
    a = 0.40281
    acentric_factor = 0.617262
    b = 0.259
    c = 845.0
    d = 0.28571
    pc = 28.3
    tc = 845.0
    vc = 0.642
    vc_rat = 1.168
/

&rkpr
    ac = 80.86030564656481
    b = 0.18866708912803687
    del1 = 2.6936204068410023
    k = 3.376810334923449
/

&soaveredlichkwong
    ac = 74.56111099429359
    b = 0.2150924400906348
    k = 1.3848932220873
/
