&names
    formula_extended = 'CH3CClCHCH2Cl'
    iupac = '1,3-Dichloro-Trans-2-Butene'
/

&pengrobinson
    ac = 31.833753407825082
    b = 0.1055809874707438
    k = 0.7250142839179756
/

&pure
    a = 0.78381
    acentric_factor = 0.237014
    b = 0.25866
    c = 617.0
    d = 0.29515
    pc = 37.8
    tc = 617.0
    vc = 0.33
    vc_rat = 1.168
/

&rkpr
    ac = 33.807208916090424
    b = 0.09500469889019347
    del1 = 3.6872084176534665
    k = 1.7566179938271604
/

&soaveredlichkwong
    ac = 29.762123633184547
    b = 0.11758400193064035
    k = 0.8432292996657
/
