&names
    formula_extended = '-CH(CH)3CH2CH2-'
    iupac = '1,3-Cyclohexadiene'
/

&pengrobinson
    ac = 20.807340619950875
    b = 0.07630718165466527
    k = 0.716264954633028
/

&pure
    a = 0.93405
    acentric_factor = 0.230835
    b = 0.25874
    c = 558.0
    d = 0.3149
    pc = 47.3
    tc = 558.0
    vc = 0.277
    vc_rat = 1.168
/

&rkpr
    ac = 19.630758887400816
    b = 0.08380468359379775
    del1 = 1.2224389399626494
    k = 2.3794752673405233
/

&soaveredlichkwong
    ac = 19.453271377560437
    b = 0.08498219243772596
    k = 0.834009450485625
/
