&names
    formula_extended = 'C6H4(OH)2'
    iupac = '1,3-Benzenediol'
/

&pengrobinson
    ac = 27.688379551930417
    b = 0.0699512623937099
    k = 1.3144151505100716
/

&pure
    a = 0.8551
    acentric_factor = 0.676686
    b = 0.25652
    c = 810.0
    d = 0.24327
    pc = 74.9
    tc = 810.0
    vc = 0.3
    vc_rat = 1.168
/

&rkpr
    ac = 25.547085439808647
    b = 0.07947543093925898
    del1 = 0.41421356237309515
    k = 4.168005628174679
/

&soaveredlichkwong
    ac = 25.886516266866852
    b = 0.07790369809367315
    k = 1.4649705740457
/
