&names
    formula_extended = 'ClCH2CH(OH)CH2Cl'
    iupac = '1,3-Dichloro-2-Propanol'
/

&pengrobinson
    ac = 28.145192658972388
    b = 0.09098788113118945
    k = 1.3439462670826918
/

&pure
    a = 0.79257
    acentric_factor = 0.699714
    b = 0.24412
    c = 633.0
    d = 0.28571
    pc = 45.0
    tc = 633.0
    vc = 0.308
    vc_rat = 1.168
/

&rkpr
    ac = 28.131716474641845
    b = 0.09106099087825928
    del1 = 2.4046115263073076
    k = 3.7363385456069107
/

&soaveredlichkwong
    ac = 26.31360156827213
    b = 0.1013318727821071
    k = 1.4956698916857
/
