&names
    formula_extended = 'CH2CHCHCH2'
    iupac = '1,3-Butadiene'
/

&pengrobinson
    ac = 13.216103553366011
    b = 0.06363521833984254
    k = 0.6651629754420019
/

&pure
    a = 1.2346
    acentric_factor = 0.195032
    b = 0.27216
    c = 425.0
    d = 0.28707
    pc = 43.2
    tc = 425.0
    vc = 0.221
    vc_rat = 1.168
/

&rkpr
    ac = 12.939874845358332
    b = 0.06589545354042858
    del1 = 1.9933692072228923
    k = 2.0352925188569593
/

&soaveredlichkwong
    ac = 12.35604557417856
    b = 0.07086961218469509
    k = 0.7803238088208
/
