&names
    formula_extended = 'HOCH2CH2CH2OH'
    iupac = '1,3-Propylene Glycol'
/

&pengrobinson
    ac = 17.440657226464992
    b = 0.04929550456895573
    k = 1.3933605139641037
/

&pure
    a = 1.3438
    acentric_factor = 0.738488
    b = 0.29159
    c = 724.0
    d = 0.22046
    pc = 95.0
    tc = 724.0
    vc = 0.217
    vc_rat = 1.168
/

&rkpr
    ac = 16.0918756352375
    b = 0.05600730186876882
    del1 = 0.41421356237309515
    k = 4.373382351207024
/

&soaveredlichkwong
    ac = 16.30568001103041
    b = 0.05489968263475596
    k = 1.5469413199248
/
