&names
    formula_extended = 'HO(CH2)4OH'
    iupac = '1,4-Butanediol'
/

&pengrobinson
    ac = 28.816495643558813
    b = 0.08840938453864798
    k = 1.9268701201817628
/

&pure
    a = 0.87669
    acentric_factor = 1.17696
    b = 0.26038
    c = 667.0
    d = 0.18382
    pc = 48.8
    tc = 667.0
    vc = 0.297
    vc_rat = 1.168
/

&rkpr
    ac = 28.976782029977766
    b = 0.08758718643658191
    del1 = 2.5257977504329823
    k = 5.056786496836063
/

&soaveredlichkwong
    ac = 26.941218493195464
    b = 0.09846023883002308
    k = 2.0901189427199998
/
