&names
    formula_extended = 'ClCH2CHCHCH2Cl'
    iupac = '1,4-Dichloro-Cis-2-Butene'
/

&pengrobinson
    ac = 34.2513321788787
    b = 0.10951674551260297
    k = 0.854090566174718
/

&pure
    a = 0.71036
    acentric_factor = 0.329926
    b = 0.24337
    c = 640.0
    d = 0.28571
    pc = 37.8
    tc = 640.0
    vc = 0.343
    vc_rat = 1.168
/

&rkpr
    ac = 36.32071452739177
    b = 0.09881484477928375
    del1 = 3.6536104007171972
    k = 2.10819438160156
/

&soaveredlichkwong
    ac = 32.02237479977722
    b = 0.12196719811281981
    k = 0.9802545700417
/
