&names
    formula_extended = '-CHCHCH2CHCHCH2-'
    iupac = '1,4-Cyclohexadiene'
/

&pengrobinson
    ac = 21.635787716164728
    b = 0.07781144509230203
    k = 0.679216533423312
/

&pure
    a = 0.94732
    acentric_factor = 0.20483
    b = 0.2626
    c = 569.0
    d = 0.2887
    pc = 47.3
    tc = 569.0
    vc = 0.277
    vc_rat = 1.168
/

&rkpr
    ac = 20.75377461727184
    b = 0.0832689925360488
    del1 = 1.5802223764899033
    k = 2.1846677653622972
/

&soaveredlichkwong
    ac = 20.227806022759037
    b = 0.0866574686327349
    k = 0.7950602374425
/
