&names
    formula_extended = 'NCCH2CHCHCH2CN'
    iupac = '1,4-Dicyano-2-Butene'
/

&pengrobinson
    ac = 61.0774935973111
    b = 0.16554546611145002
    k = 1.3017013588688795
/

&pure
    a = 0.4699
    acentric_factor = 0.666805
    b = 0.2004
    c = 755.0
    d = 0.28571
    pc = 29.5
    tc = 755.0
    vc = 0.426
    vc_rat = 1.168
/

&rkpr
    ac = 73.68404186036774
    b = 0.11479393543185766
    del1 = 7.292536268221165
    k = 2.421085473058911
/

&soaveredlichkwong
    ac = 57.10278308562184
    b = 0.18436556498632226
    k = 1.4517410110956248
/
