&names
    formula_extended = '(CH3)3C(C6H4)C(CH3)3'
    iupac = '1,4-Di-Tert-Butylbenzene'
/

&pengrobinson
    ac = 68.88870153609551
    b = 0.19911215693658194
    k = 1.0862412138937765
/

&pure
    a = 0.33977
    acentric_factor = 0.502331
    b = 0.24872
    c = 708.0
    d = 0.27736
    pc = 23.0
    tc = 708.0
    vc = 0.732
    vc_rat = 1.168
/

&rkpr
    ac = 64.28506209111185
    b = 0.22238298068639964
    del1 = 0.949054673847043
    k = 3.486877682063581
/

&soaveredlichkwong
    ac = 64.40566482313848
    b = 0.22174829774283486
    k = 1.226510118126825
/
