&names
    formula_extended = 'CH2CHCH2CHCH2'
    iupac = '1,4-Pentadiene'
/

&pengrobinson
    ac = 19.39138121344192
    b = 0.08284308562835445
    k = 0.5017649247549668
/

&pure
    a = 0.7499
    acentric_factor = 0.0836524
    b = 0.22721
    c = 479.0
    d = 0.3373
    pc = 37.4
    tc = 479.0
    vc = 0.303
    vc_rat = 1.168
/

&rkpr
    ac = 18.17632666701912
    b = 0.09189751524050577
    del1 = 1.0666835624830122
    k = 1.7979481038656107
/

&soaveredlichkwong
    ac = 18.129457676542977
    b = 0.09226113312459634
    k = 0.610444275895492
/
