&names
    formula_extended = 'CH2CHCH2CHCHCH3'
    iupac = '1,4-Hexadiene'
/

&pengrobinson
    ac = 24.541712532769942
    b = 0.09847312593246083
    k = 0.785242907216722
/

&pure
    a = 0.80392
    acentric_factor = 0.279951
    b = 0.26551
    c = 510.0
    d = 0.28995
    pc = 33.5
    tc = 510.0
    vc = 0.331
    vc_rat = 1.168
/

&rkpr
    ac = 24.666935163065006
    b = 0.0976328141559019
    del1 = 2.516567671752854
    k = 2.225095198734803
/

&soaveredlichkwong
    ac = 22.94462337547762
    b = 0.10966808046730131
    k = 0.906927675579825
/
