&names
    formula_extended = 'HOCH2(C6H10)CH2OH'
    iupac = '1,4-Cyclohexanedimethanol'
/

&pengrobinson
    ac = 46.93661293241287
    b = 0.1326649556388327
    k = 1.9392078310270768
/

&pure
    a = 0.58641
    acentric_factor = 1.18754
    b = 0.261
    c = 724.0
    d = 0.28571
    pc = 35.3
    tc = 724.0
    vc = 0.445
    vc_rat = 1.168
/

&rkpr
    ac = 47.25367093769053
    b = 0.13116772343603358
    del1 = 2.5497424959759534
    k = 5.074847505177916
/

&soaveredlichkwong
    ac = 43.88214167274473
    b = 0.14774702125500896
    k = 2.10239399097
/
