&names
    formula_extended = 'CH2ClCH2CH2CH2Cl'
    iupac = '1,4-Dichlorobutane'
/

&pengrobinson
    ac = 35.976439220631214
    b = 0.11485322197114212
    k = 0.8487826600323155
/

&pure
    a = 0.76766
    acentric_factor = 0.326038
    b = 0.2633
    c = 641.0
    d = 0.28138
    pc = 36.1
    tc = 641.0
    vc = 0.343
    vc_rat = 1.168
/

&rkpr
    ac = 39.46113958291676
    b = 0.09724549062109762
    del1 = 4.455811428162917
    k = 1.9000331377671502
/

&soaveredlichkwong
    ac = 33.63521788489375
    b = 0.12791035391421404
    k = 0.9745811759473
/
