&names
    formula_extended = 'ClCH2CHCHCH2Cl'
    iupac = '1,4-Dichloro-Trans-2-Butene'
/

&pengrobinson
    ac = 34.89655502822496
    b = 0.11054346500178364
    k = 0.8517065675254133
/

&pure
    a = 0.70377
    acentric_factor = 0.328179
    b = 0.24324
    c = 646.0
    d = 0.28571
    pc = 37.8
    tc = 646.0
    vc = 0.346
    vc_rat = 1.168
/

&rkpr
    ac = 37.021720464900284
    b = 0.09965829239091893
    del1 = 3.6638712569782257
    k = 2.099245089320478
/

&soaveredlichkwong
    ac = 32.62560879380818
    b = 0.12311064059512751
    k = 0.977705991192825
/
