&names
    formula_extended = 'HOOC(C6H10)COOH'
    iupac = '1,4-Cyclohexanedicarboxylic Acid'
/

&pengrobinson
    ac = 73.04436794277026
    b = 0.1681388258202948
    k = 1.7604655706966366
/

&pure
    a = 0.46269
    acentric_factor = 1.03623
    b = 0.215
    c = 889.0
    d = 0.28571
    pc = 34.2
    tc = 889.0
    vc = 0.464
    vc_rat = 1.168
/

&rkpr
    ac = 84.42833958694217
    b = 0.1280694440722657
    del1 = 5.890447476750899
    k = 3.731856105603572
/

&soaveredlichkwong
    ac = 68.29089493688699
    b = 0.18725375177370335
    k = 1.9231158127424997
/
