&names
    formula_extended = '-OCH2CH2OCH2CH2-'
    iupac = '1,4-Dioxane'
/

&pengrobinson
    ac = 20.912512212945508
    b = 0.07290396388201018
    k = 0.7842842896472916
/

&pure
    a = 1.1819
    acentric_factor = 0.279262
    b = 0.2813
    c = 587.0
    d = 0.3047
    pc = 52.081
    tc = 587.0
    vc = 0.238
    vc_rat = 1.168
/

&rkpr
    ac = 21.50064789325123
    b = 0.06952267910444919
    del1 = 2.981580119429264
    k = 2.0959057795353555
/

&soaveredlichkwong
    ac = 19.551598769662302
    b = 0.08119207856650319
    k = 0.9059106166873
/
