&names
    formula_extended = '-CHCH(CH2)2CHCH(CH2)2CHCH(CH2)2-'
    iupac = '1,5,9-Cyclododecatriene'
/

&pengrobinson
    ac = 58.67467284254851
    b = 0.16116748904579917
    k = 0.9524207720399085
/

&pure
    a = 0.48271
    acentric_factor = 0.403066
    b = 0.27173
    c = 745.0
    d = 0.28571
    pc = 29.9
    tc = 745.0
    vc = 0.563
    vc_rat = 1.168
/

&rkpr
    ac = 57.17387884287597
    b = 0.16819329971874708
    del1 = 1.8979561867030652
    k = 2.8662035183604675
/

&soaveredlichkwong
    ac = 54.85632953503149
    b = 0.17948987594351581
    k = 1.0859949989377
/
