&names
    formula_extended = 'CH2OH(CH2)3CH2OH'
    iupac = '1,5-Pentanediol'
/

&pengrobinson
    ac = 34.497796128253825
    b = 0.10489609547414579
    k = 1.9788020103413406
/

&pure
    a = 0.77482
    acentric_factor = 1.22163
    b = 0.26731
    c = 673.0
    d = 0.18106
    pc = 41.5
    tc = 673.0
    vc = 0.345
    vc_rat = 1.168
/

&rkpr
    ac = 35.26625874295612
    b = 0.10102895118970222
    del1 = 2.8626909888660474
    k = 5.051739124718514
/

&soaveredlichkwong
    ac = 32.25279973391717
    b = 0.11682124772858689
    k = 2.1416791450424997
/
