&names
    formula_extended = 'Cl(CH2)5Cl'
    iupac = '1,5-Dichloropentane'
/

&pengrobinson
    ac = 44.21519670671174
    b = 0.1354497272184282
    k = 0.9171515976356044
/

&pure
    a = 0.6641
    acentric_factor = 0.376584
    b = 0.26298
    c = 668.0
    d = 0.29229
    pc = 31.9
    tc = 668.0
    vc = 0.396
    vc_rat = 1.168
/

&rkpr
    ac = 49.20840760781325
    b = 0.11146740731216508
    del1 = 4.828197558693585
    k = 1.9928300633301819
/

&soaveredlichkwong
    ac = 41.33782573459457
    b = 0.150848380644002
    k = 1.0479255019152
/
