&names
    formula_extended = '-CH2(CH)2(CH2)2(CH)2CH2-'
    iupac = '1,5-Cyclooctadiene'
/

&pengrobinson
    ac = 33.71818132482853
    b = 0.10697627293039955
    k = 0.7933884433440475
/

&pure
    a = 0.70807
    acentric_factor = 0.285813
    b = 0.25915
    c = 645.0
    d = 0.34755
    pc = 39.0
    tc = 645.0
    vc = 0.366
    vc_rat = 1.168
/

&rkpr
    ac = 33.41641337544766
    b = 0.10859131922449983
    del1 = 2.2346301234673707
    k = 2.3261966618077405
/

&soaveredlichkwong
    ac = 31.523919546006272
    b = 0.11913791094505848
    k = 0.915574074580425
/
