&names
    formula_extended = 'CH2CH(CH2)2CHCH2'
    iupac = '1,5-Hexadiene'
/

&pengrobinson
    ac = 24.349605932551874
    b = 0.09808695681115706
    k = 0.7092225288691506
/

&pure
    a = 0.78483
    acentric_factor = 0.225872
    b = 0.26605
    c = 508.0
    d = 0.26902
    pc = 33.5
    tc = 508.0
    vc = 0.339
    vc_rat = 1.168
/

&rkpr
    ac = 23.935107681784704
    b = 0.10091764339784413
    del1 = 2.071971892356717
    k = 2.137059790685904
/

&soaveredlichkwong
    ac = 22.765018403572686
    b = 0.10923800956350797
    k = 0.8265943499328
/
