&names
    formula_extended = 'NCO(C6H3)(C4H3)NCO'
    iupac = '1,5-Naphthalene Diisocyanate'
/

&pengrobinson
    ac = 77.75834756739978
    b = 0.1945255961596903
    k = 1.3826639815413968
/

&pure
    a = 0.39993
    acentric_factor = 0.730069
    b = 0.254
    c = 818.0
    d = 0.28571
    pc = 27.2
    tc = 818.0
    vc = 0.635
    vc_rat = 1.168
/

&rkpr
    ac = 79.94924490507198
    b = 0.18548707576913712
    del1 = 2.98264223200483
    k = 3.65058841072699
/

&soaveredlichkwong
    ac = 72.69810518932456
    b = 0.21664031207075102
    k = 1.5358534756668252
/
