&names
    formula_extended = 'NCO((CH2)6)NCO'
    iupac = '1,6-Hexamethylene Diisocyanate'
/

&pengrobinson
    ac = 55.48136845411292
    b = 0.15751264422800376
    k = 1.3808402459040785
/

&pure
    a = 0.5036
    acentric_factor = 0.728635
    b = 0.26023
    c = 720.8
    d = 0.28571
    pc = 29.6
    tc = 720.8
    vc = 0.513
    vc_rat = 1.168
/

&rkpr
    ac = 57.14425480465214
    b = 0.14973578909218824
    del1 = 3.01930158060105
    k = 3.6348137833896965
/

&soaveredlichkwong
    ac = 51.87083427189205
    b = 0.17541952871143554
    k = 1.5339624214356251
/
