&names
    formula_extended = 'HOCH2(CH2)4CH2OH'
    iupac = '1,6-Hexanediol'
/

&pengrobinson
    ac = 40.845434944894095
    b = 0.12237870609405625
    k = 1.9725346473497143
/

&pure
    a = 0.6357
    acentric_factor = 1.21622
    b = 0.2507
    c = 683.0
    d = 0.28571
    pc = 36.1
    tc = 683.0
    vc = 0.398
    vc_rat = 1.168
/

&rkpr
    ac = 42.115688548094916
    b = 0.11611358139064056
    del1 = 3.042339379670378
    k = 4.97864946221458
/

&soaveredlichkwong
    ac = 38.187356329219895
    b = 0.1362913755435385
    k = 2.13547183953
/
