&names
    formula_extended = '(C6H5)(CH2)2(C6H4)CH2CH3'
    iupac = '1-(4-Ethylphenyl)-2-Phenylethane'
/

&pengrobinson
    ac = 86.58812627537654
    b = 0.2298195656588565
    k = 1.1865532146088662
/

&pure
    a = 0.33851
    acentric_factor = 0.578211
    b = 0.238
    c = 771.0
    d = 0.28571
    pc = 21.7
    tc = 771.0
    vc = 0.704
    vc_rat = 1.168
/

&rkpr
    ac = 93.2970283802869
    b = 0.20131078924175422
    del1 = 4.022486065231474
    k = 2.8672998422513833
/

&soaveredlichkwong
    ac = 80.95327265870213
    b = 0.2559466898300978
    k = 1.331596720908825
/
