&names
    formula_extended = 'CH3CH(OH)CH2NH2'
    iupac = '1-Amino-2-Propanol'
/

&pengrobinson
    ac = 21.016626344577723
    b = 0.07004508515076899
    k = 1.4545905158272447
/

&pure
    a = 0.8321
    acentric_factor = 0.786956
    b = 0.23132
    c = 614.0
    d = 0.2201
    pc = 56.7
    tc = 614.0
    vc = 0.278
    vc_rat = 1.168
/

&rkpr
    ac = 19.39129546654987
    b = 0.07958202807266326
    del1 = 0.41421356237309515
    k = 4.530043304814614
/

&soaveredlichkwong
    ac = 19.648937516303405
    b = 0.07800818712632433
    k = 1.6102912884612
/
