&names
    formula_extended = '(C6H4)(C4H3)Br'
    iupac = '1-Bromonaphthalene'
/

&pengrobinson
    ac = 58.00454425946102
    b = 0.14405151924958393
    k = 0.90731576784565
/

&pure
    a = 0.5752
    acentric_factor = 0.369249
    b = 0.26057
    c = 824.0
    d = 0.30299
    pc = 37.0
    tc = 824.0
    vc = 0.453
    vc_rat = 1.168
/

&rkpr
    ac = 61.32653183375385
    b = 0.13068283008282605
    del1 = 3.5867470169656626
    k = 2.2672334593543795
/

&soaveredlichkwong
    ac = 54.22981058564873
    b = 0.1604280706528556
    k = 1.037337581799825
/
