&names
    formula_extended = 'CH3CH2CH2Br'
    iupac = '1-Bromopropane'
/

&pengrobinson
    ac = 17.354749674791588
    b = 0.06528335868868151
    k = 0.7919821560832
/

&pure
    a = 0.97825
    acentric_factor = 0.2848
    b = 0.26021
    c = 544.0
    d = 0.29165
    pc = 53.9
    tc = 544.0
    vc = 0.266
    vc_rat = 1.168
/

&rkpr
    ac = 16.012611785274412
    b = 0.07417197184724045
    del1 = 0.41421356237309515
    k = 2.719174845093148
/

&soaveredlichkwong
    ac = 16.225363023549455
    b = 0.07270512199192765
    k = 0.914080768
/
