&names
    formula_extended = 'CH3(CH2)6Br'
    iupac = '1-Bromoheptane'
/

&pengrobinson
    ac = 43.4931217125362
    b = 0.13671703379794192
    k = 1.005517686655266
/

&pure
    a = 0.56903
    acentric_factor = 0.443482
    b = 0.26974
    c = 651.0
    d = 0.28571
    pc = 30.8
    tc = 651.0
    vc = 0.477
    vc_rat = 1.168
/

&rkpr
    ac = 42.423603513321346
    b = 0.14244331897488477
    del1 = 1.91817067177194
    k = 3.008896616634316
/

&soaveredlichkwong
    ac = 40.66274086559508
    b = 0.15225976145092568
    k = 1.1436223182432999
/
