&names
    formula_extended = 'CH3CH2CH2CH2Br'
    iupac = '1-Bromobutane'
/

&pengrobinson
    ac = 23.179554940412267
    b = 0.08220766553129057
    k = 0.8441000818141915
/

&pure
    a = 0.82376
    acentric_factor = 0.322613
    b = 0.26278
    c = 577.0
    d = 0.28909
    pc = 45.4
    tc = 577.0
    vc = 0.319
    vc_rat = 1.168
/

&rkpr
    ac = 21.38695294207512
    b = 0.09340059665881432
    del1 = 0.41421356237309515
    k = 2.8700071436040018
/

&soaveredlichkwong
    ac = 21.671110253972294
    b = 0.09155347505367112
    k = 0.969579011140425
/
