&names
    formula_extended = 'CH3(CH2)3OH'
    iupac = '1-Butanol'
/

&pengrobinson
    ac = 22.69832345278698
    b = 0.08250274934696097
    k = 1.201292933700286
/

&pure
    a = 0.97473
    acentric_factor = 0.589462
    b = 0.26799
    c = 563.0
    d = 0.24486
    pc = 44.14
    tc = 563.0
    vc = 0.274
    vc_rat = 1.168
/

&rkpr
    ac = 23.030132974319955
    b = 0.08049741976125671
    del1 = 2.7079091718050687
    k = 3.279849564812302
/

&soaveredlichkwong
    ac = 21.221195635127362
    b = 0.09188210558443882
    k = 1.3470067343473
/
