&names
    formula_extended = 'CH3CH2CH2CHO'
    iupac = '1-Butanal'
/

&pengrobinson
    ac = 21.11531578279867
    b = 0.08043491598156098
    k = 0.7817160474253212
/

&pure
    a = 1.0361
    acentric_factor = 0.277417
    b = 0.26731
    c = 537.2
    d = 0.28397
    pc = 43.2
    tc = 537.2
    vc = 0.258
    vc_rat = 1.168
/

&rkpr
    ac = 22.00001844506991
    b = 0.07492316535301723
    del1 = 3.264643509887429
    k = 2.014433902892555
/

&soaveredlichkwong
    ac = 19.7412045896828
    b = 0.08957918980145461
    k = 0.903186324419425
/
