&names
    formula_extended = 'CH2CHCH2CH3'
    iupac = '1-Butene'
/

&pengrobinson
    ac = 13.83716745785271
    b = 0.06749914432788777
    k = 0.6611272628673001
/

&pure
    a = 1.0968
    acentric_factor = 0.192225
    b = 0.26529
    c = 419.5
    d = 0.28714
    pc = 40.2
    tc = 419.5
    vc = 0.241
    vc_rat = 1.168
/

&rkpr
    ac = 13.240123146324951
    b = 0.07251742940794721
    del1 = 1.528700069018828
    k = 2.146666747136888
/

&soaveredlichkwong
    ac = 12.9366928033205
    b = 0.07517281005887728
    k = 0.7760958211406249
/
