&names
    formula_extended = 'CH2ClCH2CH2CH2CH3'
    iupac = '1-Chloropentane'
/

&pengrobinson
    ac = 30.441159031804567
    b = 0.10967203045027009
    k = 0.8580552397976045
/

&pure
    a = 0.76286
    acentric_factor = 0.332834
    b = 0.26852
    c = 568.0
    d = 0.28422
    pc = 33.5
    tc = 568.0
    vc = 0.352
    vc_rat = 1.168
/

&rkpr
    ac = 31.701755148702574
    b = 0.10224212168218097
    del1 = 3.2545390364470324
    k = 2.2225354437139133
/

&soaveredlichkwong
    ac = 28.46015444786655
    b = 0.12214013667730811
    k = 0.9844944834777001
/
