&names
    formula_extended = 'CF2ClCH3'
    iupac = '1-Chloro-1,1-Difluoroethane'
/

&pengrobinson
    ac = 13.167469867780435
    b = 0.06567414642564612
    k = 0.7160338711580466
/

&pure
    a = 1.1804
    acentric_factor = 0.230672
    b = 0.26738
    c = 410.29
    d = 0.28031
    pc = 40.41
    tc = 410.29
    vc = 0.225
    vc_rat = 1.168
/

&rkpr
    ac = 13.035265631357582
    b = 0.06678720368370758
    del1 = 2.212712416190234
    k = 2.1175033177874156
/

&soaveredlichkwong
    ac = 12.310576799428942
    b = 0.0731403365804486
    k = 0.8337660529727999
/
