&names
    formula_extended = '(C6H4)(C4H3)Cl'
    iupac = '1-Chloronaphthalene'
/

&pengrobinson
    ac = 57.28879876342316
    b = 0.1493423892277329
    k = 0.9253653375047661
/

&pure
    a = 0.61284
    acentric_factor = 0.382726
    b = 0.26597
    c = 785.0
    d = 0.31459
    pc = 34.0
    tc = 785.0
    vc = 0.434
    vc_rat = 1.168
/

&rkpr
    ac = 64.01723069240856
    b = 0.12191522314503432
    del1 = 4.935210407810036
    k = 1.990183096671029
/

&soaveredlichkwong
    ac = 53.56064331309778
    b = 0.16632043518390177
    k = 1.0567768655617
/
