&names
    formula_extended = 'ClC6H3(NO2)2'
    iupac = '1-Chloro-2,4-Dinitrobenzene'
/

&pengrobinson
    ac = 59.97734586345986
    b = 0.15082335724574217
    k = 1.385037610531508
/

&pure
    a = 0.49341
    acentric_factor = 0.731936
    b = 0.23584
    c = 813.77
    d = 0.2422
    pc = 34.9
    tc = 813.77
    vc = 0.478
    vc_rat = 1.168
/

&rkpr
    ac = 63.05062456136786
    b = 0.13825470743306725
    del1 = 3.459516674537518
    k = 3.512564764840123
/

&soaveredlichkwong
    ac = 56.074229133777756
    b = 0.16796976761069943
    k = 1.5383144600832
/
