&names
    formula_extended = 'CH3(CH2)7CHCH2'
    iupac = '1-Decene'
/

&pengrobinson
    ac = 54.20341796467513
    b = 0.17977303272045567
    k = 1.0466316707268404
/

&pure
    a = 0.44235
    acentric_factor = 0.475248
    b = 0.25833
    c = 617.0
    d = 0.28472
    pc = 22.2
    tc = 617.0
    vc = 0.584
    vc_rat = 1.168
/

&rkpr
    ac = 55.93688014304896
    b = 0.17031376406349005
    del1 = 3.0603807369528355
    k = 2.7854458471135315
/

&soaveredlichkwong
    ac = 50.67604834839531
    b = 0.20021059788190113
    k = 1.1885147362368
/
