&names
    formula_extended = 'CH3(CH2)8CHO'
    iupac = '1-Decanal'
/

&pengrobinson
    ac = 55.26032922275187
    b = 0.16772884467366372
    k = 1.1915314197316316
/

&pure
    a = 0.46802
    acentric_factor = 0.582008
    b = 0.27146
    c = 674.2
    d = 0.26869
    pc = 26.0
    tc = 674.2
    vc = 0.58
    vc_rat = 1.168
/

&rkpr
    ac = 54.29607511333968
    b = 0.17269190943001608
    del1 = 2.0633457177919388
    k = 3.4539840322772575
/

&soaveredlichkwong
    ac = 51.66417950368823
    b = 0.18679716176548472
    k = 1.3368022623888
/
