&names
    formula_extended = 'CHC(CH2)7CH3'
    iupac = '1-Decyne'
/

&pengrobinson
    ac = 51.242957197088394
    b = 0.16917283016128076
    k = 1.1068595592326758
/

&pure
    a = 0.46877
    acentric_factor = 0.51783
    b = 0.25875
    c = 619.85
    d = 0.29479
    pc = 23.7
    tc = 619.85
    vc = 0.552
    vc_rat = 1.168
/

&rkpr
    ac = 52.70420791677595
    b = 0.1612189837611184
    del1 = 2.98958423915988
    k = 2.9530618739900367
/

&soaveredlichkwong
    ac = 47.9082440544018
    b = 0.18840530728894683
    k = 1.2481385359425001
/
