&names
    formula_extended = 'CH3(CH2)9OH'
    iupac = '1-Decanol'
/

&pengrobinson
    ac = 64.49870753129632
    b = 0.19203823416662355
    k = 1.2436297811643984
/

&pure
    a = 0.37384
    acentric_factor = 0.621924
    b = 0.24241
    c = 687.3
    d = 0.26646
    pc = 23.15
    tc = 687.3
    vc = 0.649
    vc_rat = 1.168
/

&rkpr
    ac = 64.55152852670118
    b = 0.19177452401277986
    del1 = 2.430637079518474
    k = 3.4738205299110136
/

&soaveredlichkwong
    ac = 60.30135633503995
    b = 0.21387017338952294
    k = 1.3912202201892
/
