&names
    formula_extended = 'CH3(CH2)10CHO'
    iupac = '1-Dodecanal'
/

&pengrobinson
    ac = 65.74440395560981
    b = 0.19002405018843918
    k = 1.312202592308567
/

&pure
    a = 0.38184
    acentric_factor = 0.674965
    b = 0.26156
    c = 708.0
    d = 0.32925
    pc = 24.1
    tc = 708.0
    vc = 0.685
    vc_rat = 1.168
/

&rkpr
    ac = 62.398509556589126
    b = 0.206768290192922
    del1 = 1.355891803630764
    k = 3.9842760815942713
/

&soaveredlichkwong
    ac = 61.465987175609335
    b = 0.21162700614461416
    k = 1.462668803535625
/
