&names
    formula_extended = 'CH3(CH2)11OH'
    iupac = '1-Dodecanol'
/

&pengrobinson
    ac = 82.03988304293898
    b = 0.23336602824745928
    k = 1.3011191631379386
/

&pure
    a = 0.35818
    acentric_factor = 0.666353
    b = 0.25626
    c = 719.4
    d = 0.29963
    pc = 19.94
    tc = 719.4
    vc = 0.716
    vc_rat = 1.168
/

&rkpr
    ac = 88.29648871871228
    b = 0.2048516272326423
    del1 = 3.9957909996664283
    k = 3.1564934005693535
/

&soaveredlichkwong
    ac = 76.70101325141755
    b = 0.2598963333583018
    k = 1.451135015893425
/
