&names
    formula_extended = 'CH3(CH2)9CHCH2'
    iupac = '1-Dodecene'
/

&pengrobinson
    ac = 70.90939790769589
    b = 0.22052657877976573
    k = 1.172269536417281
/

&pure
    a = 0.38131
    acentric_factor = 0.567333
    b = 0.26081
    c = 658.0
    d = 0.30049
    pc = 19.3
    tc = 658.0
    vc = 0.684
    vc_rat = 1.168
/

&rkpr
    ac = 75.7249300656864
    b = 0.19641228304132927
    del1 = 3.814259534227786
    k = 2.8874043422171036
/

&soaveredlichkwong
    ac = 66.29486131424137
    b = 0.24559722622581762
    k = 1.3166554637444252
/
