&names
    formula_extended = 'CH3(CH2)19OH'
    iupac = '1-Eicosanol'
/

&pengrobinson
    ac = 159.13401140548117
    b = 0.40252932465438723
    k = 1.6176485264276406
/

&pure
    a = 0.23038
    acentric_factor = 0.918342
    b = 0.25803
    c = 809.0
    d = 0.36001
    pc = 13.0
    tc = 809.0
    vc = 1.12
    vc_rat = 1.168
/

&rkpr
    ac = 182.9723607202582
    b = 0.3100017693013115
    del1 = 5.734211385326441
    k = 3.4559907725980588
/

&soaveredlichkwong
    ac = 148.77812430784016
    b = 0.44829102304442936
    k = 1.7778837029313
/
