&names
    formula_extended = 'CH3(CH2)17CHCH2'
    iupac = '1-Eicosene'
/

&pengrobinson
    ac = 154.0133065717763
    b = 0.40877742416370383
    k = 1.57094716795871
/

&pure
    a = 0.21275
    acentric_factor = 0.880365
    b = 0.24679
    c = 771.0
    d = 0.33894
    pc = 12.2
    tc = 771.0
    vc = 1.16
    vc_rat = 1.168
/

&rkpr
    ac = 174.83991955742536
    b = 0.3232336994098363
    del1 = 5.366908056520026
    k = 3.438065822658522
/

&soaveredlichkwong
    ac = 143.99065710605214
    b = 0.45524944010763296
    k = 1.730062066685625
/
