&names
    formula_extended = 'CH3CH2(C6H4)CH(CH3)2'
    iupac = '1-Ethyl-2-Isopropylbenzene'
/

&pengrobinson
    ac = 52.510543881884615
    b = 0.16134493006382708
    k = 0.9716612636445165
/

&pure
    a = 0.48218
    acentric_factor = 0.417634
    b = 0.25613
    c = 666.0
    d = 0.28571
    pc = 26.7
    tc = 666.0
    vc = 0.53
    vc_rat = 1.168
/

&rkpr
    ac = 53.73150892329906
    b = 0.15513975084267226
    del1 = 2.882490094274342
    k = 2.6324779109843863
/

&soaveredlichkwong
    ac = 49.09334061355935
    b = 0.17968748941073362
    k = 1.1068327383577
/
