&names
    formula_extended = '(C6H4)(C4H3)CH2CH3'
    iupac = '1-Ethylnaphthalene'
/

&pengrobinson
    ac = 57.331681348863114
    b = 0.151187537310433
    k = 0.9580668971481778
/

&pure
    a = 0.488
    acentric_factor = 0.407332
    b = 0.25375
    c = 776.0
    d = 0.264
    pc = 33.2
    tc = 776.0
    vc = 0.52
    vc_rat = 1.168
/

&rkpr
    ac = 56.57719536425813
    b = 0.15455255384054373
    del1 = 2.149928066063566
    k = 2.807999881952859
/

&soaveredlichkwong
    ac = 53.600735249264524
    b = 0.16837534962366907
    k = 1.0921046803107999
/
