&names
    formula_extended = 'CH2CH(CH2)3CH3'
    iupac = '1-Hexene'
/

&pengrobinson
    ac = 25.012975634731546
    b = 0.10155886984568252
    k = 0.7929678646498081
/

&pure
    a = 0.73479
    acentric_factor = 0.28551
    b = 0.26075
    c = 504.0
    d = 0.28961
    pc = 32.1
    tc = 504.0
    vc = 0.355
    vc_rat = 1.168
/

&rkpr
    ac = 24.360280643277132
    b = 0.10607691236932307
    del1 = 1.8873794001121227
    k = 2.4223237485867593
/

&soaveredlichkwong
    ac = 23.385218316471654
    b = 0.11310462834340695
    k = 0.9151274469824999
/
