&names
    formula_extended = 'CH3(CH2)15OH'
    iupac = '1-Hexadecanol'
/

&pengrobinson
    ac = 116.40319312991333
    b = 0.3093550460879097
    k = 1.4913534536121782
/

&pure
    a = 0.28956
    acentric_factor = 0.816283
    b = 0.26241
    c = 770.0
    d = 0.33171
    pc = 16.1
    tc = 770.0
    vc = 0.907
    vc_rat = 1.168
/

&rkpr
    ac = 129.29972403002054
    b = 0.25555096859850585
    del1 = 4.777922834583121
    k = 3.4021970537860375
/

&soaveredlichkwong
    ac = 108.8280788271216
    b = 0.34452419140835916
    k = 1.648223803184425
/
