&names
    formula_extended = 'CH3(CH2)5CHO'
    iupac = '1-Heptanal'
/

&pengrobinson
    ac = 38.05493347191231
    b = 0.12625530569106796
    k = 0.9852035812394879
/

&pure
    a = 0.59006
    acentric_factor = 0.42794
    b = 0.25609
    c = 616.8
    d = 0.28384
    pc = 31.6
    tc = 616.8
    vc = 0.434
    vc_rat = 1.168
/

&rkpr
    ac = 37.571414243174274
    b = 0.12896765452541323
    del1 = 2.1590770301429654
    k = 2.880736321593596
/

&soaveredlichkwong
    ac = 35.57845097101439
    b = 0.14060868783071193
    k = 1.12152934737
/
