&names
    formula_extended = 'CHC(CH2)3CH3'
    iupac = '1-Hexyne'
/

&pengrobinson
    ac = 23.266804969744463
    b = 0.09223628127029929
    k = 0.857871286187698
/

&pure
    a = 0.84427
    acentric_factor = 0.332699
    b = 0.27185
    c = 516.2
    d = 0.2771
    pc = 36.2
    tc = 516.2
    vc = 0.322
    vc_rat = 1.168
/

&rkpr
    ac = 22.683570801980917
    b = 0.0961755810750266
    del1 = 1.90841919045803
    k = 2.5983296519431045
/

&soaveredlichkwong
    ac = 21.752682355342706
    b = 0.10272219776280476
    k = 0.984297716694825
/
