&names
    formula_extended = 'CH3(CH2)5OH'
    iupac = '1-Hexanol'
/

&pengrobinson
    ac = 34.45490689472682
    b = 0.1155289287900439
    k = 1.1841184118670869
/

&pure
    a = 0.68425
    acentric_factor = 0.576355
    b = 0.26477
    c = 610.3
    d = 0.24395
    pc = 34.17
    tc = 610.3
    vc = 0.387
    vc_rat = 1.168
/

&rkpr
    ac = 34.72428712759914
    b = 0.1140208321143011
    del1 = 2.571097639207511
    k = 3.2775165133166193
/

&soaveredlichkwong
    ac = 32.21270158229771
    b = 0.12866287871817372
    k = 1.3290503799456248
/
