&names
    formula_extended = 'CH2CH(CH2)4CH3'
    iupac = '1-Heptene'
/

&pengrobinson
    ac = 31.25072874651299
    b = 0.11902175355074034
    k = 0.8735902293582196
/

&pure
    a = 0.64521
    acentric_factor = 0.344261
    b = 0.26381
    c = 537.3
    d = 0.28244
    pc = 29.2
    tc = 537.3
    vc = 0.409
    vc_rat = 1.168
/

&rkpr
    ac = 30.86187769128927
    b = 0.12152539560669716
    del1 = 2.16437081527901
    k = 2.568922254360424
/

&soaveredlichkwong
    ac = 29.217040185786207
    b = 0.13255278658173605
    k = 1.001126577678825
/
