&names
    formula_extended = 'CH3(CH2)4CHO'
    iupac = '1-Hexanal'
/

&pengrobinson
    ac = 31.908631794330656
    b = 0.110485106186888
    k = 0.9313142972948684
/

&pure
    a = 0.71899
    acentric_factor = 0.387184
    b = 0.26531
    c = 591.0
    d = 0.27628
    pc = 34.6
    tc = 591.0
    vc = 0.369
    vc_rat = 1.168
/

&rkpr
    ac = 32.23349236138753
    b = 0.10860972382758638
    del1 = 2.61857991456863
    k = 2.5976200850530384
/

&soaveredlichkwong
    ac = 29.83212919514522
    b = 0.12304564723630654
    k = 1.0631931122752
/
