&names
    formula_extended = 'CH3(CH2)13CHCH2'
    iupac = '1-Hexadecene'
/

&pengrobinson
    ac = 111.33250972695974
    b = 0.3155497478707512
    k = 1.3752271135102547
/

&pure
    a = 0.2667
    acentric_factor = 0.724224
    b = 0.24882
    c = 722.0
    d = 0.31804
    pc = 14.8
    tc = 722.0
    vc = 0.933
    vc_rat = 1.168
/

&rkpr
    ac = 122.95843450256407
    b = 0.26362797561403384
    del1 = 4.629551869552317
    k = 3.167752921517126
/

&soaveredlichkwong
    ac = 104.0873778356279
    b = 0.35142314020437426
    k = 1.5281410056192
/
