&names
    formula_extended = 'CH3(CH2)16OH'
    iupac = '1-Heptadecanol'
/

&pengrobinson
    ac = 128.2056798194021
    b = 0.33635330465558183
    k = 1.5324069680310812
/

&pure
    a = 0.26744
    acentric_factor = 0.849235
    b = 0.25673
    c = 780.0
    d = 0.35596
    pc = 15.0
    tc = 780.0
    vc = 0.96
    vc_rat = 1.168
/

&rkpr
    ac = 144.99219063275876
    b = 0.2680287564605236
    del1 = 5.261098826142899
    k = 3.3762395833113565
/

&soaveredlichkwong
    ac = 119.8625007984005
    b = 0.37459175720399784
    k = 1.6904858750856249
/
