&names
    formula_extended = 'CH3(CH2)14CHCH2'
    iupac = '1-Heptadecene'
/

&pengrobinson
    ac = 121.43554760909473
    b = 0.33763779627183343
    k = 1.4083526729401676
/

&pure
    a = 0.25016
    acentric_factor = 0.750312
    b = 0.24815
    c = 736.0
    d = 0.32227
    pc = 14.1
    tc = 736.0
    vc = 0.992
    vc_rat = 1.168
/

&rkpr
    ac = 134.69772201058376
    b = 0.27969849688055987
    del1 = 4.740908320447593
    k = 3.2177747514643174
/

&soaveredlichkwong
    ac = 113.53294520767825
    b = 0.3760222767350551
    k = 1.5624716709648
/
