&names
    formula_extended = 'CH3(CH2)6OH'
    iupac = '1-Heptanol'
/

&pengrobinson
    ac = 41.364731881362545
    b = 0.13380861078452555
    k = 1.17186332515678
/

&pure
    a = 0.60531
    acentric_factor = 0.567024
    b = 0.26329
    c = 632.6
    d = 0.27375
    pc = 30.58
    tc = 632.6
    vc = 0.435
    vc_rat = 1.168
/

&rkpr
    ac = 42.66396805749863
    b = 0.12689129843083857
    del1 = 3.048685863602301
    k = 3.1026131734111497
/

&soaveredlichkwong
    ac = 38.67285923010336
    b = 0.14902069326812964
    k = 1.3162304380992
/
