&names
    formula_extended = 'CH3(CH2)4CCH'
    iupac = '1-Heptyne'
/

&pengrobinson
    ac = 29.463133923423687
    b = 0.11022361469362765
    k = 0.918778041518482
/

&pure
    a = 0.67304
    acentric_factor = 0.377799
    b = 0.26045
    c = 547.0
    d = 0.28388
    pc = 32.1
    tc = 547.0
    vc = 0.387
    vc_rat = 1.168
/

&rkpr
    ac = 28.589491719021872
    b = 0.11580800367688666
    del1 = 1.8141305470287195
    k = 2.7961584975115166
/

&soaveredlichkwong
    ac = 27.54577580645773
    b = 0.12275442798381668
    k = 1.0496775112298249
/
