&names
    formula_extended = 'CH3CH(OH)CH2OCH(CH3)2'
    iupac = '1-Isopropoxy-2-Propanol'
/

&pengrobinson
    ac = 29.71273799021968
    b = 0.10819056617241128
    k = 1.4307996667832599
/

&pure
    a = 0.6511
    acentric_factor = 0.768068
    b = 0.26044
    c = 562.0
    d = 0.28571
    pc = 33.6
    tc = 562.0
    vc = 0.4
    vc_rat = 1.168
/

&rkpr
    ac = 27.59027991136105
    b = 0.12174596018161092
    del1 = 0.7982004513216502
    k = 4.428473991905477
/

&soaveredlichkwong
    ac = 27.779136510115816
    b = 0.12049025157317236
    k = 1.5857015527908
/
