&names
    formula_extended = 'CH3(C6H4)CH2CH2CH3'
    iupac = '1-Methyl-2-N-Propylbenzene'
/

&pengrobinson
    ac = 47.117036612236554
    b = 0.1456474932509126
    k = 0.9576463574987756
/

&pure
    a = 0.53398
    acentric_factor = 0.407014
    b = 0.25738
    c = 662.0
    d = 0.29308
    pc = 29.4
    tc = 662.0
    vc = 0.482
    vc_rat = 1.168
/

&rkpr
    ac = 47.93737151765759
    b = 0.14143828694683172
    del1 = 2.764248560320484
    k = 2.627971920851854
/

&soaveredlichkwong
    ac = 44.05082400801553
    b = 0.1622054835616474
    k = 1.0916494666657
/
