&names
    formula_extended = '(C6H4)(C4H3)CH3'
    iupac = '1-Methylnaphthalene'
/

&pengrobinson
    ac = 52.32887757607833
    b = 0.1387098029883062
    k = 0.8699911206788404
/

&pure
    a = 0.54778
    acentric_factor = 0.341609
    b = 0.25357
    c = 772.0
    d = 0.28041
    pc = 36.0
    tc = 772.0
    vc = 0.465
    vc_rat = 1.168
/

&rkpr
    ac = 52.706962663301624
    b = 0.13703587615530474
    del1 = 2.559183671413214
    k = 2.446189165349403
/

&soaveredlichkwong
    ac = 48.92349651807604
    b = 0.15447907935976832
    k = 0.997270641945825
/
