&names
    formula_extended = '-C(CH3)CHCH2CH2CH2-'
    iupac = '1-Methylcyclopentene'
/

&pengrobinson
    ac = 22.48318536044221
    b = 0.08488707912242754
    k = 0.717618560421328
/

&pure
    a = 0.88824
    acentric_factor = 0.23179
    b = 0.26914
    c = 542.0
    d = 0.27874
    pc = 41.3
    tc = 542.0
    vc = 0.303
    vc_rat = 1.168
/

&rkpr
    ac = 21.518001128074584
    b = 0.09116523805180722
    del1 = 1.533458383784367
    k = 2.3056843214220435
/

&soaveredlichkwong
    ac = 21.02005798037005
    b = 0.09453749879147273
    k = 0.8354353042824999
/
