&names
    formula_extended = '-C(CH3)(OH)(CH2)4CH2-'
    iupac = '1-Methylcyclohexanol'
/

&pengrobinson
    ac = 37.18754937148135
    b = 0.11093190720852364
    k = 0.7027217368015221
/

&pure
    a = 0.7013
    acentric_factor = 0.221299
    b = 0.266
    c = 686.0
    d = 0.28571
    pc = 40.0
    tc = 686.0
    vc = 0.374
    vc_rat = 1.168
/

&rkpr
    ac = 37.28875922378863
    b = 0.11042624651991786
    del1 = 2.4687984175844457
    k = 2.010942840345453
/

&soaveredlichkwong
    ac = 34.76751320619087
    b = 0.12354324300093389
    k = 0.819754307704825
/
