&names
    formula_extended = '-C(CH3)(C2H5)CH2CH2CH2CH2-'
    iupac = '1-Methyl-1-Ethylcyclopentane'
/

&pengrobinson
    ac = 35.45262083410658
    b = 0.12465462513343649
    k = 0.8539336850389877
/

&pure
    a = 0.6241
    acentric_factor = 0.329811
    b = 0.26556
    c = 582.0
    d = 0.28571
    pc = 30.2
    tc = 582.0
    vc = 0.428
    vc_rat = 1.168
/

&rkpr
    ac = 35.03502652503845
    b = 0.1271358132625579
    del1 = 2.177737853700723
    k = 2.5104507781754757
/

&soaveredlichkwong
    ac = 33.145487774172686
    b = 0.13882603329898546
    k = 0.9800868372488251
/
