&names
    formula_extended = 'CH3(C9H7)'
    iupac = '1-Methylindene'
/

&pengrobinson
    ac = 45.14855663618794
    b = 0.13142306201249113
    k = 0.8608160862944757
/

&pure
    a = 0.59196
    acentric_factor = 0.334861
    b = 0.25558
    c = 703.0
    d = 0.28571
    pc = 34.6
    tc = 703.0
    vc = 0.436
    vc_rat = 1.168
/

&rkpr
    ac = 45.84686109992392
    b = 0.12804497876169355
    del1 = 2.7250191725646515
    k = 2.3744247854208975
/

&soaveredlichkwong
    ac = 42.21044585134469
    b = 0.14636394248244244
    k = 0.987448133368825
/
