&names
    formula_extended = 'CH3(C6H4)CH2CH2CH3'
    iupac = '1-Methyl-3-N-Propylbenzene'
/

&pengrobinson
    ac = 48.112563391553294
    b = 0.15054411527836747
    k = 0.965269732235748
/

&pure
    a = 0.53045
    acentric_factor = 0.412785
    b = 0.25568
    c = 654.0
    d = 0.31762
    pc = 28.1
    tc = 654.0
    vc = 0.482
    vc_rat = 1.168
/

&rkpr
    ac = 50.196773852905956
    b = 0.13988747279952699
    del1 = 3.294118213471862
    k = 2.500480250131319
/

&soaveredlichkwong
    ac = 44.98156537258511
    b = 0.1676587799147376
    k = 1.099905085160625
/
