&names
    formula_extended = 'C6H4(CH3)(OCH(CH3)2)'
    iupac = '1-Methyl-3-(Methylethoxy)Benzene'
/

&pengrobinson
    ac = 49.96208856895158
    b = 0.152597991684209
    k = 1.0080546155077919
/

&pure
    a = 0.53024
    acentric_factor = 0.44543
    b = 0.26328
    c = 670.0
    d = 0.2989
    pc = 28.4
    tc = 670.0
    vc = 0.495
    vc_rat = 1.168
/

&rkpr
    ac = 51.61681798732931
    b = 0.1442883670413226
    del1 = 3.0837153431426234
    k = 2.6743251923498894
/

&soaveredlichkwong
    ac = 46.71072989450682
    b = 0.1699461520359416
    k = 1.1463854401425002
/
