&names
    formula_extended = '-C(CH3)CHCH2CH(CHCH2)CH2CH2-'
    iupac = '1-Methyl-4-Vinylcyclohexene'
/

&pengrobinson
    ac = 39.701177888493795
    b = 0.12978129235354677
    k = 0.8739103280622107
/

&pure
    a = 0.59944
    acentric_factor = 0.344497
    b = 0.262
    c = 626.0
    d = 0.28571
    pc = 31.2
    tc = 626.0
    vc = 0.437
    vc_rat = 1.168
/

&rkpr
    ac = 39.84877568458395
    b = 0.12897368315164046
    del1 = 2.4887815492978747
    k = 2.476944886256825
/

&soaveredlichkwong
    ac = 37.117563535877515
    b = 0.14453552761939265
    k = 1.0014695959734252
/
