&names
    formula_extended = 'CH3(C6H4)CH2CH2CH3'
    iupac = '1-Methyl-4-N-Propylbenzene'
/

&pengrobinson
    ac = 48.40727978300432
    b = 0.15100449483579365
    k = 0.9661351570069686
/

&pure
    a = 0.52465
    acentric_factor = 0.413441
    b = 0.25288
    c = 656.0
    d = 0.33669
    pc = 28.1
    tc = 656.0
    vc = 0.482
    vc_rat = 1.168
/

&rkpr
    ac = 50.61934164772753
    b = 0.1397447489454701
    del1 = 3.3435646869138123
    k = 2.4893563256386635
/

&soaveredlichkwong
    ac = 45.2571026479645
    b = 0.1681714978961282
    k = 1.1008427784158248
/
