&names
    formula_extended = '(C6H4)(C4H3)(CH2)2CH3'
    iupac = '1-N-Propylnaphthalene'
/

&pengrobinson
    ac = 65.08282209494688
    b = 0.17031098435681497
    k = 1.021052096192388
/

&pure
    a = 0.43852
    acentric_factor = 0.455435
    b = 0.25216
    c = 782.0
    d = 0.28098
    pc = 29.7
    tc = 782.0
    vc = 0.575
    vc_rat = 1.168
/

&rkpr
    ac = 65.18745509228751
    b = 0.16985208370335414
    del1 = 2.4464557771548665
    k = 2.894632034814115
/

&soaveredlichkwong
    ac = 60.84745875772937
    b = 0.18967285297431125
    k = 1.160556008135625
/
