&names
    formula_extended = '(C6H4)(C4H3)(CH2)4CH3'
    iupac = '1-N-Pentylnaphthalene'
/

&pengrobinson
    ac = 83.53155838614808
    b = 0.21287177146786906
    k = 1.1301366092599276
/

&pure
    a = 0.3689
    acentric_factor = 0.535388
    b = 0.25307
    c = 803.0
    d = 0.28605
    pc = 24.4
    tc = 803.0
    vc = 0.686
    vc_rat = 1.168
/

&rkpr
    ac = 86.7266568010402
    b = 0.19952573772160126
    del1 = 3.189210706252021
    k = 2.95516755012283
/

&soaveredlichkwong
    ac = 78.09561555974132
    b = 0.23707217925189966
    k = 1.2725386576548001
/
