&names
    formula_extended = '(C6H4)(C4H3)(CH2)8CH3'
    iupac = '1-N-Nonylnaphthalene'
/

&pengrobinson
    ac = 135.61740135059296
    b = 0.32688181736789035
    k = 1.2369372124761329
/

&pure
    a = 0.22733
    acentric_factor = 0.616778
    b = 0.22733
    c = 849.0
    d = 0.30164
    pc = 16.8
    tc = 849.0
    vc = 1.0
    vc_rat = 1.168
/

&rkpr
    ac = 146.26305287782372
    b = 0.2858251630268864
    del1 = 4.044829438706337
    k = 2.9859914396117264
/

&soaveredlichkwong
    ac = 126.79189331206541
    b = 0.36404350030470944
    k = 1.3842359292753001
/
