&names
    formula_extended = '(C6H4)(C4H3)(CH2)3CH3'
    iupac = '1-N-Butylnaphthalene'
/

&pengrobinson
    ac = 73.98179916453
    b = 0.19115371504536513
    k = 1.076646969504015
/

&pure
    a = 0.4003
    acentric_factor = 0.495136
    b = 0.25258
    c = 792.0
    d = 0.2834
    pc = 26.8
    tc = 792.0
    vc = 0.631
    vc_rat = 1.168
/

&rkpr
    ac = 75.41710672890021
    b = 0.18500532940737224
    del1 = 2.804473525035859
    k = 2.928809290275396
/

&soaveredlichkwong
    ac = 69.16732140040173
    b = 0.21288509737770256
    k = 1.2164411237632
/
