&names
    formula_extended = '(C6H4)(C4H3)(CH2)5CH3'
    iupac = '1-N-Hexylnaphthalene'
/

&pengrobinson
    ac = 92.85555553862635
    b = 0.23372242451708386
    k = 1.1985705441560486
/

&pure
    a = 0.3423
    acentric_factor = 0.587382
    b = 0.25364
    c = 813.0
    d = 0.3009
    pc = 22.5
    tc = 813.0
    vc = 0.741
    vc_rat = 1.168
/

&rkpr
    ac = 97.58722420602537
    b = 0.2143499093189509
    del1 = 3.4535672461924807
    k = 3.0532902896281895
/

&soaveredlichkwong
    ac = 86.81283945892832
    b = 0.26029324667252157
    k = 1.3441611855633
/
