&names
    formula_extended = '(C6H4)(C4H3)(CH2)9CH3'
    iupac = '1-N-Decylnaphthalene'
/

&pengrobinson
    ac = 147.61774278896124
    b = 0.3516644214936037
    k = 1.2690156422562695
/

&pure
    a = 0.21032
    acentric_factor = 0.641493
    b = 0.22504
    c = 859.0
    d = 0.30747
    pc = 15.8
    tc = 859.0
    vc = 1.07
    vc_rat = 1.168
/

&rkpr
    ac = 159.81770055672504
    b = 0.3052754660816365
    del1 = 4.136394218301314
    k = 3.0403178407995872
/

&soaveredlichkwong
    ac = 138.01129433442026
    b = 0.3916435241458546
    k = 1.417695159916425
/
