&names
    formula_extended = 'RING COMPOUND, See ref. 2867'
    iupac = '1-N-Hexyl-1,2,3,4-Tetrahydronaphthalene'
/

&pengrobinson
    ac = 101.48980796270963
    b = 0.26660482735724295
    k = 1.2004161376767521
/

&pure
    a = 0.32794
    acentric_factor = 0.588792
    b = 0.25284
    c = 779.0
    d = 0.30868
    pc = 18.9
    tc = 779.0
    vc = 0.771
    vc_rat = 1.168
/

&rkpr
    ac = 113.78113704137573
    b = 0.21622385188125284
    del1 = 5.022716623103252
    k = 2.65187854301867
/

&soaveredlichkwong
    ac = 94.88520481382623
    b = 0.29691389790589573
    k = 1.3460903046288002
/
