&names
    formula_extended = 'CH3(CH2)3NO2'
    iupac = '1-Nitrobutane'
/

&pengrobinson
    ac = 32.628534494880654
    b = 0.10717476923098788
    k = 1.0199486660439245
/

&pure
    a = 0.7212
    acentric_factor = 0.454584
    b = 0.24592
    c = 623.0
    d = 0.28661
    pc = 37.6
    tc = 623.0
    vc = 0.341
    vc_rat = 1.168
/

&rkpr
    ac = 34.20108837159587
    b = 0.09875887759720815
    del1 = 3.3957132212118206
    k = 2.6197108933463653
/

&soaveredlichkwong
    ac = 30.50518313582084
    b = 0.11935897337259137
    k = 1.1593520587152
/
