&names
    formula_extended = 'CH3CH2CH2NO2'
    iupac = '1-Nitropropane'
/

&pengrobinson
    ac = 26.596887231572158
    b = 0.08996186972441514
    k = 0.9652538991311325
/

&pure
    a = 0.84967
    acentric_factor = 0.412773
    b = 0.2447
    c = 605.0
    d = 0.27365
    pc = 43.5
    tc = 605.0
    vc = 0.288
    vc_rat = 1.168
/

&rkpr
    ac = 27.751399257893375
    b = 0.0835810487054907
    del1 = 3.2959523084075686
    k = 2.4999374872914055
/

&soaveredlichkwong
    ac = 24.866054464357923
    b = 0.10018921888082169
    k = 1.0998879308324252
/
