&names
    formula_extended = 'CH3(CH2)7CHO'
    iupac = '1-Nonanal'
/

&pengrobinson
    ac = 50.13008716551395
    b = 0.15590340551096993
    k = 1.0987713001585266
/

&pure
    a = 0.49587
    acentric_factor = 0.511744
    b = 0.26135
    c = 658.0
    d = 0.30736
    pc = 27.3
    tc = 658.0
    vc = 0.527
    vc_rat = 1.168
/

&rkpr
    ac = 50.16216372369818
    b = 0.1557361131388588
    del1 = 2.427045664269248
    k = 3.099356626545328
/

&soaveredlichkwong
    ac = 46.8677957276505
    b = 0.17362734308272088
    k = 1.2396557197312
/
