&names
    formula_extended = 'CH3(CH2)16CHCH2'
    iupac = '1-Nonadecene'
/

&pengrobinson
    ac = 142.6351405781686
    b = 0.38405725892163795
    k = 1.511538529292643
/

&pure
    a = 0.22578
    acentric_factor = 0.832458
    b = 0.24836
    c = 760.0
    d = 0.33336
    pc = 12.8
    tc = 760.0
    vc = 1.1
    vc_rat = 1.168
/

&rkpr
    ac = 160.93841692254978
    b = 0.3074820028769155
    del1 = 5.197212751687311
    k = 3.3440946328103323
/

&soaveredlichkwong
    ac = 133.3529425179443
    b = 0.42771895353821865
    k = 1.6690162856913002
/
