&names
    formula_extended = 'CHC(CH2)6CH3'
    iupac = '1-Nonyne'
/

&pengrobinson
    ac = 43.315546852026465
    b = 0.14821403908729053
    k = 1.0411316492181741
/

&pure
    a = 0.52152
    acentric_factor = 0.470974
    b = 0.25918
    c = 598.05
    d = 0.29177
    pc = 26.1
    tc = 598.05
    vc = 0.497
    vc_rat = 1.168
/

&rkpr
    ac = 43.61893903299191
    b = 0.14647987675852986
    del1 = 2.5547467380525917
    k = 2.9177606025379834
/

&soaveredlichkwong
    ac = 40.49672195840153
    b = 0.16506380813133723
    k = 1.1824951869817
/
