&names
    formula_extended = 'CH2CH(CH2)6CH3'
    iupac = '1-Nonene'
/

&pengrobinson
    ac = 47.86590654099956
    b = 0.164900844309521
    k = 0.9617792931433206
/

&pure
    a = 0.49818
    acentric_factor = 0.410141
    b = 0.26203
    c = 594.0
    d = 0.27476
    pc = 23.3
    tc = 594.0
    vc = 0.526
    vc_rat = 1.168
/

&rkpr
    ac = 50.07846754417206
    b = 0.15246697698708864
    del1 = 3.3545531898008725
    k = 2.474672496629818
/

&soaveredlichkwong
    ac = 44.75096009060327
    b = 0.18364765911123698
    k = 1.0961241970208249
/
