&names
    formula_extended = 'CH3(CH2)8OH'
    iupac = '1-Nonanol'
/

&pengrobinson
    ac = 56.24563997564879
    b = 0.17161039544220028
    k = 1.2146562603320379
/

&pure
    a = 0.44231
    acentric_factor = 0.599685
    b = 0.253
    c = 670.7
    d = 0.25261
    pc = 25.28
    tc = 670.7
    vc = 0.572
    vc_rat = 1.168
/

&rkpr
    ac = 56.907318504915786
    b = 0.16824776158496532
    del1 = 2.6504256426670003
    k = 3.3316171431366324
/

&soaveredlichkwong
    ac = 52.58536966524851
    b = 0.19111998809998884
    k = 1.360970322635625
/
