&names
    formula_extended = 'CH3(CH2)18OH'
    iupac = '1-Nonadecanol'
/

&pengrobinson
    ac = 146.22572785779187
    b = 0.37450709367309076
    k = 1.605174711459976
/

&pure
    a = 0.24019
    acentric_factor = 0.908171
    b = 0.25701
    c = 799.0
    d = 0.35565
    pc = 13.8
    tc = 799.0
    vc = 1.07
    vc_rat = 1.168
/

&rkpr
    ac = 165.25920860656612
    b = 0.298845175404701
    del1 = 5.242245827320855
    k = 3.545359196129605
/

&soaveredlichkwong
    ac = 136.70986688570105
    b = 0.41708307414436213
    k = 1.765125605082825
/
