&names
    formula_extended = 'CH2CH(CH2)5CH3'
    iupac = '1-Octene'
/

&pengrobinson
    ac = 37.91758275878351
    b = 0.13684868236202274
    k = 0.9378074401008883
/

&pure
    a = 0.5634
    acentric_factor = 0.392059
    b = 0.26363
    c = 567.0
    d = 0.27348
    pc = 26.8
    tc = 567.0
    vc = 0.468
    vc_rat = 1.168
/

&rkpr
    ac = 37.591331668525676
    b = 0.13883454027321168
    del1 = 2.2415715729497285
    k = 2.7248607801833593
/

&soaveredlichkwong
    ac = 35.45003856381643
    b = 0.15240637653176434
    k = 1.070201570590825
/
