&names
    formula_extended = 'CH3(CH2)6CHO'
    iupac = '1-Octanal'
/

&pengrobinson
    ac = 43.58965028928944
    b = 0.13961546669987737
    k = 1.0315739708099878
/

&pure
    a = 0.53636
    acentric_factor = 0.463565
    b = 0.26174
    c = 638.9
    d = 0.26348
    pc = 29.6
    tc = 638.9
    vc = 0.488
    vc_rat = 1.168
/

&rkpr
    ac = 42.45415859196671
    b = 0.14581572257917338
    del1 = 1.8882957208726654
    k = 3.0907136917243143
/

&soaveredlichkwong
    ac = 40.752987698843434
    b = 0.15548770379264176
    k = 1.1720451208856248
/
