&names
    formula_extended = 'CH3(CH2)7OH'
    iupac = '1-Octanol'
/

&pengrobinson
    ac = 48.46123435444408
    b = 0.15198369247927146
    k = 1.1927134482807091
/

&pure
    a = 0.51836
    acentric_factor = 0.58291
    b = 0.25771
    c = 652.5
    d = 0.27713
    pc = 27.77
    tc = 652.5
    vc = 0.497
    vc_rat = 1.168
/

&rkpr
    ac = 49.759918001828716
    b = 0.14526145379721062
    del1 = 2.9545790923446855
    k = 3.183615718091055
/

&soaveredlichkwong
    ac = 45.30754604385294
    b = 0.1692620159937457
    k = 1.3380381280825002
/
