&names
    formula_extended = 'CH3(CH2)5CCH'
    iupac = '1-Octyne'
/

&pengrobinson
    ac = 36.16101537175491
    b = 0.12891746586024572
    k = 0.979100474846928
/

&pure
    a = 0.58945
    acentric_factor = 0.42329
    b = 0.26052
    c = 574.0
    d = 0.28532
    pc = 28.8
    tc = 574.0
    vc = 0.442
    vc_rat = 1.168
/

&rkpr
    ac = 35.77655543098436
    b = 0.13123198341159317
    del1 = 2.2008150461945033
    k = 2.8514236374261634
/

&soaveredlichkwong
    ac = 33.80778246309805
    b = 0.14357349668475877
    k = 1.1149029357824998
/
