&names
    formula_extended = 'CH3(CH2)15CHCH2'
    iupac = '1-Octadecene'
/

&pengrobinson
    ac = 131.97987628734057
    b = 0.361068128419023
    k = 1.4637853160367538
/

&pure
    a = 0.23556
    acentric_factor = 0.794275
    b = 0.24733
    c = 748.0
    d = 0.32955
    pc = 13.4
    tc = 748.0
    vc = 1.05
    vc_rat = 1.168
/

&rkpr
    ac = 147.41362593909253
    b = 0.2950237626241324
    del1 = 4.923138573864166
    k = 3.3015676624084804
/

&soaveredlichkwong
    ac = 123.39108570812408
    b = 0.4021162950467715
    k = 1.6197861142656251
/
