&names
    formula_extended = 'CH3(CH2)17OH'
    iupac = '1-Octadecanol'
/

&pengrobinson
    ac = 136.9938307707526
    b = 0.35485992344806316
    k = 1.5811340826236626
/

&pure
    a = 0.26043
    acentric_factor = 0.888625
    b = 0.26287
    c = 790.0
    d = 0.34339
    pc = 14.4
    tc = 790.0
    vc = 1.01
    vc_rat = 1.168
/

&rkpr
    ac = 155.21551570083727
    b = 0.28172140099977033
    del1 = 5.312168509346426
    k = 3.4742474655604756
/

&soaveredlichkwong
    ac = 128.07874950053716
    b = 0.3952023079475938
    k = 1.7405062316406252
/
