&names
    formula_extended = 'CH3(CH2)3CHO'
    iupac = '1-Pentanal'
/

&pengrobinson
    ac = 25.51556106774473
    b = 0.0922348410024825
    k = 0.8775188506438324
/

&pure
    a = 0.83871
    acentric_factor = 0.347159
    b = 0.26252
    c = 566.1
    d = 0.29444
    pc = 39.7
    tc = 566.1
    vc = 0.313
    vc_rat = 1.168
/

&rkpr
    ac = 25.452852595791942
    b = 0.09261570700562512
    del1 = 2.364926779024128
    k = 2.5222527038154654
/

&soaveredlichkwong
    ac = 23.85509724032796
    b = 0.10272059375759694
    k = 1.0053373760258248
/
