&names
    formula_extended = 'CH3(CH2)4OH'
    iupac = '1-Pentanol'
/

&pengrobinson
    ac = 28.053126661359222
    b = 0.09761422912494214
    k = 1.1798985870851422
/

&pure
    a = 0.81754
    acentric_factor = 0.57314
    b = 0.26732
    c = 588.1
    d = 0.25348
    pc = 38.97
    tc = 588.1
    vc = 0.326
    vc_rat = 1.168
/

&rkpr
    ac = 28.33966147834555
    b = 0.09595197364835607
    del1 = 2.619244373814213
    k = 3.251929152508581
/

&soaveredlichkwong
    ac = 26.227526905059403
    b = 0.10871153965164089
    k = 1.3246367045699998
/
