&names
    formula_extended = 'HCCCH2CHCH2'
    iupac = '1-Pentene-4-Yne'
/

&pengrobinson
    ac = 18.17576141150434
    b = 0.07394480430146752
    k = 0.6415297886917196
/

&pure
    a = 1.052
    acentric_factor = 0.178636
    b = 0.2668
    c = 503.0
    d = 0.2857
    pc = 44.0
    tc = 503.0
    vc = 0.256
    vc_rat = 1.168
/

&rkpr
    ac = 17.841477541374232
    b = 0.07625233494394917
    del1 = 2.0442697612848333
    k = 1.955580336508456
/

&soaveredlichkwong
    ac = 16.992946176541214
    b = 0.08235124732238239
    k = 0.7555886704132
/
