&names
    formula_extended = 'CH3CCCHCH2'
    iupac = '1-Pentene-3-Yne'
/

&pengrobinson
    ac = 19.42510300293971
    b = 0.0764439328762686
    k = 0.7465830166266485
/

&pure
    a = 0.9396
    acentric_factor = 0.252309
    b = 0.24054
    c = 520.0
    d = 0.36452
    pc = 44.0
    tc = 520.0
    vc = 0.256
    vc_rat = 1.168
/

&rkpr
    ac = 19.581337137803292
    b = 0.07541752532856077
    del1 = 2.5756086151118374
    k = 2.1026127038996574
/

&soaveredlichkwong
    ac = 18.160984969454617
    b = 0.08513449027363586
    k = 0.865993895490825
/
