&names
    formula_extended = 'CH2CH(CH2)2CH3'
    iupac = '1-Pentene'
/

&pengrobinson
    ac = 19.181897252185
    b = 0.08445171564602119
    k = 0.7236195114856627
/

&pure
    a = 0.8915
    acentric_factor = 0.236028
    b = 0.26439
    c = 464.8
    d = 0.28924
    pc = 35.6
    tc = 464.8
    vc = 0.298
    vc_rat = 1.168
/

&rkpr
    ac = 18.536056542673354
    b = 0.08932221154525619
    del1 = 1.7306103542077564
    k = 2.2703233036406294
/

&soaveredlichkwong
    ac = 17.933606201719236
    b = 0.09405264085372632
    k = 0.8417589590628
/
