&names
    formula_extended = 'CH3(CH2)12CHCH2'
    iupac = '1-Pentadecene'
/

&pengrobinson
    ac = 100.91975384268768
    b = 0.29169296876059775
    k = 1.3206051723746906
/

&pure
    a = 0.28594
    acentric_factor = 0.681504
    b = 0.25017
    c = 708.0
    d = 0.31285
    pc = 15.7
    tc = 708.0
    vc = 0.875
    vc_rat = 1.168
/

&rkpr
    ac = 110.35401315095054
    b = 0.24844785638742645
    del1 = 4.379094002743857
    k = 3.101675932926736
/

&soaveredlichkwong
    ac = 94.35224783007548
    b = 0.3248541941455543
    k = 1.4714089481472
/
