&names
    formula_extended = 'CHCCH2CH2CH3'
    iupac = '1-Pentyne'
/

&pengrobinson
    ac = 17.55191479344402
    b = 0.07464176821631893
    k = 0.7990911985017
/

&pure
    a = 0.8491
    acentric_factor = 0.289925
    b = 0.2352
    c = 481.2
    d = 0.353
    pc = 41.7
    tc = 481.2
    vc = 0.277
    vc_rat = 1.168
/

&rkpr
    ac = 16.24454077385031
    b = 0.08441243752834084
    del1 = 0.6709192816752255
    k = 2.7226948549179655
/

&soaveredlichkwong
    ac = 16.409697323131066
    b = 0.08312744584327787
    k = 0.9216320615156249
/
