&names
    formula_extended = 'CH3(CH2)14OH'
    iupac = '1-Pentadecanol'
/

&pengrobinson
    ac = 107.11343577567145
    b = 0.2887920342008899
    k = 1.445421345570731
/

&pure
    a = 0.30614
    acentric_factor = 0.779668
    b = 0.26143
    c = 759.0
    d = 0.3268
    pc = 17.0
    tc = 759.0
    vc = 0.854
    vc_rat = 1.168
/

&rkpr
    ac = 118.28780887570953
    b = 0.24131683606240037
    del1 = 4.627180583276909
    k = 3.333944772863193
/

&soaveredlichkwong
    ac = 100.14286651938066
    b = 0.32162346574415646
    k = 1.6008180487108001
/
