&names
    formula_extended = '(C6H4)(C4H3)(C6H5)'
    iupac = '1-Phenylnaphthalene'
/

&pengrobinson
    ac = 86.63012709847763
    b = 0.20880663618937484
    k = 1.1241657192289285
/

&pure
    a = 0.36822
    acentric_factor = 0.530878
    b = 0.24155
    c = 849.0
    d = 0.29049
    pc = 26.3
    tc = 849.0
    vc = 0.656
    vc_rat = 1.168
/

&rkpr
    ac = 91.65649476895886
    b = 0.18918344700259254
    del1 = 3.602651191765184
    k = 2.8238902248379047
/

&soaveredlichkwong
    ac = 80.99254021455128
    b = 0.23254489753304633
    k = 1.2662814680953
/
