&names
    formula_extended = '(C6H5)CH(OH)CH2CH3'
    iupac = '1-Phenyl-1-Propanol'
/

&pengrobinson
    ac = 41.510812116011046
    b = 0.12547453562476799
    k = 1.4034344386828987
/

&pure
    a = 0.58462
    acentric_factor = 0.74643
    b = 0.25724
    c = 677.0
    d = 0.26447
    pc = 34.9
    tc = 677.0
    vc = 0.44
    vc_rat = 1.168
/

&rkpr
    ac = 40.321304082664
    b = 0.13161412517156226
    del1 = 1.8347115659604194
    k = 4.069368945865206
/

&soaveredlichkwong
    ac = 38.809433071970986
    b = 0.13973915562436992
    k = 1.5573782146425001
/
