&names
    formula_extended = '(C6H5)CH2CH(OH)CH3'
    iupac = '1-Phenyl-2-Propanol'
/

&pengrobinson
    ac = 41.633534331749516
    b = 0.1256598746729582
    k = 1.4074787687898695
/

&pure
    a = 0.58091
    acentric_factor = 0.749622
    b = 0.25561
    c = 678.0
    d = 0.27871
    pc = 34.9
    tc = 678.0
    vc = 0.44
    vc_rat = 1.168
/

&rkpr
    ac = 40.48981720817222
    b = 0.13155007897493148
    del1 = 1.8591038442107382
    k = 4.071667087266529
/

&soaveredlichkwong
    ac = 38.924168953428456
    b = 0.13994556501229366
    k = 1.5615667279953
/
