&names
    formula_extended = '(C9H7)(C6H5)'
    iupac = '1-Phenylindene'
/

&pengrobinson
    ac = 85.6904557060502
    b = 0.20272129914094086
    k = 1.0402891756241919
/

&pure
    a = 0.38376
    acentric_factor = 0.47032
    b = 0.24055
    c = 865.0
    d = 0.28571
    pc = 27.6
    tc = 865.0
    vc = 0.627
    vc_rat = 1.168
/

&rkpr
    ac = 91.69612179982532
    b = 0.17987382663637136
    del1 = 3.8612648557104063
    k = 2.5495165647777966
/

&soaveredlichkwong
    ac = 80.11401936287197
    b = 0.22576774664259902
    k = 1.18157352208
/
