&names
    formula_extended = 'CH3CH2CHO'
    iupac = '1-Propanal'
/

&pengrobinson
    ac = 16.345355574806963
    b = 0.06631355803168991
    k = 0.7516413110974324
/

&pure
    a = 1.296
    acentric_factor = 0.255909
    b = 0.26439
    c = 504.4
    d = 0.29471
    pc = 49.2
    tc = 504.4
    vc = 0.204
    vc_rat = 1.168
/

&rkpr
    ac = 17.55861905107412
    b = 0.058417651328509575
    del1 = 3.951283513254497
    k = 1.7635513887132452
/

&soaveredlichkwong
    ac = 15.281656775232381
    b = 0.07385243993656053
    k = 0.871340118150825
/
