&names
    formula_extended = 'CH3(CH2)2OH'
    iupac = '1-Propanol'
/

&pengrobinson
    ac = 17.620888443987283
    b = 0.06717355460032305
    k = 1.2416901059044165
/

&pure
    a = 1.246
    acentric_factor = 0.620432
    b = 0.27254
    c = 536.8
    d = 0.24108
    pc = 51.69
    tc = 536.8
    vc = 0.218
    vc_rat = 1.168
/

&rkpr
    ac = 18.1980792541321
    b = 0.06355502934330956
    del1 = 3.076262231042143
    k = 3.2714470850096693
/

&soaveredlichkwong
    ac = 16.474182408775917
    b = 0.07481020554009331
    k = 1.3891961913408002
/
