&names
    formula_extended = 'CH3(CH2)11CHCH2'
    iupac = '1-Tetradecene'
/

&pengrobinson
    ac = 91.18290419226929
    b = 0.2696437521103599
    k = 1.2734055811902054
/

&pure
    a = 0.30787
    acentric_factor = 0.644885
    b = 0.25152
    c = 692.0
    d = 0.30545
    pc = 16.6
    tc = 692.0
    vc = 0.817
    vc_rat = 1.168
/

&rkpr
    ac = 99.01125211982136
    b = 0.2327640470723416
    del1 = 4.2076974595070435
    k = 3.03216744256871
/

&soaveredlichkwong
    ac = 85.24903843528736
    b = 0.3002983039679871
    k = 1.4222705739356252
/
