&names
    formula_extended = 'CH3(CH2)13OH'
    iupac = '1-Tetradecanol'
/

&pengrobinson
    ac = 97.44777968979145
    b = 0.2669527396703354
    k = 1.3993203015242601
/

&pure
    a = 0.32737
    acentric_factor = 0.743185
    b = 0.26236
    c = 747.0
    d = 0.32417
    pc = 18.1
    tc = 747.0
    vc = 0.802
    vc_rat = 1.168
/

&rkpr
    ac = 106.44520085933402
    b = 0.22783662630547188
    del1 = 4.353046662668136
    k = 3.2969320442130634
/

&soaveredlichkwong
    ac = 91.10621765996308
    b = 0.29730136276177893
    k = 1.553116499760625
/
