&names
    formula_extended = 'CH2CH(CH2)27CH3'
    iupac = '1-Triacontene'
/

&pengrobinson
    ac = 274.08644193126236
    b = 0.6544700347149071
    k = 1.9302425923995932
/

&pure
    a = 0.14085
    acentric_factor = 1.17985
    b = 0.24085
    c = 857.0
    d = 0.40348
    pc = 8.47
    tc = 857.0
    vc = 1.71
    vc_rat = 1.168
/

&rkpr
    ac = 327.6772068364963
    b = 0.46321645363174235
    del1 = 6.975282695725217
    k = 3.8498345864164785
/

&soaveredlichkwong
    ac = 256.2498511071808
    b = 0.7288737079371223
    k = 2.0934758460625003
/
