&names
    formula_extended = 'CH3(CH2)10CHCH2'
    iupac = '1-Tridecene'
/

&pengrobinson
    ac = 81.36611850437806
    b = 0.24667370778196193
    k = 1.2233404524369915
/

&pure
    a = 0.33398
    acentric_factor = 0.60634
    b = 0.2525
    c = 675.0
    d = 0.30567
    pc = 17.7
    tc = 675.0
    vc = 0.756
    vc_rat = 1.168
/

&rkpr
    ac = 87.63978701324635
    b = 0.2162160517151284
    del1 = 4.014226892089965
    k = 2.9606261674571632
/

&soaveredlichkwong
    ac = 76.07109496187725
    b = 0.2747169014696855
    k = 1.37004072577
/
