&names
    formula_extended = 'CH3(CH2)11CHO'
    iupac = '1-Tridecanal'
/

&pengrobinson
    ac = 70.50478453251806
    b = 0.1992796993213104
    k = 1.3649359455398307
/

&pure
    a = 0.35265
    acentric_factor = 0.716147
    b = 0.26026
    c = 724.0
    d = 0.34079
    pc = 23.5
    tc = 724.0
    vc = 0.738
    vc_rat = 1.168
/

&rkpr
    ac = 65.37285567380589
    b = 0.22474357691767005
    del1 = 0.746041442031625
    k = 4.2686544408107885
/

&soaveredlichkwong
    ac = 65.91657876799528
    b = 0.2219348872468858
    k = 1.517463736018425
/
