&names
    formula_extended = 'CH3(CH2)12OH'
    iupac = '1-Tridecanol'
/

&pengrobinson
    ac = 88.00765922661779
    b = 0.24536208071675322
    k = 1.3601701135150746
/

&pure
    a = 0.35093
    acentric_factor = 0.712411
    b = 0.26286
    c = 734.0
    d = 0.31074
    pc = 19.35
    tc = 734.0
    vc = 0.749
    vc_rat = 1.168
/

&rkpr
    ac = 95.0611287669097
    b = 0.21392801977336368
    del1 = 4.0811324754605405
    k = 3.2763583445910927
/

&soaveredlichkwong
    ac = 82.28042735060963
    b = 0.27325616158590177
    k = 1.512517263238825
/
