&names
    formula_extended = '-CH(CH3)CH2CH(CH3)CH2CH(CH3)CH2-'
    iupac = '1-Trans-3,5-Trimethylcyclohexane'
/

&pengrobinson
    ac = 40.36198176688189
    b = 0.13715598595855324
    k = 0.9044447052707635
/

&pure
    a = 0.57579
    acentric_factor = 0.367112
    b = 0.27178
    c = 602.2
    d = 0.29637
    pc = 28.4
    tc = 602.2
    vc = 0.472
    vc_rat = 1.168
/

&rkpr
    ac = 39.81302897813132
    b = 0.14031178976134162
    del1 = 2.1410474087291993
    k = 2.6614622172595723
/

&soaveredlichkwong
    ac = 37.73536459985887
    b = 0.15274861605379708
    k = 1.0342493244048
/
