&names
    formula_extended = 'CH3(CH2)10OH'
    iupac = '1-Undecanol'
/

&pengrobinson
    ac = 72.88345244293822
    b = 0.21197573103406134
    k = 1.247287806930397
/

&pure
    a = 0.33013
    acentric_factor = 0.624739
    b = 0.23703
    c = 703.6
    d = 0.27001
    pc = 21.47
    tc = 703.6
    vc = 0.718
    vc_rat = 1.168
/

&rkpr
    ac = 72.81243032695131
    b = 0.21232247731170498
    del1 = 2.394671755085422
    k = 3.4944356097277622
/

&soaveredlichkwong
    ac = 68.14045125721333
    b = 0.23607427212275886
    k = 1.3950368928288253
/
