&names
    formula_extended = 'CH3(CH2)9CHO'
    iupac = '1-Undecanal'
/

&pengrobinson
    ac = 60.788602794846206
    b = 0.1797625014069066
    k = 1.2417655199232884
/

&pure
    a = 0.4151
    acentric_factor = 0.62049
    b = 0.26234
    c = 692.0
    d = 0.32062
    pc = 24.9
    tc = 692.0
    vc = 0.632
    vc_rat = 1.168
/

&rkpr
    ac = 58.92071872726602
    b = 0.189206661754249
    del1 = 1.7918630167666696
    k = 3.6694093564180963
/

&soaveredlichkwong
    ac = 56.83269229019158
    b = 0.20019886931199143
    k = 1.3892748879825
/
