&names
    formula_extended = 'CH3(CH2)8CHCH2'
    iupac = '1-Undecene'
/

&pengrobinson
    ac = 63.38035087155282
    b = 0.20329045885776925
    k = 1.1064066437908884
/

&pure
    a = 0.39947
    acentric_factor = 0.517489
    b = 0.25645
    c = 638.0
    d = 0.29033
    pc = 20.3
    tc = 638.0
    vc = 0.642
    vc_rat = 1.168
/

&rkpr
    ac = 66.80247868305678
    b = 0.18546886186168338
    del1 = 3.517449120359703
    k = 2.802192944665007
/

&soaveredlichkwong
    ac = 59.25577843076744
    b = 0.22640161149692173
    k = 1.2476635846038249
/
