&names
    formula_extended = 'N(CH2CN)3'
    iupac = "2,2',2''-Nitrilotris-Acetonitrile"
/

&pengrobinson
    ac = 81.09705123199059
    b = 0.20164537422169576
    k = 1.6245389933473278
/

&pure
    a = 0.38581
    acentric_factor = 0.923969
    b = 0.187
    c = 823.0
    d = 0.28571
    pc = 26.4
    tc = 823.0
    vc = 0.485
    vc_rat = 1.168
/

&rkpr
    ac = 101.67259950098752
    b = 0.12766910276472013
    del1 = 8.786631614117441
    k = 2.878171793760855
/

&soaveredlichkwong
    ac = 75.81953765024488
    b = 0.22456950479231516
    k = 1.7849264312318252
/
