&names
    formula_extended = 'HN(CH2CN)2'
    iupac = "2,2'-Iminobis-Acetonitrile"
/

&pengrobinson
    ac = 47.713449053627414
    b = 0.1335692447323068
    k = 1.368822744349793
/

&pure
    a = 0.58244
    acentric_factor = 0.719196
    b = 0.208
    c = 731.0
    d = 0.28571
    pc = 35.4
    tc = 731.0
    vc = 0.357
    vc_rat = 1.168
/

&rkpr
    ac = 56.26250413270593
    b = 0.09746355862303716
    del1 = 6.515006518396843
    k = 2.7241871925884658
/

&soaveredlichkwong
    ac = 44.608424005403236
    b = 0.1487541147958075
    k = 1.5214969988772
/
