&names
    formula_extended = '(CH3)3CCH2CH(CH3)2'
    iupac = '2,2,4-Trimethylpentane'
/

&pengrobinson
    ac = 36.37094647247203
    b = 0.13686690143048894
    k = 0.8177909420982119
/

&pure
    a = 0.59059
    acentric_factor = 0.303455
    b = 0.27424
    c = 543.8
    d = 0.2847
    pc = 25.7
    tc = 543.8
    vc = 0.468
    vc_rat = 1.168
/

&rkpr
    ac = 36.061859002689836
    b = 0.1388284231795552
    del1 = 2.243701425167399
    k = 2.391352750850003
/

&soaveredlichkwong
    ac = 34.00405197910358
    b = 0.1524266668419141
    k = 0.941523306020625
/
