&names
    formula_extended = '(CH3)3CC(CH3)3'
    iupac = '2,2,3,3-Tetramethylbutane'
/

&pengrobinson
    ac = 35.53236332980672
    b = 0.12801439094369507
    k = 0.7362254814413467
/

&pure
    a = 0.58988
    acentric_factor = 0.244953
    b = 0.27201
    c = 568.0
    d = 0.27341
    pc = 28.7
    tc = 568.0
    vc = 0.461
    vc_rat = 1.168
/

&rkpr
    ac = 33.753143960009936
    b = 0.13910727597935868
    del1 = 1.3746358443466034
    k = 2.3993105512035333
/

&soaveredlichkwong
    ac = 33.22004090604632
    b = 0.14256775535504607
    k = 0.855055676863425
/
