&names
    formula_extended = 'CH3C(CH3)2CH(CH3)CH(CH3)CH3'
    iupac = '2,2,3,4-Tetramethylpentane'
/

&pengrobinson
    ac = 42.693254856257944
    b = 0.14742823101989486
    k = 0.8320220468352
/

&pure
    a = 0.57475
    acentric_factor = 0.3138
    b = 0.28163
    c = 592.6
    d = 0.29245
    pc = 26.0
    tc = 592.6
    vc = 0.49
    vc_rat = 1.168
/

&rkpr
    ac = 43.29150483215486
    b = 0.14399196672104325
    del1 = 2.6957062994993826
    k = 2.30381672491576
/

&soaveredlichkwong
    ac = 39.91492655788016
    b = 0.16418866517684105
    k = 0.956688873
/
