&names
    formula_extended = '(CH3)2CHCH(OH)C(CH3)2CH2OH'
    iupac = '2,2,4-Trimethyl-1,3-Pentanediol'
/

&pengrobinson
    ac = 48.882786761667354
    b = 0.14710589604180324
    k = 1.5216598115736841
/

&pure
    a = 0.52885
    acentric_factor = 0.840588
    b = 0.266
    c = 680.0
    d = 0.28571
    pc = 29.9
    tc = 680.0
    vc = 0.503
    vc_rat = 1.168
/

&rkpr
    ac = 48.46822388293828
    b = 0.1492098090072609
    del1 = 2.2440518374780942
    k = 4.226958141546922
/

&soaveredlichkwong
    ac = 45.701665288948355
    b = 0.16382968542495402
    k = 1.6794325794948
/
