&names
    formula_extended = 'CH3C(CH3)2C(CH3)2CH2CH3'
    iupac = '2,2,3,3-Tetramethylpentane'
/

&pengrobinson
    ac = 42.559140496069624
    b = 0.14336053137419386
    k = 0.820016423293392
/

&pure
    a = 0.59314
    acentric_factor = 0.30507
    b = 0.28351
    c = 607.5
    d = 0.29663
    pc = 27.41
    tc = 607.5
    vc = 0.478
    vc_rat = 1.168
/

&rkpr
    ac = 43.04851964282506
    b = 0.1406143432016082
    del1 = 2.6450874684035988
    k = 2.284977141898127
/

&soaveredlichkwong
    ac = 39.78953989304758
    b = 0.15965852755972598
    k = 0.9438933316425
/
