&names
    formula_extended = 'C4H9CH2C(CH3)2CH2CH(CH3)CH2C4H9'
    iupac = '2,2,4,4,6,8,8-Heptamethylnonane'
/

&pengrobinson
    ac = 96.4099496555204
    b = 0.2851010372631831
    k = 1.147035189507492
/

&pure
    a = 0.32142
    acentric_factor = 0.548175
    b = 0.2774
    c = 692.0
    d = 0.28571
    pc = 15.7
    tc = 692.0
    vc = 0.863
    vc_rat = 1.168
/

&rkpr
    ac = 104.758156148998
    b = 0.24578943676400927
    del1 = 4.224153173358532
    k = 2.7165545373605533
/

&soaveredlichkwong
    ac = 90.13592598890257
    b = 0.31751285642475074
    k = 1.290240679640625
/
