&names
    formula_extended = 'CH3C(CH3)2C(CH3)2CH2CH2CH3'
    iupac = '2,2,3,3-Tetramethylhexane'
/

&pengrobinson
    ac = 48.87780466165389
    b = 0.16054865829024478
    k = 0.902788391165952
/

&pure
    a = 0.48457
    acentric_factor = 0.36588
    b = 0.26935
    c = 623.0
    d = 0.28571
    pc = 25.1
    tc = 623.0
    vc = 0.557
    vc_rat = 1.168
/

&rkpr
    ac = 47.89639432344058
    b = 0.1660240542043926
    del1 = 2.0100645360394225
    k = 2.6947944798478227
/

&soaveredlichkwong
    ac = 45.69700740664795
    b = 0.17880069317965877
    k = 1.03246818948
/
