&names
    formula_extended = 'CH3C(CH3)2CH2CH2CH(CH3)2'
    iupac = '2,2,5-Trimethylhexane'
/

&pengrobinson
    ac = 44.045169776087675
    b = 0.15818266176357754
    k = 0.8741083401725659
/

&pure
    a = 0.52231
    acentric_factor = 0.344643
    b = 0.27161
    c = 569.8
    d = 0.29378
    pc = 23.3
    tc = 569.8
    vc = 0.519
    vc_rat = 1.168
/

&rkpr
    ac = 45.11011021683528
    b = 0.15186023227177864
    del1 = 2.9013004182027107
    k = 2.361725419296004
/

&soaveredlichkwong
    ac = 41.178863564303946
    b = 0.1761657174437421
    k = 1.001681792446425
/
