&names
    formula_extended = 'CH3C(CH3)2CH2C(CH3)2CH3'
    iupac = '2,2,4,4-Tetramethylpentane'
/

&pengrobinson
    ac = 41.91227314631471
    b = 0.14926522154394298
    k = 0.8317598210705204
/

&pure
    a = 0.55234
    acentric_factor = 0.313609
    b = 0.27838
    c = 574.6
    d = 0.29051
    pc = 24.9
    tc = 574.6
    vc = 0.504
    vc_rat = 1.168
/

&rkpr
    ac = 41.976078765034195
    b = 0.14888435505310468
    del1 = 2.4447444040414337
    k = 2.373267412832715
/

&soaveredlichkwong
    ac = 39.184768416965724
    b = 0.16623449466281834
    k = 0.956409210145825
/
