&names
    formula_extended = 'CH3C(CH3)2CH(CH3)CH2CH3'
    iupac = '2,2,3-Trimethylpentane'
/

&pengrobinson
    ac = 36.76499517364438
    b = 0.13351302280460722
    k = 0.8089965448446811
/

&pure
    a = 0.6633
    acentric_factor = 0.297083
    b = 0.29071
    c = 563.5
    d = 0.2734
    pc = 27.3
    tc = 563.5
    vc = 0.436
    vc_rat = 1.168
/

&rkpr
    ac = 37.78986023112673
    b = 0.1273742690647449
    del1 = 2.976534290810071
    k = 2.1643086055181495
/

&soaveredlichkwong
    ac = 34.37245736352503
    b = 0.14869150125701097
    k = 0.932163437944425
/
