&names
    formula_extended = '(CH3)3CCH(CH3)2'
    iupac = '2,2,3-Trimethylbutane'
/

&pengrobinson
    ac = 30.223162515304427
    b = 0.11645191662488888
    k = 0.7434095861417946
/

&pure
    a = 0.69552
    acentric_factor = 0.250053
    b = 0.27933
    c = 531.1
    d = 0.27968
    pc = 29.5
    tc = 531.1
    vc = 0.398
    vc_rat = 1.168
/

&rkpr
    ac = 29.97801234153156
    b = 0.11804450478556798
    del1 = 2.2514723481731136
    k = 2.1828382992681767
/

&soaveredlichkwong
    ac = 28.256344385240197
    b = 0.1296907967738222
    k = 0.8626412840084251
/
