&names
    formula_extended = 'CH3C(CH3)2CH2CH2C(CH3)2CH3'
    iupac = '2,2,5,5-Tetramethylhexane'
/

&pengrobinson
    ac = 48.788252139460816
    b = 0.1717209442630447
    k = 0.9172493406344219
/

&pure
    a = 0.45304
    acentric_factor = 0.376657
    b = 0.26526
    c = 581.4
    d = 0.28571
    pc = 21.9
    tc = 581.4
    vc = 0.584
    vc_rat = 1.168
/

&rkpr
    ac = 48.58440211220083
    b = 0.1729277394434312
    del1 = 2.330414925879089
    k = 2.642051708740034
/

&soaveredlichkwong
    ac = 45.613282650631
    b = 0.19124310470530764
    k = 1.0480307812614251
/
