&names
    formula_extended = 'CH3CH2C(CH3)3'
    iupac = '2,2-Dimethylbutane'
/

&pengrobinson
    ac = 24.381776391880802
    b = 0.10203273323609154
    k = 0.7208298080371098
/

&pure
    a = 0.77455
    acentric_factor = 0.234057
    b = 0.27729
    c = 489.0
    d = 0.28084
    pc = 31.0
    tc = 489.0
    vc = 0.358
    vc_rat = 1.168
/

&rkpr
    ac = 23.672003334148
    b = 0.10710607441512439
    del1 = 1.8253134467064296
    k = 2.2368526450985446
/

&soaveredlichkwong
    ac = 22.79509532147859
    b = 0.11363236307242862
    k = 0.838818749131425
/
