&names
    formula_extended = 'CHF2CCl2F'
    iupac = '2,2-Dichloro-1,1,2-Trifluoroethane'
/

&pengrobinson
    ac = 18.68900020445922
    b = 0.08278032535205564
    k = 0.7605073069803189
/

&pure
    a = 0.9398
    acentric_factor = 0.262231
    b = 0.26
    c = 462.0
    d = 0.28571
    pc = 36.1
    tc = 462.0
    vc = 0.277
    vc_rat = 1.168
/

&rkpr
    ac = 18.851033170173206
    b = 0.08158264112827976
    del1 = 2.5882074496117333
    k = 2.1374083991797774
/

&soaveredlichkwong
    ac = 17.47278517678662
    b = 0.09219123792256925
    k = 0.880717701961825
/
