&names
    formula_extended = '(CH3)3CCH(C2H5)2'
    iupac = '2,2-Dimethyl-3-Ethylpentane'
/

&pengrobinson
    ac = 42.813449398243534
    b = 0.14849479927176992
    k = 0.8613742512624052
/

&pure
    a = 0.5239
    acentric_factor = 0.335271
    b = 0.26899
    c = 590.0
    d = 0.28571
    pc = 25.7
    tc = 590.0
    vc = 0.511
    vc_rat = 1.168
/

&rkpr
    ac = 42.23253742873448
    b = 0.15190331589719586
    del1 = 2.141698237782543
    k = 2.541450151991101
/

&soaveredlichkwong
    ac = 40.02729925778711
    b = 0.16537648664348903
    k = 0.9880453913978249
/
