&names
    formula_extended = 'CH3C(CH3)2CH2CH2CH3'
    iupac = '2,2-Dimethylpentane'
/

&pengrobinson
    ac = 30.91512580915235
    b = 0.12154394270565842
    k = 0.7951770839555923
/

&pure
    a = 0.67741
    acentric_factor = 0.287102
    b = 0.27682
    c = 520.5
    d = 0.28301
    pc = 27.7
    tc = 520.5
    vc = 0.416
    vc_rat = 1.168
/

&rkpr
    ac = 30.629009606408683
    b = 0.12344184939907706
    del1 = 2.2284975897429944
    k = 2.3328808486307278
/

&soaveredlichkwong
    ac = 28.903277118471244
    b = 0.13536171176387177
    k = 0.9174737252793
/
