&names
    formula_extended = 'CH3C(CH3)2(CH2)4CH3'
    iupac = '2,2-Dimethylheptane'
/

&pengrobinson
    ac = 44.73437356661152
    b = 0.15873563894834214
    k = 0.9364765593114484
/

&pure
    a = 0.52467
    acentric_factor = 0.391059
    b = 0.2723
    c = 576.7
    d = 0.29365
    pc = 23.5
    tc = 576.7
    vc = 0.519
    vc_rat = 1.168
/

&rkpr
    ac = 45.93855747479951
    b = 0.15168380109734173
    del1 = 2.957025322366804
    k = 2.515773466339659
/

&soaveredlichkwong
    ac = 41.823216373074146
    b = 0.17678156004872797
    k = 1.068764616240825
/
