&names
    formula_extended = 'CH3C(CH3)2CH2CH2CH2CH3'
    iupac = '2,2-Dimethylhexane'
/

&pengrobinson
    ac = 37.765763524136446
    b = 0.14056479697448987
    k = 0.8648246892083099
/

&pure
    a = 0.54681
    acentric_factor = 0.337807
    b = 0.26386
    c = 549.8
    d = 0.27774
    pc = 25.3
    tc = 549.8
    vc = 0.478
    vc_rat = 1.168
/

&rkpr
    ac = 37.61061279622124
    b = 0.14153604070712325
    del1 = 2.331819631023404
    k = 2.4966209633873095
/

&soaveredlichkwong
    ac = 35.30809919607756
    b = 0.15654495903827756
    k = 0.9917383433814249
/
