&names
    formula_extended = '(CH3)3CCH2OH'
    iupac = '2,2-Dimethyl-1-Propanol'
/

&pengrobinson
    ac = 24.64353315526516
    b = 0.09169028427863304
    k = 1.2197116327632322
/

&pure
    a = 0.84847
    acentric_factor = 0.603558
    b = 0.277
    c = 550.0
    d = 0.28571
    pc = 38.8
    tc = 550.0
    vc = 0.327
    vc_rat = 1.168
/

&rkpr
    ac = 23.602844659714453
    b = 0.09835819302501743
    del1 = 1.5486391726769453
    k = 3.6859917591883917
/

&soaveredlichkwong
    ac = 23.039817866566615
    b = 0.1021141288968075
    k = 1.3662508966113
/
