&names
    formula_extended = 'CCl2HCF3'
    iupac = '2,2-Dichloro-1,1,1-Trifluoroethane'
/

&pengrobinson
    ac = 17.95362590132424
    b = 0.08040369916575374
    k = 0.788766300611268
/

&pure
    a = 0.94628
    acentric_factor = 0.282485
    b = 0.26535
    c = 456.94
    d = 0.27928
    pc = 36.76
    tc = 456.94
    vc = 0.278
    vc_rat = 1.168
/

&rkpr
    ac = 17.642048136198387
    b = 0.08276977721781283
    del1 = 2.0652616630751877
    k = 2.3608255787650188
/

&soaveredlichkwong
    ac = 16.785266471524853
    b = 0.08954442409014542
    k = 0.910666779335625
/
