&names
    formula_extended = 'CH3C(CH3)2(CH2)5CH3'
    iupac = '2,2-Dimethyloctane'
/

&pengrobinson
    ac = 53.033287663989555
    b = 0.1802748303086363
    k = 0.9862773064605365
/

&pure
    a = 0.47276
    acentric_factor = 0.428759
    b = 0.27137
    c = 602.0
    d = 0.29314
    pc = 21.6
    tc = 602.0
    vc = 0.574
    vc_rat = 1.168
/

&rkpr
    ac = 55.55936163514345
    b = 0.16627962115535966
    del1 = 3.3839305398392256
    k = 2.532508483715044
/

&soaveredlichkwong
    ac = 49.582066051372834
    b = 0.20076944251852447
    k = 1.122695666985825
/
