&names
    formula_extended = 'CH3CH(CH3)C(CH3)2CH2CH3'
    iupac = '2,3,3-Trimethylpentane'
/

&pengrobinson
    ac = 36.8660880259531
    b = 0.13154570391433185
    k = 0.7996108156271999
/

&pure
    a = 0.6028
    acentric_factor = 0.2903
    b = 0.27446
    c = 573.5
    d = 0.2741
    pc = 28.2
    tc = 573.5
    vc = 0.455
    vc_rat = 1.168
/

&rkpr
    ac = 36.215033430891324
    b = 0.13548562654622115
    del1 = 2.0590830648826906
    k = 2.3928128956775225
/

&soaveredlichkwong
    ac = 34.46697144517597
    b = 0.14650052697524055
    k = 0.92218423425
/
