&names
    formula_extended = '(CH3)2CHC(CH3)2CH(CH3)2'
    iupac = '2,3,3,4-Tetramethylpentane'
/

&pengrobinson
    ac = 42.88772209548781
    b = 0.14446735900612698
    k = 0.8328484096563283
/

&pure
    a = 0.55879
    acentric_factor = 0.314402
    b = 0.27548
    c = 607.5
    d = 0.28977
    pc = 27.2
    tc = 607.5
    vc = 0.493
    vc_rat = 1.168
/

&rkpr
    ac = 42.591671166572475
    b = 0.1461474971973059
    del1 = 2.2757375680104173
    k = 2.4240398586930993
/

&soaveredlichkwong
    ac = 40.09673854663361
    b = 0.160891185309268
    k = 0.9575702399193
/
