&names
    formula_extended = '(CH2CH2OCH2CH)-(CHCH2OCH2CH2)'
    iupac = "2,3,4,5,2',3',4',5'-Octahydro-Bifuryl-(3,3')"
/

&pengrobinson
    ac = 46.528635774533846
    b = 0.1290170160269332
    k = 0.9104044082772
/

&pure
    a = 0.60303
    acentric_factor = 0.37155
    b = 0.246
    c = 738.0
    d = 0.28571
    pc = 37.0
    tc = 738.0
    vc = 0.408
    vc_rat = 1.168
/

&rkpr
    ac = 48.991440794822104
    b = 0.11792216408886143
    del1 = 3.495059348397627
    k = 2.2994496096622363
/

&soaveredlichkwong
    ac = 43.500714247057445
    b = 0.1436843642497663
    k = 1.0406610545625001
/
