&names
    formula_extended = 'CH3CH(CH3)CH(CH3)CH(CH3)CH3'
    iupac = '2,3,4-Trimethylpentane'
/

&pengrobinson
    ac = 37.144384124956986
    b = 0.13420013507813577
    k = 0.8340889591081707
/

&pure
    a = 0.57007
    acentric_factor = 0.315306
    b = 0.26787
    c = 566.4
    d = 0.26518
    pc = 27.3
    tc = 566.4
    vc = 0.46
    vc_rat = 1.168
/

&rkpr
    ac = 36.75666968709547
    b = 0.13656528222481437
    del1 = 2.204713499822977
    k = 2.447632243058331
/

&soaveredlichkwong
    ac = 34.727157003538395
    b = 0.14945672814901687
    k = 0.9588935161137
/
