&names
    formula_extended = 'CH2C(CH3)C(CH3)3'
    iupac = '2,3,3-Trimethyl-1-Butene'
/

&pengrobinson
    ac = 28.383680768255907
    b = 0.10938486328522415
    k = 0.7275309011482349
/

&pure
    a = 0.7295
    acentric_factor = 0.238794
    b = 0.27793
    c = 531.0
    d = 0.29976
    pc = 31.4
    tc = 531.0
    vc = 0.381
    vc_rat = 1.168
/

&rkpr
    ac = 27.723828895681336
    b = 0.1137125562966139
    del1 = 1.9455955131324307
    k = 2.222835001744438
/

&soaveredlichkwong
    ac = 26.536569702208727
    b = 0.12182032280458283
    k = 0.8458828054737
/
