&names
    formula_extended = 'CH2CClCH2Cl'
    iupac = '2,3-Dichloropropene'
/

&pengrobinson
    ac = 24.109648897616665
    b = 0.08535836410736142
    k = 0.6643696835896319
/

&pure
    a = 0.89187
    acentric_factor = 0.19448
    b = 0.24705
    c = 578.0
    d = 0.33321
    pc = 43.8
    tc = 578.0
    vc = 0.277
    vc_rat = 1.168
/

&rkpr
    ac = 24.900449518185138
    b = 0.08075418419148056
    del1 = 3.077166239071749
    k = 1.7461931200154122
/

&soaveredlichkwong
    ac = 22.540676936548618
    b = 0.09506236198801843
    k = 0.77949258768
/
