&names
    formula_extended = 'CH2C(CH3)CH(CH3)2'
    iupac = '2,3-Dimethyl-1-Butene'
/

&pengrobinson
    ac = 23.897181804399363
    b = 0.09760947962954501
    k = 0.7197606446407764
/

&pure
    a = 0.82293
    acentric_factor = 0.233302
    b = 0.27566
    c = 501.0
    d = 0.29603
    pc = 33.2
    tc = 501.0
    vc = 0.335
    vc_rat = 1.168
/

&rkpr
    ac = 23.62370818743163
    b = 0.099496671865437
    del1 = 2.1844830297178834
    k = 2.135596175949646
/

&soaveredlichkwong
    ac = 22.342036461600337
    b = 0.1087062502080647
    k = 0.8376921289393
/
