&names
    formula_extended = 'CH3CH(OH)CH(OH)CH3'
    iupac = '2,3-Butanediol'
/

&pengrobinson
    ac = 23.002464808403122
    b = 0.07703998693378337
    k = 1.8429013660914384
/

&pure
    a = 1.0098
    acentric_factor = 1.10549
    b = 0.2699
    c = 611.0
    d = 0.286
    pc = 51.3
    tc = 611.0
    vc = 0.267
    vc_rat = 1.168
/

&rkpr
    ac = 22.559811613191197
    b = 0.0795568008525882
    del1 = 2.0270056314885334
    k = 5.046451340979308
/

&soaveredlichkwong
    ac = 21.50554453083713
    b = 0.08579830696192933
    k = 2.0061723354825003
/
