&names
    formula_extended = 'HOCH2CH(Cl)CH2Cl'
    iupac = '2,3-Dichloro-1-Propanol'
/

&pengrobinson
    ac = 29.40392911654618
    b = 0.09300025132998355
    k = 1.343350033514257
/

&pure
    a = 0.8061
    acentric_factor = 0.699248
    b = 0.24827
    c = 647.0
    d = 0.28571
    pc = 45.0
    tc = 647.0
    vc = 0.308
    vc_rat = 1.168
/

&rkpr
    ac = 29.89865757878513
    b = 0.09040198109793586
    del1 = 2.75242971260224
    k = 3.6248838940358428
/

&soaveredlichkwong
    ac = 27.490423842163946
    b = 0.10357302004743016
    k = 1.4950504930368
/
