&names
    formula_extended = '-CH2OCHCHCH2-'
    iupac = '2,3-Dihydrofuran'
/

&pengrobinson
    ac = 15.780080124660278
    b = 0.06162557050333038
    k = 0.7087410075866971
/

&pure
    a = 1.3893
    acentric_factor = 0.225533
    b = 0.2848
    c = 524.0
    d = 0.28571
    pc = 55.0
    tc = 524.0
    vc = 0.205
    vc_rat = 1.168
/

&rkpr
    ac = 15.990377788031436
    b = 0.06025894277786855
    del1 = 2.6818868558558497
    k = 1.97016945246793
/

&soaveredlichkwong
    ac = 14.753167482168555
    b = 0.06863149677443876
    k = 0.826087543534425
/
