&names
    formula_extended = 'CH3CHCCHCH3'
    iupac = '2,3-Pentadiene'
/

&pengrobinson
    ac = 20.54653065407369
    b = 0.08459898401509322
    k = 0.6985406626551635
/

&pure
    a = 0.83435
    acentric_factor = 0.218362
    b = 0.24613
    c = 497.0
    d = 0.27012
    pc = 38.0
    tc = 497.0
    vc = 0.295
    vc_rat = 1.168
/

&rkpr
    ac = 20.050336541568292
    b = 0.08807788775058072
    del1 = 1.927178570776571
    k = 2.1466357128266456
/

&soaveredlichkwong
    ac = 19.209434015696115
    b = 0.09421665148298933
    k = 0.8153574444673
/
