&names
    formula_extended = 'CH3CHClCHClCH3'
    iupac = '2,3-Dichlorobutane'
/

&pengrobinson
    ac = 30.324340334831934
    b = 0.10359709455403823
    k = 0.7688011547740724
/

&pure
    a = 0.74975
    acentric_factor = 0.268159
    b = 0.25716
    c = 599.0
    d = 0.31431
    pc = 37.4
    tc = 599.0
    vc = 0.343
    vc_rat = 1.168
/

&rkpr
    ac = 30.84116130603202
    b = 0.10066567873246329
    del1 = 2.7568280500690023
    k = 2.114221619355149
/

&soaveredlichkwong
    ac = 28.35093790473933
    b = 0.11537456939798166
    k = 0.889498147375825
/
