&names
    formula_extended = 'CH3(CH2)4CH(CH3)CH(CH3)2'
    iupac = '2,3-Dimethyloctane'
/

&pengrobinson
    ac = 53.74499105292523
    b = 0.17941574639216123
    k = 0.9914677626796626
/

&pure
    a = 0.46137
    acentric_factor = 0.432722
    b = 0.26529
    c = 613.0
    d = 0.29865
    pc = 22.1
    tc = 613.0
    vc = 0.575
    vc_rat = 1.168
/

&rkpr
    ac = 56.032308557773305
    b = 0.16693267309059634
    del1 = 3.278329713833182
    k = 2.5753365225967544
/

&soaveredlichkwong
    ac = 50.24745426307058
    b = 0.19981269332235524
    k = 1.1283359703753
/
