&names
    formula_extended = '(C6H3)(CH3)2OH'
    iupac = '2,3-Xylenol'
/

&pengrobinson
    ac = 33.71551234562025
    b = 0.0954343098904054
    k = 1.1040671745606754
/

&pure
    a = 0.81519
    acentric_factor = 0.515728
    b = 0.293
    c = 722.95
    d = 0.28571
    pc = 49.0
    tc = 722.95
    vc = 0.36
    vc_rat = 1.168
/

&rkpr
    ac = 31.10810702825807
    b = 0.10842810616113739
    del1 = 0.41421356237309515
    k = 3.6035677420265975
/

&soaveredlichkwong
    ac = 31.521424254667124
    b = 0.10628379547512962
    k = 1.2452101822528
/
