&names
    formula_extended = 'OHCH2-CHCH2O-'
    iupac = '2,3-Epoxy-1-Propanol'
/

&pengrobinson
    ac = 21.08499259125217
    b = 0.0684882294547565
    k = 1.3087311351288398
/

&pure
    a = 1.1359
    acentric_factor = 0.672266
    b = 0.2449
    c = 630.0
    d = 0.28571
    pc = 59.5
    tc = 630.0
    vc = 0.216
    vc_rat = 1.168
/

&rkpr
    ac = 22.245277178090372
    b = 0.06237282123031369
    del1 = 3.539302194181782
    k = 3.3028089806689045
/

&soaveredlichkwong
    ac = 19.712854725807254
    b = 0.0762743397021715
    k = 1.4590569084177
/
