&names
    formula_extended = 'CH3C(CH3)C(CH3)2'
    iupac = '2,3-Dimethyl-2-Butene'
/

&pengrobinson
    ac = 26.54233223038024
    b = 0.10286987074730491
    k = 0.7061562099513836
/

&pure
    a = 0.80977
    acentric_factor = 0.223714
    b = 0.27127
    c = 528.0
    d = 0.28404
    pc = 33.2
    tc = 528.0
    vc = 0.335
    vc_rat = 1.168
/

&rkpr
    ac = 27.340029524869266
    b = 0.09777727842073614
    del1 = 3.020972629887927
    k = 1.8737354192508158
/

&soaveredlichkwong
    ac = 24.815049712593925
    b = 0.1145646708779604
    k = 0.8233674440857001
/
