&names
    formula_extended = 'CH3CH(CH3)CH(CH3)CH2CH2CH3'
    iupac = '2,3-Dimethylhexane'
/

&pengrobinson
    ac = 38.162903735379906
    b = 0.1385895635956569
    k = 0.875313795692562
/

&pure
    a = 0.5673
    acentric_factor = 0.345532
    b = 0.26799
    c = 563.5
    d = 0.26978
    pc = 26.3
    tc = 563.5
    vc = 0.468
    vc_rat = 1.168
/

&rkpr
    ac = 38.217975086978505
    b = 0.13825434170344372
    del1 = 2.4431539295095033
    k = 2.493808343089385
/

&soaveredlichkwong
    ac = 35.679394905864385
    b = 0.15434517050632698
    k = 1.0029737044707998
/
