&names
    formula_extended = '(CH3)2CHCH(CH3)2'
    iupac = '2,3-Dimethylbutane'
/

&pengrobinson
    ac = 25.086424935702173
    b = 0.10267194891806529
    k = 0.7422807808746101
/

&pure
    a = 0.7565
    acentric_factor = 0.249251
    b = 0.27305
    c = 500.0
    d = 0.27408
    pc = 31.5
    tc = 500.0
    vc = 0.361
    vc_rat = 1.168
/

&rkpr
    ac = 24.313844764052618
    b = 0.10807839352098736
    del1 = 1.7904279743796854
    k = 2.306671616805886
/

&soaveredlichkwong
    ac = 23.45388779280558
    b = 0.11434424823076857
    k = 0.861449013324825
/
