&names
    formula_extended = 'CH2C(CH3)C(CH3)CH2'
    iupac = '2,3-Dimethyl-1,3-Butadiene'
/

&pengrobinson
    ac = 24.844950991315397
    b = 0.0966574728195127
    k = 0.6926662109546164
/

&pure
    a = 0.86067
    acentric_factor = 0.214241
    b = 0.27194
    c = 526.0
    d = 0.289
    pc = 35.2
    tc = 526.0
    vc = 0.315
    vc_rat = 1.168
/

&rkpr
    ac = 25.57735465091963
    b = 0.09196231060393868
    del1 = 3.00923306526832
    k = 1.8402306351474769
/

&soaveredlichkwong
    ac = 23.228128131512694
    b = 0.10764601414406842
    k = 0.8091829729358249
/
