&names
    formula_extended = 'CH3CH2CH(CH3)CH(CH3)2'
    iupac = '2,3-Dimethylpentane'
/

&pengrobinson
    ac = 31.358119566947742
    b = 0.119430763013114
    k = 0.8080622687835418
/

&pure
    a = 0.72352
    acentric_factor = 0.296407
    b = 0.28629
    c = 537.3
    d = 0.27121
    pc = 29.1
    tc = 537.3
    vc = 0.393
    vc_rat = 1.168
/

&rkpr
    ac = 32.044346519191905
    b = 0.11510425957037435
    del1 = 2.8547414415311017
    k = 2.1947218568873073
/

&soaveredlichkwong
    ac = 29.31744238573736
    b = 0.13300829443940523
    k = 0.9311696238114249
/
