&names
    formula_extended = 'C6H5(CH3)2CC(CH3)2C6H5'
    iupac = '2,3-Dimethyl-2,3-Diphenylbutane'
/

&pengrobinson
    ac = 102.93142941652054
    b = 0.26165868790852675
    k = 1.1107790528260015
/

&pure
    a = 0.29732
    acentric_factor = 0.520782
    b = 0.232
    c = 805.0
    d = 0.28571
    pc = 19.9
    tc = 805.0
    vc = 0.781
    vc_rat = 1.168
/

&rkpr
    ac = 112.94371121273673
    b = 0.22138439913301802
    del1 = 4.465176213078368
    k = 2.5658302753473485
/

&soaveredlichkwong
    ac = 96.23301056550442
    b = 0.2914054547247954
    k = 1.2522484369833
/
