&names
    formula_extended = 'CH3(CH2)2CH(CH3)C(CH3)CH2'
    iupac = '2,3-Dimethyl-1-Hexene'
/

&pengrobinson
    ac = 36.04341730129816
    b = 0.13147589458736164
    k = 0.8472780897726874
/

&pure
    a = 0.61313
    acentric_factor = 0.324937
    b = 0.27284
    c = 561.0
    d = 0.28662
    pc = 27.6
    tc = 561.0
    vc = 0.445
    vc_rat = 1.168
/

&rkpr
    ac = 36.02967007642954
    b = 0.13156004152031672
    del1 = 2.406564820303408
    k = 2.4268650439475117
/

&soaveredlichkwong
    ac = 33.69783726539801
    b = 0.14642278134855263
    k = 0.972973628555425
/
