&names
    formula_extended = '-C(CH3)CHC(CH3)CHC(CH3)N-'
    iupac = '2,4,6-Trimethylpyridine'
/

&pengrobinson
    ac = 40.475427888029614
    b = 0.12684148067688553
    k = 0.9149147734836717
/

&pure
    a = 0.62803
    acentric_factor = 0.374914
    b = 0.26188
    c = 653.0
    d = 0.25695
    pc = 33.3
    tc = 653.0
    vc = 0.417
    vc_rat = 1.168
/

&rkpr
    ac = 41.39060449160746
    b = 0.12209593572453366
    del1 = 2.869483511005945
    k = 2.481637479870594
/

&soaveredlichkwong
    ac = 37.841428042647046
    b = 0.14126150234130896
    k = 1.0455165472057
/
