&names
    formula_extended = 'CH2C(CH3)CH2C(CH3)2CH3'
    iupac = '2,4,4-Trimethyl-1-Pentene'
/

&pengrobinson
    ac = 35.6779509859809
    b = 0.13274563544817022
    k = 0.8144825042504908
/

&pure
    a = 0.63797
    acentric_factor = 0.301056
    b = 0.27815
    c = 550.0
    d = 0.29546
    pc = 26.8
    tc = 550.0
    vc = 0.436
    vc_rat = 1.168
/

&rkpr
    ac = 36.51103444615725
    b = 0.1276190849103753
    del1 = 2.884484651092791
    k = 2.204112816570932
/

&soaveredlichkwong
    ac = 33.356154224730766
    b = 0.1478368731789601
    k = 0.9380010688511999
/
