&names
    formula_extended = 'CH3CH2C(CH3)2CH2CH(CH3)2'
    iupac = '2,4,4-Trimethylhexane'
/

&pengrobinson
    ac = 43.3737005956419
    b = 0.152768347408453
    k = 0.8843458451698266
/

&pure
    a = 0.53342
    acentric_factor = 0.352203
    b = 0.27258
    c = 581.0
    d = 0.29137
    pc = 24.6
    tc = 581.0
    vc = 0.511
    vc_rat = 1.168
/

&rkpr
    ac = 43.76279020655112
    b = 0.15048182907309507
    del1 = 2.594249587183883
    k = 2.47567904945753
/

&soaveredlichkwong
    ac = 40.55109125896882
    b = 0.17013587471507405
    k = 1.0126593051884252
/
