&names
    formula_extended = '(CH3)C6H2(NO2)3'
    iupac = '2,4,6-Trinitrotoluene'
/

&pengrobinson
    ac = 71.28471367410931
    b = 0.17617695866322228
    k = 1.5917524410840354
/

&pure
    a = 0.37378
    acentric_factor = 0.897249
    b = 0.21379
    c = 828.0
    d = 0.29905
    pc = 30.4
    tc = 828.0
    vc = 0.572
    vc_rat = 1.168
/

&rkpr
    ac = 73.59546699188999
    b = 0.16678324527226113
    del1 = 3.0692919404707237
    k = 4.125049565555948
/

&soaveredlichkwong
    ac = 66.64575283803933
    b = 0.19620570278650695
    k = 1.751385166599825
/
