&names
    formula_extended = 'CH3C(CH3)CHC(CH3)2CH3'
    iupac = '2,4,4-Trimethyl-2-Pentene'
/

&pengrobinson
    ac = 36.3295895948984
    b = 0.1339524139522445
    k = 0.8089854897657
/

&pure
    a = 0.63365
    acentric_factor = 0.297075
    b = 0.27627
    c = 555.0
    d = 0.29438
    pc = 26.8
    tc = 555.0
    vc = 0.436
    vc_rat = 1.168
/

&rkpr
    ac = 37.43589560807647
    b = 0.12723484173094346
    del1 = 3.0291086079654614
    k = 2.1501630551466557
/

&soaveredlichkwong
    ac = 33.96538646305023
    b = 0.14918084475331428
    k = 0.932151677765625
/
