&names
    formula_extended = 'CH3(CH2)3CH(CH3)CH2CH(CH3)2'
    iupac = '2,4-Dimethyloctane'
/

&pengrobinson
    ac = 52.4387205107581
    b = 0.17884791101856534
    k = 0.9937662439110453
/

&pure
    a = 0.45763
    acentric_factor = 0.434479
    b = 0.26314
    c = 600.0
    d = 0.32033
    pc = 21.7
    tc = 600.0
    vc = 0.575
    vc_rat = 1.168
/

&rkpr
    ac = 54.54083188328199
    b = 0.16710956579794023
    del1 = 3.227142987847403
    k = 2.5956549054677014
/

&soaveredlichkwong
    ac = 49.02619125721942
    b = 0.1991803033697259
    k = 1.1308348457478252
/
