&names
    formula_extended = '(CH3)2C(C6H5)CH2C(C6H5)CH2'
    iupac = '2,4-Diphenyl-4-Methylpentene-1'
/

&pengrobinson
    ac = 110.19256054250818
    b = 0.27005289364174123
    k = 1.1450802813691585
/

&pure
    a = 0.28809
    acentric_factor = 0.546694
    b = 0.2417
    c = 835.0
    d = 0.2857
    pc = 20.0
    tc = 835.0
    vc = 0.839
    vc_rat = 1.168
/

&rkpr
    ac = 117.53552765106781
    b = 0.24105467806134553
    del1 = 3.7868142705234624
    k = 2.8266089236224237
/

&soaveredlichkwong
    ac = 103.0216125729349
    b = 0.30075395890897905
    k = 1.2881933483137
/
