&names
    formula_extended = 'CH3CH(OH)CH2CH(OH)CH3'
    iupac = '2,4-Pentanediol'
/

&pengrobinson
    ac = 28.881697442176772
    b = 0.09396261708490009
    k = 1.8627028995825348
/

&pure
    a = 0.82795
    acentric_factor = 1.12226
    b = 0.26869
    c = 629.0
    d = 0.28571
    pc = 43.3
    tc = 629.0
    vc = 0.325
    vc_rat = 1.168
/

&rkpr
    ac = 28.37199100155079
    b = 0.09677497110468651
    del1 = 2.0593240234760897
    k = 5.0789842766034585
/

&soaveredlichkwong
    ac = 27.002177185898557
    b = 0.10464479271687452
    k = 2.02603042617
/
