&names
    formula_extended = 'CH3(C6H3)(NO2)2'
    iupac = '2,4-Dinitrotoluene'
/

&pengrobinson
    ac = 61.59978726187533
    b = 0.15485949660047715
    k = 1.3603742913295847
/

&pure
    a = 0.47844
    acentric_factor = 0.712571
    b = 0.233
    c = 814.0
    d = 0.25825
    pc = 34.0
    tc = 814.0
    vc = 0.487
    vc_rat = 1.168
/

&rkpr
    ac = 65.12649740785676
    b = 0.14049242078947619
    del1 = 3.586340571449653
    k = 3.4156383780373325
/

&soaveredlichkwong
    ac = 57.59108769797611
    b = 0.17246475699324332
    k = 1.512729203742825
/
