&names
    formula_extended = 'CH3CH(CH3)CH2CH(CH3)CH2CH3'
    iupac = '2,4-Dimethylhexane'
/

&pengrobinson
    ac = 37.827235627245535
    b = 0.13985242948232013
    k = 0.872692164905554
/

&pure
    a = 0.5903
    acentric_factor = 0.343599
    b = 0.2728
    c = 553.5
    d = 0.2985
    pc = 25.6
    tc = 553.5
    vc = 0.472
    vc_rat = 1.168
/

&rkpr
    ac = 37.89863339176909
    b = 0.13941009649250485
    del1 = 2.45206722353328
    k = 2.484040059259422
/

&soaveredlichkwong
    ac = 35.365570908862615
    b = 0.15575160577855526
    k = 1.0001642782598252
/
