&names
    formula_extended = '(CH3)2CHCH2CH(CH3)2'
    iupac = '2,4-Dimethylpentane'
/

&pengrobinson
    ac = 31.169605603657445
    b = 0.12270946642333763
    k = 0.8161267683422002
/

&pure
    a = 0.65815
    acentric_factor = 0.302248
    b = 0.27528
    c = 519.8
    d = 0.26949
    pc = 27.4
    tc = 519.8
    vc = 0.418
    vc_rat = 1.168
/

&rkpr
    ac = 30.998926685894716
    b = 0.12384053139045052
    del1 = 2.3043813319345903
    k = 2.3696211402122636
/

&soaveredlichkwong
    ac = 29.141196254464372
    b = 0.13665973848584928
    k = 0.9397514276368
/
