&names
    formula_extended = '(NCO)2C6H3CH3'
    iupac = '2,4-Toluene Diisocyanate'
/

&pengrobinson
    ac = 54.65271596909162
    b = 0.1542612258826524
    k = 1.2906395020218153
/

&pure
    a = 0.42318
    acentric_factor = 0.658224
    b = 0.22216
    c = 725.0
    d = 0.27806
    pc = 30.4
    tc = 725.0
    vc = 0.525
    vc_rat = 1.168
/

&rkpr
    ac = 54.39304998744021
    b = 0.15549440931179023
    del1 = 2.318920643121496
    k = 3.628908864335482
/

&soaveredlichkwong
    ac = 51.0961076038741
    b = 0.17179847164277484
    k = 1.4402242800192
/
