&names
    formula_extended = '(H2N)2C6H3CH3'
    iupac = '2,4-Diaminotoluene'
/

&pengrobinson
    ac = 46.64953365561287
    b = 0.11873377983100097
    k = 1.1881636592071512
/

&pure
    a = 0.65522
    acentric_factor = 0.579439
    b = 0.24665
    c = 804.0
    d = 0.28571
    pc = 43.8
    tc = 804.0
    vc = 0.376
    vc_rat = 1.168
/

&rkpr
    ac = 49.068708343415274
    b = 0.10872367820457422
    del1 = 3.4724977664279186
    k = 3.0217584549467484
/

&soaveredlichkwong
    ac = 43.61374451519979
    b = 0.13223207446084223
    k = 1.333280813923825
/
