&names
    formula_extended = '(C6H3)CH3Cl2'
    iupac = '2,4-Dichlorotoluene'
/

&pengrobinson
    ac = 43.761591213428666
    b = 0.12702436242885431
    k = 0.8935426588312556
/

&pure
    a = 0.61245
    acentric_factor = 0.359014
    b = 0.25466
    c = 705.0
    d = 0.2857
    pc = 35.9
    tc = 705.0
    vc = 0.404
    vc_rat = 1.168
/

&rkpr
    ac = 45.883826868159275
    b = 0.11698955805493576
    del1 = 3.4019810436840467
    k = 2.2788161958904736
/

&soaveredlichkwong
    ac = 40.9137393066189
    b = 0.14146517507436174
    k = 1.0225321018657
/
