&names
    formula_extended = '(CH3)2CHCH(C2H5)CH(CH3)2'
    iupac = '2,4-Dimethyl-3-Ethylpentane'
/

&pengrobinson
    ac = 43.63789170291861
    b = 0.15109820846111957
    k = 0.8854490008556788
/

&pure
    a = 0.51487
    acentric_factor = 0.353019
    b = 0.26588
    c = 591.0
    d = 0.28571
    pc = 25.3
    tc = 591.0
    vc = 0.512
    vc_rat = 1.168
/

&rkpr
    ac = 43.58161782136982
    b = 0.15142535877608607
    del1 = 2.3883526548910505
    k = 2.537448725460126
/

&soaveredlichkwong
    ac = 40.798089729329035
    b = 0.1682758653903639
    k = 1.013842983486825
/
