&names
    formula_extended = '(C6H3)(CH3)2OH'
    iupac = '2,4-Xylenol'
/

&pengrobinson
    ac = 35.974408765504556
    b = 0.10402990211517592
    k = 1.1012429904285455
/

&pure
    a = 0.66896
    acentric_factor = 0.513603
    b = 0.26089
    c = 707.65
    d = 0.24477
    pc = 44.0
    tc = 707.65
    vc = 0.39
    vc_rat = 1.168
/

&rkpr
    ac = 33.19231061013359
    b = 0.11819402564371716
    del1 = 0.41421356237309515
    k = 3.595830289958723
/

&soaveredlichkwong
    ac = 33.633319564713375
    b = 0.11585658085026619
    k = 1.242248214718425
/
