&names
    formula_extended = 'Cl(C6H3)ClCF3'
    iupac = '2,4-Dichlorobenzotrifluoride'
/

&pengrobinson
    ac = 46.94269679953393
    b = 0.14870259704866265
    k = 0.993617161365508
/

&pure
    a = 0.5232
    acentric_factor = 0.434365
    b = 0.245
    c = 646.0
    d = 0.2857
    pc = 28.1
    tc = 646.0
    vc = 0.443
    vc_rat = 1.168
/

&rkpr
    ac = 51.576985696483504
    b = 0.1254929002030004
    del1 = 4.498317814769952
    k = 2.2676904469804082
/

&soaveredlichkwong
    ac = 43.88782962298751
    b = 0.16560790798917507
    k = 1.130672743185625
/
