&names
    formula_extended = 'CH3(C6H3)(NO2)2'
    iupac = '2,5-Dinitrotoluene'
/

&pengrobinson
    ac = 61.59978726187533
    b = 0.15485949660047715
    k = 1.3600093188445919
/

&pure
    a = 0.50237
    acentric_factor = 0.712285
    b = 0.23693
    c = 814.0
    d = 0.28571
    pc = 34.0
    tc = 814.0
    vc = 0.472
    vc_rat = 1.168
/

&rkpr
    ac = 66.60951423700865
    b = 0.13474176934561682
    del1 = 4.107209155942475
    k = 3.268882315302552
/

&soaveredlichkwong
    ac = 57.59108769797611
    b = 0.17246475699324332
    k = 1.5123503537856249
/
