&names
    formula_extended = 'CH2C(CH3)CH2CH2C(CH3)CH2'
    iupac = '2,5-Dimethyl-1,5-Hexadiene'
/

&pengrobinson
    ac = 37.087270727569276
    b = 0.13385199588694197
    k = 0.8456908177243341
/

&pure
    a = 0.58121
    acentric_factor = 0.323776
    b = 0.2588
    c = 567.0
    d = 0.28571
    pc = 27.4
    tc = 567.0
    vc = 0.445
    vc_rat = 1.168
/

&rkpr
    ac = 37.59889664775179
    b = 0.13078019846338307
    del1 = 2.691322710401848
    k = 2.342443205264785
/

&soaveredlichkwong
    ac = 34.67376034709052
    b = 0.14906901062230965
    k = 0.9712780168192
/
