&names
    formula_extended = '(CH3)2CCHCHC(CH3)2'
    iupac = '2,5-Dimethyl-2,4-Hexadiene'
/

&pengrobinson
    ac = 41.11567447950706
    b = 0.14093411207143627
    k = 0.8430437472844724
/

&pure
    a = 0.64095
    acentric_factor = 0.321841
    b = 0.27241
    c = 597.0
    d = 0.27578
    pc = 27.4
    tc = 597.0
    vc = 0.425
    vc_rat = 1.168
/

&rkpr
    ac = 44.794227859421035
    b = 0.12088956155333139
    del1 = 4.28859085315359
    k = 1.923916060317073
/

&soaveredlichkwong
    ac = 38.44000961633583
    b = 0.1569562598615853
    k = 0.9684509488758251
/
