&names
    formula_extended = '(C6H3)(CH3)2OH'
    iupac = '2,5-Xylenol'
/

&pengrobinson
    ac = 32.24879509022951
    b = 0.09333540190609466
    k = 1.1675985108149456
/

&pure
    a = 0.84077
    acentric_factor = 0.563781
    b = 0.29425
    c = 707.05
    d = 0.26921
    pc = 49.0
    tc = 707.05
    vc = 0.35
    vc_rat = 1.168
/

&rkpr
    ac = 29.75481905525727
    b = 0.10604342272803399
    del1 = 0.41421356237309515
    k = 3.7765487864938643
/

&soaveredlichkwong
    ac = 30.150155848751346
    b = 0.1039462723434406
    k = 1.3117677162068249
/
