&names
    formula_extended = 'CH3CH(CH3)CH2CH2CH(CH3)CH3'
    iupac = '2,5-Dimethylhexane'
/

&pengrobinson
    ac = 38.40036491663808
    b = 0.14287482048236796
    k = 0.8916205696427637
/

&pure
    a = 0.5434
    acentric_factor = 0.357589
    b = 0.26329
    c = 550.0
    d = 0.2782
    pc = 24.9
    tc = 550.0
    vc = 0.482
    vc_rat = 1.168
/

&rkpr
    ac = 38.48551086149744
    b = 0.14234406328363125
    del1 = 2.458683186119145
    k = 2.5343218715621236
/

&soaveredlichkwong
    ac = 35.90140294067408
    b = 0.1591175984416117
    k = 1.020467854738825
/
