&names
    formula_extended = 'CH3CH2CH2CH(CH3)CH2CH2CH(CH3)2'
    iupac = '2,5-Dimethyloctane'
/

&pengrobinson
    ac = 52.96441868387844
    b = 0.17974215057365817
    k = 1.0014214651332478
/

&pure
    a = 0.46492
    acentric_factor = 0.44034
    b = 0.26734
    c = 603.0
    d = 0.29758
    pc = 21.7
    tc = 603.0
    vc = 0.575
    vc_rat = 1.168
/

&rkpr
    ac = 55.29351366313726
    b = 0.16683129172742145
    del1 = 3.3077301182389887
    k = 2.5940465499601153
/

&soaveredlichkwong
    ac = 49.51767882457303
    b = 0.20017620488657453
    k = 1.13916277977
/
