&names
    formula_extended = '-CHCH2OCH2CH-'
    iupac = '2,5-Dihydrofuran'
/

&pengrobinson
    ac = 16.88282827975024
    b = 0.06374247941375014
    k = 0.7004588120397044
/

&pure
    a = 1.3547
    acentric_factor = 0.219709
    b = 0.27908
    c = 542.0
    d = 0.28571
    pc = 55.0
    tc = 542.0
    vc = 0.206
    vc_rat = 1.168
/

&rkpr
    ac = 17.491178712964242
    b = 0.059972672558169474
    del1 = 3.1435535646185575
    k = 1.8267167274435914
/

&soaveredlichkwong
    ac = 15.784152628896056
    b = 0.07098906727432407
    k = 0.8173743581808249
/
