&names
    formula_extended = '(CH3)2CHCH2COCH2CH(CH3)CH2CH(CH3)2'
    iupac = '2,6,8-Trimethyl-4-Nonanone'
/

&pengrobinson
    ac = 69.46961317860563
    b = 0.2160488817487045
    k = 1.2787103418457335
/

&pure
    a = 0.39789
    acentric_factor = 0.648987
    b = 0.27056
    c = 658.0
    d = 0.28571
    pc = 19.7
    tc = 658.0
    vc = 0.68
    vc_rat = 1.168
/

&rkpr
    ac = 73.40159307032195
    b = 0.19622548751895016
    del1 = 3.5725278562741973
    k = 3.2192731767149976
/

&soaveredlichkwong
    ac = 64.94877275963749
    b = 0.24061048051564876
    k = 1.427798315920425
/
