&names
    formula_extended = '((CH3)3C)2(C6H2)(OH)(CH3)'
    iupac = '2,6-Di-Tert-Butyl-P-Cresol'
/

&pengrobinson
    ac = 78.52428609071916
    b = 0.2219465845521703
    k = 1.3171023485704862
/

&pure
    a = 0.35583
    acentric_factor = 0.678777
    b = 0.26937
    c = 724.0
    d = 0.24566
    pc = 21.1
    tc = 724.0
    vc = 0.757
    vc_rat = 1.168
/

&rkpr
    ac = 78.01530028828415
    b = 0.22436973040544073
    del1 = 2.2841896322819735
    k = 3.7070963959071555
/

&soaveredlichkwong
    ac = 73.41419910179567
    b = 0.2471786658910813
    k = 1.4677658102474251
/
