&names
    formula_extended = 'CH3(C6H3)(C4H3)CH3'
    iupac = '2,6-Dimethylnaphthalene'
/

&pengrobinson
    ac = 60.199390606966055
    b = 0.15854557007849257
    k = 0.9717192025182546
/

&pure
    a = 0.47318
    acentric_factor = 0.417678
    b = 0.24605
    c = 777.0
    d = 0.3191
    pc = 31.7
    tc = 777.0
    vc = 0.52
    vc_rat = 1.168
/

&rkpr
    ac = 61.67225568721202
    b = 0.15213425441949008
    del1 = 2.9071519380142368
    k = 2.6256324306524297
/

&soaveredlichkwong
    ac = 56.28182397889915
    b = 0.1765698831275821
    k = 1.1068955624552999
/
