&names
    formula_extended = 'HOOC(C10H6)COOH'
    iupac = '2,6-Naphthalenedicarboxylic Acid'
/

&pengrobinson
    ac = 84.69277074990504
    b = 0.19171714212398866
    k = 1.907195312110793
/

&pure
    a = 0.40579
    acentric_factor = 1.16013
    b = 0.238
    c = 904.0
    d = 0.28571
    pc = 30.5
    tc = 904.0
    vc = 0.586
    vc_rat = 1.168
/

&rkpr
    ac = 91.39660787646008
    b = 0.16744520259481557
    del1 = 4.059287306108374
    k = 4.523143837719532
/

&soaveredlichkwong
    ac = 79.18126026810366
    b = 0.21351257787667974
    k = 2.0705118370425
/
