&names
    formula_extended = '-C(CH3)CHCHCHC(CH3)N-'
    iupac = '2,6-Dimethylpyridine'
/

&pengrobinson
    ac = 32.79436070092757
    b = 0.10758993527124062
    k = 0.8750385717843892
/

&pure
    a = 0.67813
    acentric_factor = 0.345329
    b = 0.25294
    c = 623.75
    d = 0.25905
    pc = 37.5
    tc = 623.75
    vc = 0.373
    vc_rat = 1.168
/

&rkpr
    ac = 32.15469189889989
    b = 0.11115316307624078
    del1 = 2.0216984598074057
    k = 2.613954735580825
/

&soaveredlichkwong
    ac = 30.660217950056005
    b = 0.11982133772102238
    k = 1.002678725307825
/
