&names
    formula_extended = '((CH3)2CHCH2)2CHOH'
    iupac = '2,6-Dimethyl-4-Heptanol'
/

&pengrobinson
    ac = 45.07168178196714
    b = 0.1529570457822895
    k = 1.4737188437537578
/

&pure
    a = 0.50862
    acentric_factor = 0.802194
    b = 0.26836
    c = 603.0
    d = 0.2857
    pc = 25.5
    tc = 603.0
    vc = 0.538
    vc_rat = 1.168
/

&rkpr
    ac = 43.67050041147058
    b = 0.16108897906008346
    del1 = 1.7843887250343413
    k = 4.260852466322251
/

&soaveredlichkwong
    ac = 42.13857374483274
    b = 0.17034602533484972
    k = 1.6300381936137
/
