&names
    formula_extended = 'CH3(C6H3)(NO2)2'
    iupac = '2,6-Dinitrotoluene'
/

&pengrobinson
    ac = 55.12033557034132
    b = 0.14648871300045138
    k = 1.3624603554503998
/

&pure
    a = 0.53108
    acentric_factor = 0.714206
    b = 0.24174
    c = 770.0
    d = 0.28571
    pc = 34.0
    tc = 770.0
    vc = 0.455
    vc_rat = 1.168
/

&rkpr
    ac = 58.803777697647945
    b = 0.1307162106286397
    del1 = 3.7908594496890133
    k = 3.3623405708822824
/

&soaveredlichkwong
    ac = 51.53329615048994
    b = 0.16314233769631126
    k = 1.5148944571737
/
