&names
    formula_extended = 'CH3(C6H3)(CNO)2'
    iupac = '2,6-Toluene Diisocyanate'
/

&pengrobinson
    ac = 61.14697220326157
    b = 0.16706142253781883
    k = 0.9928546383144019
/

&pure
    a = 0.42269
    acentric_factor = 0.433782
    b = 0.22191
    c = 749.0
    d = 0.28571
    pc = 29.0
    tc = 749.0
    vc = 0.525
    vc_rat = 1.168
/

&rkpr
    ac = 64.68131749006248
    b = 0.151418876484456
    del1 = 3.5979790455947938
    k = 2.492603114154366
/

&soaveredlichkwong
    ac = 57.16774026593507
    b = 0.18605386349190609
    k = 1.1298436738833
/
