&names
    formula_extended = '(C2H5)2(C6H3)NH2'
    iupac = '2,6-Diethylaniline'
/

&pengrobinson
    ac = 46.57084449288647
    b = 0.14056184698994362
    k = 1.6094441570363134
/

&pure
    a = 0.47177
    acentric_factor = 0.91165
    b = 0.25145
    c = 678.0
    d = 0.28571
    pc = 31.2
    tc = 678.0
    vc = 0.533
    vc_rat = 1.168
/

&rkpr
    ac = 42.96926589843948
    b = 0.15969995366586093
    del1 = 0.41421356237309515
    k = 4.915289718216707
/

&soaveredlichkwong
    ac = 43.54017616905939
    b = 0.15654167368362334
    k = 1.7694935985625
/
