&names
    formula_extended = '(C6H3)(CH3)2OH'
    iupac = '2,6-Xylenol'
/

&pengrobinson
    ac = 36.12757832645494
    b = 0.10545638829552578
    k = 1.0210145004242668
/

&pure
    a = 0.73771
    acentric_factor = 0.455406
    b = 0.288
    c = 701.05
    d = 0.28571
    pc = 43.0
    tc = 701.05
    vc = 0.39
    vc_rat = 1.168
/

&rkpr
    ac = 33.538684449203565
    b = 0.11871313928567816
    del1 = 0.7898093275986476
    k = 3.344903811254856
/

&soaveredlichkwong
    ac = 33.77652138422378
    b = 0.11744523765110136
    k = 1.1605149846537002
/
