&names
    formula_extended = 'CH3CH2CH(CH3)(CH2)3CH(CH3)2'
    iupac = '2,6-Dimethyloctane'
/

&pengrobinson
    ac = 53.49273879302433
    b = 0.18063639012875102
    k = 0.9991324595374317
/

&pure
    a = 0.45956
    acentric_factor = 0.438586
    b = 0.26425
    c = 606.0
    d = 0.31791
    pc = 21.7
    tc = 606.0
    vc = 0.575
    vc_rat = 1.168
/

&rkpr
    ac = 56.05163288836438
    b = 0.16655465597135494
    del1 = 3.3882017385168135
    k = 2.5658658439092052
/

&soaveredlichkwong
    ac = 50.01161770148953
    b = 0.20117210640342317
    k = 1.1366717701056999
/
