&names
    formula_extended = 'CH3C6H3(NH2)2'
    iupac = '2,6-Diaminotoluene'
/

&pengrobinson
    ac = 46.64953365561287
    b = 0.11873377983100097
    k = 1.188614720268399
/

&pure
    a = 0.65522
    acentric_factor = 0.579783
    b = 0.282
    c = 804.0
    d = 0.28571
    pc = 43.8
    tc = 804.0
    vc = 0.43
    vc_rat = 1.168
/

&rkpr
    ac = 44.100461426395
    b = 0.1299936950552817
    del1 = 1.2682598257301658
    k = 3.6842574157093675
/

&soaveredlichkwong
    ac = 43.61374451519979
    b = 0.13223207446084223
    k = 1.333752484759425
/
