&names
    formula_extended = 'CH3CH2(C6H5)(C4H3)CH2CH3'
    iupac = '2,6-Diethylnaphthalene'
/

&pengrobinson
    ac = 79.78783539813331
    b = 0.20232343236214564
    k = 1.098904282630664
/

&pure
    a = 0.38452
    acentric_factor = 0.511844
    b = 0.242
    c = 807.0
    d = 0.28571
    pc = 25.8
    tc = 807.0
    vc = 0.63
    vc_rat = 1.168
/

&rkpr
    ac = 84.96573782172453
    b = 0.18114381760710158
    del1 = 3.7493744671226192
    k = 2.7200796720072367
/

&soaveredlichkwong
    ac = 74.59552102202645
    b = 0.22532464822870174
    k = 1.2397952069412
/
