&names
    formula_extended = 'CH3CH(CH3)(CH2)3CH(CH3)CH3'
    iupac = '2,6-Dimethylheptane'
/

&pengrobinson
    ac = 46.072163952851575
    b = 0.1628332469862725
    k = 0.9386988282163252
/

&pure
    a = 0.52468
    acentric_factor = 0.392729
    b = 0.27283
    c = 579.0
    d = 0.2923
    pc = 23.0
    tc = 579.0
    vc = 0.52
    vc_rat = 1.168
/

&rkpr
    ac = 48.160750532677596
    b = 0.15078554626551807
    del1 = 3.33598464778704
    k = 2.4176648446403055
/

&soaveredlichkwong
    ac = 43.073948021349565
    b = 0.18134500620494542
    k = 1.071164134197825
/
