&names
    formula_extended = 'CH3(C6H3)(C4H3)CH3'
    iupac = '2,7-Dimethylnaphthalene'
/

&pengrobinson
    ac = 58.77737712392481
    b = 0.15519993516794237
    k = 1.0110239153679155
/

&pure
    a = 0.35617
    acentric_factor = 0.447712
    b = 0.2137
    c = 775.0
    d = 0.28409
    pc = 32.3
    tc = 775.0
    vc = 0.6
    vc_rat = 1.168
/

&rkpr
    ac = 54.2318004741477
    b = 0.17633108120042185
    del1 = 0.41421356237309515
    k = 3.352217227945623
/

&soaveredlichkwong
    ac = 54.952350179559936
    b = 0.17284389844790327
    k = 1.1496206318848001
/
