&names
    formula_extended = '(CH3)2CH(CH2)4CH(CH3)2'
    iupac = '2,7-Dimethyloctane'
/

&pengrobinson
    ac = 54.13817272850863
    b = 0.18342126761644226
    k = 1.0035628033195858
/

&pure
    a = 0.46956
    acentric_factor = 0.441982
    b = 0.27
    c = 604.0
    d = 0.29916
    pc = 21.3
    tc = 604.0
    vc = 0.575
    vc_rat = 1.168
/

&rkpr
    ac = 57.370086585925286
    b = 0.16570345603047368
    del1 = 3.6382784818849165
    k = 2.5104814424605015
/

&soaveredlichkwong
    ac = 50.615049044908005
    b = 0.20427358374071386
    k = 1.1414937525433
/
