&names
    formula_extended = 'C2H5O(C2H4O)3H'
    iupac = '2-(2-(2-Ethoxyethoxy)Ethoxy)Ethanol'
/

&pengrobinson
    ac = 58.762083680903785
    b = 0.17709669188984187
    k = 1.78757748966808
/

&pure
    a = 0.43929
    acentric_factor = 1.05891
    b = 0.24896
    c = 679.0
    d = 0.28571
    pc = 24.8
    tc = 679.0
    vc = 0.567
    vc_rat = 1.168
/

&rkpr
    ac = 61.30874763076273
    b = 0.16455507743232012
    del1 = 3.2945146856597787
    k = 4.499068179969916
/

&soaveredlichkwong
    ac = 54.93805198053397
    b = 0.197229996232564
    k = 1.9504985220825
/
