&names
    formula_extended = 'CH3CH2OCH2CH2OCH2CH2OH'
    iupac = '2-(2-Ethoxyethoxy)Ethanol'
/

&pengrobinson
    ac = 43.31989050644655
    b = 0.13513459569700007
    k = 1.3196445615261552
/

&pure
    a = 0.5757
    acentric_factor = 0.680756
    b = 0.25096
    c = 656.0
    d = 0.28571
    pc = 31.4
    tc = 656.0
    vc = 0.436
    vc_rat = 1.168
/

&rkpr
    ac = 44.936851479452606
    b = 0.12686238830964502
    del1 = 3.1701596390220494
    k = 3.4380998750090264
/

&soaveredlichkwong
    ac = 40.50078294292365
    b = 0.15049742327647145
    k = 1.4704099159811999
/
