&names
    formula_extended = 'CH3(CH2)5OCH2CH2OCH2CH2OH'
    iupac = '2-(2-Hexoxyethoxy)Ethanol'
/

&pengrobinson
    ac = 61.36270280142955
    b = 0.1835825569617124
    k = 1.84936690851203
/

&pure
    a = 0.42377
    acentric_factor = 1.11096
    b = 0.26687
    c = 684.0
    d = 0.28571
    pc = 24.1
    tc = 684.0
    vc = 0.631
    vc_rat = 1.168
/

&rkpr
    ac = 60.587789451669906
    b = 0.18750225379851598
    del1 = 2.1606360561126143
    k = 5.014596146764866
/

&soaveredlichkwong
    ac = 57.369431868300694
    b = 0.20445320932615266
    k = 2.01266041872
/
