&names
    formula_extended = 'HOCH2CH2OCH2CH2OCH2CH2OCH3'
    iupac = '2-(2-(2-Methoxyethoxy)Ethoxy)Ethanol'
/

&pengrobinson
    ac = 53.066935635486644
    b = 0.16040517557891582
    k = 1.7626933800960511
/

&pure
    a = 0.52837
    acentric_factor = 1.03809
    b = 0.26208
    c = 677.0
    d = 0.26477
    pc = 27.3
    tc = 677.0
    vc = 0.496
    vc_rat = 1.168
/

&rkpr
    ac = 56.79601925938396
    b = 0.14228099136200262
    del1 = 3.8652879680426113
    k = 4.2687266768746195
/

&soaveredlichkwong
    ac = 49.6135243301021
    b = 0.17864089858206994
    k = 1.9253682615825
/
