&names
    formula_extended = 'CH3OCH2CH2OCH2CH2OH'
    iupac = '2-(2-Methoxyethoxy)Ethanol'
/

&pengrobinson
    ac = 35.439464948573566
    b = 0.11511439696491557
    k = 1.5590560914113538
/

&pure
    a = 0.71598
    acentric_factor = 0.87074
    b = 0.26276
    c = 630.0
    d = 0.25533
    pc = 35.4
    tc = 630.0
    vc = 0.367
    vc_rat = 1.168
/

&rkpr
    ac = 37.091998881873714
    b = 0.10636050228868496
    del1 = 3.363011872814594
    k = 3.9569919460493224
/

&soaveredlichkwong
    ac = 33.13318802783988
    b = 0.12820122068585324
    k = 1.71786183417
/
