&names
    formula_extended = 'CH3(CH2)3OCH2CH2OCH2CH2OH'
    iupac = '2-(2-Butoxyethoxy)Ethanol'
/

&pengrobinson
    ac = 54.29924356306543
    b = 0.1605027521457536
    k = 1.2861840334878707
/

&pure
    a = 0.48471
    acentric_factor = 0.654772
    b = 0.2603
    c = 692.3
    d = 0.28571
    pc = 27.9
    tc = 692.3
    vc = 0.537
    vc_rat = 1.168
/

&rkpr
    ac = 54.77603161750931
    b = 0.15815104858657614
    del1 = 2.590433650960057
    k = 3.532099011014901
/

&soaveredlichkwong
    ac = 50.76563795066366
    b = 0.1787495681777831
    k = 1.4355840129028001
/
