&names
    formula_extended = 'C4H9O(C2H4O)3H'
    iupac = '2-(2-(2-Butoxyethoxy)Ethoxy)Ethanol'
/

&pengrobinson
    ac = 72.35965265286777
    b = 0.21305645892784303
    k = 1.8807743237762233
/

&pure
    a = 0.36515
    acentric_factor = 1.13761
    b = 0.2499
    c = 695.0
    d = 0.28571
    pc = 21.1
    tc = 695.0
    vc = 0.684
    vc_rat = 1.168
/

&rkpr
    ac = 75.34124114081598
    b = 0.1986925512077733
    del1 = 3.250277495710875
    k = 4.716320323183942
/

&soaveredlichkwong
    ac = 67.65073853275399
    b = 0.23727786297555456
    k = 2.0441207503825
/
