&names
    formula_extended = 'H2NCH2CH2OCH2CH2OH'
    iupac = '2-Aminoethoxyethanol'
/

&pengrobinson
    ac = 28.942229708001747
    b = 0.08058007787544091
    k = 1.162323698301901
/

&pure
    a = 0.72158
    acentric_factor = 0.559773
    b = 0.24476
    c = 735.0
    d = 0.2721
    pc = 59.0
    tc = 735.0
    vc = 0.3392
    vc_rat = 1.168
/

&rkpr
    ac = 26.703968492707943
    b = 0.09155140586634476
    del1 = 0.41421356237309515
    k = 3.762266298937334
/

&soaveredlichkwong
    ac = 27.058770222735895
    b = 0.08974085448009726
    k = 1.306247184982425
/
