&names
    formula_extended = 'CH3CHBrCH3'
    iupac = '2-Bromopropane'
/

&pengrobinson
    ac = 16.23607262624816
    b = 0.06245286823843695
    k = 0.7337486459840347
/

&pure
    a = 0.932
    acentric_factor = 0.243197
    b = 0.248
    c = 532.0
    d = 0.38
    pc = 55.1
    tc = 532.0
    vc = 0.266
    vc_rat = 1.168
/

&rkpr
    ac = 14.980448162802707
    b = 0.07095609781430989
    del1 = 0.41421356237309515
    k = 2.5505014881065806
/

&soaveredlichkwong
    ac = 15.179485580264007
    b = 0.06955284616519854
    k = 0.852441741358425
/
