&names
    formula_extended = 'CH3CH2CHBrCH3'
    iupac = '2-Bromobutane'
/

&pengrobinson
    ac = 21.947974469447047
    b = 0.0792126282354689
    k = 0.7690736564342252
/

&pure
    a = 0.86546
    acentric_factor = 0.268354
    b = 0.27695
    c = 567.0
    d = 0.24
    pc = 46.3
    tc = 567.0
    vc = 0.32
    vc_rat = 1.168
/

&rkpr
    ac = 20.25061733750361
    b = 0.0899977720117786
    del1 = 0.41421356237309515
    k = 2.6528379122856904
/

&soaveredlichkwong
    ac = 20.51967674968208
    b = 0.08821794581104286
    k = 0.8897867688696999
/
