&names
    formula_extended = 'CH3(CH2)3OCH2CH2OH'
    iupac = '2-Butoxyethanol'
/

&pengrobinson
    ac = 38.842132951630745
    b = 0.1253907079635223
    k = 1.102180093895778
/

&pure
    a = 0.59126
    acentric_factor = 0.514308
    b = 0.25043
    c = 633.9
    d = 0.2682
    pc = 32.7
    tc = 633.9
    vc = 0.42357
    vc_rat = 1.168
/

&rkpr
    ac = 38.887931790688626
    b = 0.12514284907315115
    del1 = 2.437860065150252
    k = 3.105028792737291
/

&soaveredlichkwong
    ac = 36.314422250907505
    b = 0.13964579798377688
    k = 1.2432310661988
/
