&names
    formula_extended = 'CH3CH2CH(OH)CH3'
    iupac = '2-Butanol'
/

&pengrobinson
    ac = 21.627528390828857
    b = 0.0825397438748595
    k = 1.184670784692382
/

&pure
    a = 0.96577
    acentric_factor = 0.576776
    b = 0.26056
    c = 536.2
    d = 0.27498
    pc = 42.02
    tc = 536.2
    vc = 0.269
    vc_rat = 1.168
/

&rkpr
    ac = 22.264537460110166
    b = 0.07853374049048202
    del1 = 3.0087154759872328
    k = 3.1470518955921167
/

&soaveredlichkwong
    ac = 20.22008418554356
    b = 0.09192330584922181
    k = 1.3296280770192
/
