&names
    formula_extended = 'HOCH2CCCH2OH'
    iupac = '2-Butyne-1,4-Diol'
/

&pengrobinson
    ac = 26.054414180469454
    b = 0.07671486831702198
    k = 1.871538940133387
/

&pure
    a = 0.9149
    acentric_factor = 1.12976
    b = 0.23422
    c = 695.0
    d = 0.28571
    pc = 58.6
    tc = 695.0
    vc = 0.256
    vc_rat = 1.168
/

&rkpr
    ac = 26.336845229120208
    b = 0.07532896390075765
    del1 = 2.6318348013250255
    k = 4.9013198409685526
/

&soaveredlichkwong
    ac = 24.3588836696435
    b = 0.08543622711235839
    k = 2.0348796499200006
/
