&names
    formula_extended = 'CF2CHCl'
    iupac = '2-Chloro-1,1-Difluoroethylene'
/

&pengrobinson
    ac = 11.3750549373366
    b = 0.0581138706629266
    k = 0.688839545138688
/

&pure
    a = 1.3593
    acentric_factor = 0.21156
    b = 0.26765
    c = 400.55
    d = 0.2882
    pc = 44.583
    tc = 400.55
    vc = 0.197
    vc_rat = 1.168
/

&rkpr
    ac = 11.356729857974157
    b = 0.058271088817814454
    del1 = 2.381906729761031
    k = 1.9961226957813554
/

&soaveredlichkwong
    ac = 10.63480598854108
    b = 0.06472056801059965
    k = 0.80516285412
/
