&names
    formula_extended = 'CH2ClCH2OH'
    iupac = '2-Chloroethanol'
/

&pengrobinson
    ac = 18.272557828989953
    b = 0.06391849117188
    k = 1.2900911272240625
/

&pure
    a = 1.234
    acentric_factor = 0.657799
    b = 0.2616
    c = 585.0
    d = 0.21893
    pc = 59.2
    tc = 585.0
    vc = 0.212
    vc_rat = 1.168
/

&rkpr
    ac = 18.558678545678585
    b = 0.06225537110304805
    del1 = 2.728885282150304
    k = 3.4988705881738538
/

&soaveredlichkwong
    ac = 17.08344342038014
    b = 0.07118508899569216
    k = 1.4396532092298249
/
