&names
    formula_extended = 'CF3CH2Cl'
    iupac = '2-Chloro-1,1,1-Trifluoroethane'
/

&pengrobinson
    ac = 15.22001240356843
    b = 0.07243185146329137
    k = 0.7383934607531765
/

&pure
    a = 1.0741
    acentric_factor = 0.246491
    b = 0.25512
    c = 430.0
    d = 0.28571
    pc = 38.4
    tc = 430.0
    vc = 0.238
    vc_rat = 1.168
/

&rkpr
    ac = 15.570411600243123
    b = 0.06967330382510871
    del1 = 2.8778326149932694
    k = 1.99885998624814
/

&soaveredlichkwong
    ac = 14.229547017294498
    b = 0.08066629386905001
    k = 0.8573442167108251
/
