&names
    formula_extended = 'CH2CClCH3'
    iupac = '2-Chloropropene'
/

&pengrobinson
    ac = 15.333602677094076
    b = 0.0656446511617541
    k = 0.6021248675931188
/

&pure
    a = 1.0754
    acentric_factor = 0.151519
    b = 0.25163
    c = 478.0
    d = 0.32608
    pc = 47.1
    tc = 478.0
    vc = 0.234
    vc_rat = 1.168
/

&rkpr
    ac = 14.691989909402931
    b = 0.07037367986054775
    del1 = 1.5569951562963564
    k = 1.9720890069297465
/

&soaveredlichkwong
    ac = 14.335745231526014
    b = 0.0731074881363347
    k = 0.714473254711825
/
