&names
    formula_extended = 'CHClFCF3'
    iupac = '2-Chloro-1,1,1,2-Tetrafluoroethane'
/

&pengrobinson
    ac = 13.519186968041135
    b = 0.06992338429328548
    k = 0.79607453520869
/

&pure
    a = 1.0865
    acentric_factor = 0.287749
    b = 0.26698
    c = 395.65
    d = 0.2805
    pc = 36.6
    tc = 395.65
    vc = 0.24381
    vc_rat = 1.168
/

&rkpr
    ac = 13.19339482870813
    b = 0.07279259755703837
    del1 = 1.9282260686422321
    k = 2.419625409588818
/

&soaveredlichkwong
    ac = 12.639405376058269
    b = 0.07787265066086681
    k = 0.918427015774825
/
