&names
    formula_extended = '(C6H11)-CHCO(CH2)3CH2-'
    iupac = '2-Cyclohexyl Cyclohexanone'
/

&pengrobinson
    ac = 71.45098520715753
    b = 0.18578751457323342
    k = 0.8331558435550701
/

&pure
    a = 0.48498
    acentric_factor = 0.314626
    b = 0.27598
    c = 787.0
    d = 0.28571
    pc = 27.4
    tc = 787.0
    vc = 0.569
    vc_rat = 1.168
/

&rkpr
    ac = 76.99839055336346
    b = 0.1626958252296166
    del1 = 4.025969455075257
    k = 1.9604889518781836
/

&soaveredlichkwong
    ac = 66.8012039989459
    b = 0.20690883837699772
    k = 0.9578981580217001
/
