&names
    formula_extended = 'CH3(CH2)2CHC(CH2CH3)CHO'
    iupac = '2-Ethyl-2-Hexenal'
/

&pengrobinson
    ac = 48.43057485377898
    b = 0.1558280170170091
    k = 1.0185801810872375
/

&pure
    a = 0.49925
    acentric_factor = 0.453529
    b = 0.23
    c = 636.0
    d = 0.28571
    pc = 26.4
    tc = 636.0
    vc = 0.461
    vc_rat = 1.168
/

&rkpr
    ac = 53.46758185651838
    b = 0.1302844126255945
    del1 = 4.619821092100824
    k = 2.3039023742770306
/

&soaveredlichkwong
    ac = 45.27888175668464
    b = 0.17354338401933467
    k = 1.1578591490778252
/
