&names
    formula_extended = 'CH3CH2(C6H3)(CH3)2'
    iupac = '2-Ethyl-M-Xylene'
/

&pengrobinson
    ac = 47.12457179582486
    b = 0.14371693035143623
    k = 0.9571014262058323
/

&pure
    a = 0.52506
    acentric_factor = 0.406602
    b = 0.25308
    c = 671.0
    d = 0.29133
    pc = 30.2
    tc = 671.0
    vc = 0.482
    vc_rat = 1.168
/

&rkpr
    ac = 47.448455036386676
    b = 0.14206677942659546
    del1 = 2.5521097676066353
    k = 2.6876008320503493
/

&soaveredlichkwong
    ac = 44.057868828105725
    b = 0.16005544388938012
    k = 1.0910596403793
/
