&names
    formula_extended = 'CH3(CH2)3CH(C2H5)CO2H'
    iupac = '2-Ethyl Hexanoic Acid'
/

&pengrobinson
    ac = 51.59037451930958
    b = 0.15672909934698392
    k = 1.4978858721211308
/

&pure
    a = 0.46825
    acentric_factor = 0.821512
    b = 0.24724
    c = 673.6
    d = 0.26811
    pc = 27.8
    tc = 673.6
    vc = 0.528
    vc_rat = 1.168
/

&rkpr
    ac = 51.761936868955175
    b = 0.15585648995342163
    del1 = 2.480912208098361
    k = 4.09143317827772
/

&soaveredlichkwong
    ac = 48.233052667567556
    b = 0.17454690623451366
    k = 1.6549555439248
/
