&names
    formula_extended = '(C6H4)(C4H3)CH2CH3'
    iupac = '2-Ethylnaphthalene'
/

&pengrobinson
    ac = 59.27325994245018
    b = 0.15732127996205636
    k = 0.9764824115433044
/

&pure
    a = 0.49483
    acentric_factor = 0.421298
    b = 0.25729
    c = 771.0
    d = 0.26729
    pc = 31.7
    tc = 771.0
    vc = 0.52
    vc_rat = 1.168
/

&rkpr
    ac = 60.36202893751218
    b = 0.15252731051922416
    del1 = 2.78360438598233
    k = 2.6738675102292566
/

&soaveredlichkwong
    ac = 55.415962671729844
    b = 0.1752064091265969
    k = 1.1120619511593
/
