&names
    formula_extended = 'CH3COOCH2CH(CH2CH3)(CH2)3CH3'
    iupac = '2-Ethylhexyl Acetate'
/

&pengrobinson
    ac = 60.11192699346029
    b = 0.19148649673054396
    k = 1.2140477253664612
/

&pure
    a = 0.43969
    acentric_factor = 0.599219
    b = 0.26374
    c = 642.4
    d = 0.29723
    pc = 21.7
    tc = 642.4
    vc = 0.6
    vc_rat = 1.168
/

&rkpr
    ac = 63.72240022206537
    b = 0.17288058332850342
    del1 = 3.646048043139295
    k = 3.0379708729279704
/

&soaveredlichkwong
    ac = 56.20005219266914
    b = 0.21325571147451985
    k = 1.3603346092568251
/
