&names
    formula_extended = 'CH2CHCOOCH2CH(C2H5)CH2CH2CH2CH3'
    iupac = '2-Ethylhexyl Acrylate'
/

&pengrobinson
    ac = 65.51210800545859
    b = 0.20467429816927366
    k = 1.309717845245252
/

&pure
    a = 0.3801
    acentric_factor = 0.673033
    b = 0.2527
    c = 655.0
    d = 0.28571
    pc = 20.7
    tc = 655.0
    vc = 0.664
    vc_rat = 1.168
/

&rkpr
    ac = 67.676136842224
    b = 0.19355765001173159
    del1 = 3.081927870796803
    k = 3.4399890177283514
/

&soaveredlichkwong
    ac = 61.24880823665992
    b = 0.22794277310351035
    k = 1.460083593659425
/
