&names
    formula_extended = 'CH3(CH2)3CH(CH2CH3)CH2OH'
    iupac = '2-Ethyl-1-Hexanol'
/

&pengrobinson
    ac = 46.326037766072425
    b = 0.1479862135730534
    k = 1.1571591422843397
/

&pure
    a = 0.53868
    acentric_factor = 0.555852
    b = 0.26125
    c = 640.6
    d = 0.2776
    pc = 28.0
    tc = 640.6
    vc = 0.485
    vc_rat = 1.168
/

&rkpr
    ac = 47.48701625440515
    b = 0.14185867850396713
    del1 = 2.9192345814586083
    k = 3.103209613184938
/

&soaveredlichkwong
    ac = 43.311300611209404
    b = 0.16481008218741827
    k = 1.3008410449668
/
