&names
    formula_extended = 'CH3CH2CH(C2H5)CH2OH'
    iupac = '2-Ethyl-1-Butanol'
/

&pengrobinson
    ac = 31.274212996901376
    b = 0.11034214745488546
    k = 1.3617229753569011
/

&pure
    a = 0.68516
    acentric_factor = 0.713628
    b = 0.26035
    c = 580.0
    d = 0.2473
    pc = 34.0
    tc = 580.0
    vc = 0.38
    vc_rat = 1.168
/

&rkpr
    ac = 30.830761479866034
    b = 0.11298997009605942
    del1 = 2.1293810626204905
    k = 3.8694110606173444
/

&soaveredlichkwong
    ac = 29.238996162969844
    b = 0.12288643618683187
    k = 1.5141291105828
/
