&names
    formula_extended = 'CH2C(C2H5)(CH2)3CH3'
    iupac = '2-Ethyl-1-Hexene'
/

&pengrobinson
    ac = 38.32856775185736
    b = 0.13784574355302945
    k = 0.8918162007450604
/

&pure
    a = 0.58407
    acentric_factor = 0.357734
    b = 0.26459
    c = 569.0
    d = 0.29158
    pc = 26.7
    tc = 569.0
    vc = 0.453
    vc_rat = 1.168
/

&rkpr
    ac = 39.206991165990274
    b = 0.1326193163632848
    del1 = 2.875722211708568
    k = 2.4170041171597134
/

&soaveredlichkwong
    ac = 35.83427808526226
    b = 0.1535167890010622
    k = 1.0206779334177
/
