&names
    formula_extended = 'CH2C(C2H5)2'
    iupac = '2-Ethyl-1-Butene'
/

&pengrobinson
    ac = 25.01135266879004
    b = 0.10016115307634169
    k = 0.7466111375888692
/

&pure
    a = 0.77514
    acentric_factor = 0.252329
    b = 0.26586
    c = 511.0
    d = 0.29127
    pc = 33.0
    tc = 511.0
    vc = 0.343
    vc_rat = 1.168
/

&rkpr
    ac = 24.76910252335193
    b = 0.10179838955226794
    del1 = 2.2198409519372593
    k = 2.2004619930133726
/

&soaveredlichkwong
    ac = 23.383700967499802
    b = 0.11154801161494342
    k = 0.8660236092578251
/
