&names
    formula_extended = 'CH3(CH2)3CH(C2H5)CHO'
    iupac = '2-Ethylhexanal'
/

&pengrobinson
    ac = 45.14056553577329
    b = 0.15218131777425328
    k = 1.109093116586079
/

&pure
    a = 0.51121
    acentric_factor = 0.519512
    b = 0.25075
    c = 607.0
    d = 0.28571
    pc = 25.8
    tc = 607.0
    vc = 0.491
    vc_rat = 1.168
/

&rkpr
    ac = 46.82546816738556
    b = 0.14286569419709158
    del1 = 3.170151892285465
    k = 2.9066739313777523
/

&soaveredlichkwong
    ac = 42.20297478390696
    b = 0.16948210839507058
    k = 1.2504806623248
/
