&names
    formula_extended = 'CH3CH2(C6H3)(CH3)2'
    iupac = '2-Ethyl-P-Xylene'
/

&pengrobinson
    ac = 48.2440644112073
    b = 0.14890641091523157
    k = 0.9634655777661778
/

&pure
    a = 0.53163
    acentric_factor = 0.411418
    b = 0.25625
    c = 663.0
    d = 0.2932
    pc = 28.8
    tc = 663.0
    vc = 0.482
    vc_rat = 1.168
/

&rkpr
    ac = 49.92208358558948
    b = 0.1403994129027303
    del1 = 3.117822683181763
    k = 2.5441203966902552
/

&soaveredlichkwong
    ac = 45.104508763981435
    b = 0.16583489251218655
    k = 1.0979505971233
/
