&names
    formula_extended = 'CH2C(C2H5)CH2CH2CH3'
    iupac = '2-Ethyl-1-Pentene'
/

&pengrobinson
    ac = 31.592715950482134
    b = 0.11906117628942696
    k = 0.8231132152419508
/

&pure
    a = 0.6662
    acentric_factor = 0.307319
    b = 0.26514
    c = 543.0
    d = 0.29544
    pc = 29.5
    tc = 543.0
    vc = 0.398
    vc_rat = 1.168
/

&rkpr
    ac = 31.891918039239577
    b = 0.11718041616686944
    del1 = 2.6042984907127265
    k = 2.304803016472821
/

&soaveredlichkwong
    ac = 29.53677205387924
    b = 0.1325966911093682
    k = 0.9471922366418251
/
