&names
    formula_extended = 'CH3CH2OCH2CH2OH'
    iupac = '2-Ethoxyethanol'
/

&pengrobinson
    ac = 24.13614997581584
    b = 0.08680380549211995
    k = 1.4183053826967662
/

&pure
    a = 0.92023
    acentric_factor = 0.758177
    b = 0.27054
    c = 569.0
    d = 0.22571
    pc = 42.4
    tc = 569.0
    vc = 0.294
    vc_rat = 1.168
/

&rkpr
    ac = 24.11394241268902
    b = 0.08693787135015427
    del1 = 2.3957620088339375
    k = 3.9244152172551607
/

&soaveredlichkwong
    ac = 22.56545341689864
    b = 0.09667212892283869
    k = 1.572774934417425
/
