&names
    formula_extended = 'CH3COO(CH2)2OCH2CH3'
    iupac = '2-Ethoxyethyl Acetate'
/

&pengrobinson
    ac = 36.82179631314494
    b = 0.12407512629217579
    k = 1.1523187479316708
/

&pure
    a = 0.52105
    acentric_factor = 0.55218
    b = 0.23587
    c = 607.3
    d = 0.27649
    pc = 31.66
    tc = 607.3
    vc = 0.453
    vc_rat = 1.168
/

&rkpr
    ac = 34.56777164459079
    b = 0.13731123975469683
    del1 = 1.1049472638161648
    k = 3.6297942658559155
/

&soaveredlichkwong
    ac = 34.42556208274126
    b = 0.13818065391296214
    k = 1.29577333833
/
