&names
    formula_extended = 'CH3CH2CH(C2H5)COOH'
    iupac = '2-Ethyl Butyric Acid'
/

&pengrobinson
    ac = 39.76834708835756
    b = 0.12424510182123062
    k = 1.257464582238963
/

&pure
    a = 0.66085
    acentric_factor = 0.632579
    b = 0.25707
    c = 655.0
    d = 0.31103
    pc = 34.1
    tc = 655.0
    vc = 0.389
    vc_rat = 1.168
/

&rkpr
    ac = 42.18119238148266
    b = 0.11205458540587875
    del1 = 3.659042857485009
    k = 3.142266320472555
/

&soaveredlichkwong
    ac = 37.18036159820705
    b = 0.13836995317427167
    k = 1.4056520125328251
/
