&names
    formula_extended = 'HOC(C6H4)CO2H'
    iupac = '2-Formyl Benzoic Acid'
/

&pengrobinson
    ac = 49.18641234305012
    b = 0.1303799714772591
    k = 1.4945211894075445
/

&pure
    a = 0.59669
    acentric_factor = 0.818818
    b = 0.2222
    c = 772.0
    d = 0.28571
    pc = 38.3
    tc = 772.0
    vc = 0.372
    vc_rat = 1.168
/

&rkpr
    ac = 55.638704301517336
    b = 0.10384948215427596
    del1 = 5.267139300336466
    k = 3.28817234743181
/

&soaveredlichkwong
    ac = 45.98553197521508
    b = 0.14520226780552636
    k = 1.6514885215033002
/
