&names
    formula_extended = 'CH3(CH2)3CH(OH)CH3'
    iupac = '2-Hexanol'
/

&pengrobinson
    ac = 32.78146225028258
    b = 0.1144953527757991
    k = 1.1567506457968113
/

&pure
    a = 0.67722
    acentric_factor = 0.555542
    b = 0.26015
    c = 585.9
    d = 0.26644
    pc = 33.1
    tc = 585.9
    vc = 0.384
    vc_rat = 1.168
/

&rkpr
    ac = 33.006512057704306
    b = 0.11318220101860352
    del1 = 2.5519539079459403
    k = 3.2126407897622444
/

&soaveredlichkwong
    ac = 30.648158885645504
    b = 0.1275118002241589
    k = 1.3004133980913
/
