&names
    formula_extended = 'CH3COCH2CH2CH2CH3'
    iupac = '2-Hexanone'
/

&pengrobinson
    ac = 33.203813938726775
    b = 0.11563300961167916
    k = 0.9279020965662701
/

&pure
    a = 0.67816
    acentric_factor = 0.384626
    b = 0.25634
    c = 587.61
    d = 0.28365
    pc = 32.87
    tc = 587.61
    vc = 0.378
    vc_rat = 1.168
/

&rkpr
    ac = 34.10258822661636
    b = 0.1104678771426516
    del1 = 2.9600773862581273
    k = 2.4916300413537114
/

&soaveredlichkwong
    ac = 31.04302539752439
    b = 0.12877879200734899
    k = 1.0595123210217
/
