&names
    formula_extended = 'CH3(CH2)5OCH2CH2OH'
    iupac = '2-Hexoxyethanol'
/

&pengrobinson
    ac = 48.340979757777006
    b = 0.15627689507265366
    k = 1.5956043316844786
/

&pure
    a = 0.51914
    acentric_factor = 0.900381
    b = 0.26216
    c = 633.0
    d = 0.28571
    pc = 26.2
    tc = 633.0
    vc = 0.505
    vc_rat = 1.168
/

&rkpr
    ac = 50.08650778831738
    b = 0.14701567897038054
    del1 = 3.145096026703757
    k = 4.1101069913000625
/

&soaveredlichkwong
    ac = 45.195117197413964
    b = 0.17404329294636717
    k = 1.755329653596825
/
