&names
    formula_extended = 'CH3CO(CH2)4CH3'
    iupac = '2-Heptanone'
/

&pengrobinson
    ac = 40.18952357896213
    b = 0.13451492050393954
    k = 0.973435825585826
/

&pure
    a = 0.58247
    acentric_factor = 0.418982
    b = 0.25279
    c = 611.4
    d = 0.29818
    pc = 29.4
    tc = 611.4
    vc = 0.434
    vc_rat = 1.168
/

&rkpr
    ac = 41.68968888575633
    b = 0.12628038547162745
    del1 = 3.170184557859042
    k = 2.556552370167471
/

&soaveredlichkwong
    ac = 37.57412939002775
    b = 0.14980730007491122
    k = 1.1087571326433001
/
