&names
    formula_extended = 'CH3CCCH2CH2CH3'
    iupac = '2-Hexyne'
/

&pengrobinson
    ac = 26.98853452741478
    b = 0.100598150063148
    k = 0.7028469405786715
/

&pure
    a = 0.76277
    acentric_factor = 0.221387
    b = 0.25248
    c = 549.0
    d = 0.31611
    pc = 35.3
    tc = 549.0
    vc = 0.331
    vc_rat = 1.168
/

&rkpr
    ac = 27.581013417629965
    b = 0.09694246861052645
    del1 = 2.856148814921449
    k = 1.9078445323716609
/

&soaveredlichkwong
    ac = 25.232214718542885
    b = 0.11203468876933691
    k = 0.8198860023404251
/
