&names
    formula_extended = 'CH3(CH2)4CH(OH)CH3'
    iupac = '2-Heptanol'
/

&pengrobinson
    ac = 38.71633394906655
    b = 0.13024451609374788
    k = 1.1592315278913063
/

&pure
    a = 0.5809
    acentric_factor = 0.557425
    b = 0.25686
    c = 608.3
    d = 0.27209
    pc = 30.21
    tc = 608.3
    vc = 0.442
    vc_rat = 1.168
/

&rkpr
    ac = 38.62022717906688
    b = 0.13078774376678018
    del1 = 2.364431895922696
    k = 3.276521333933102
/

&soaveredlichkwong
    ac = 36.19680980919252
    b = 0.1450514131255518
    k = 1.303010489640625
/
