&names
    formula_extended = 'HOC6H4COCH3'
    iupac = '2-Hydroxyacetophenone'
/

&pengrobinson
    ac = 35.504887115245175
    b = 0.10276654554515834
    k = 1.2641471727630662
/

&pure
    a = 0.64338
    acentric_factor = 0.637734
    b = 0.25343
    c = 707.0
    d = 0.27591
    pc = 44.5
    tc = 707.0
    vc = 0.394
    vc_rat = 1.168
/

&rkpr
    ac = 32.75909964188175
    b = 0.11675865758320994
    del1 = 0.41421356237309515
    k = 4.035328015432741
/

&soaveredlichkwong
    ac = 33.194352747811365
    b = 0.11444959911116097
    k = 1.4126200014177002
/
