&names
    formula_extended = 'CH3CH2C(CH3)(OH)CH3'
    iupac = '2-Methyl-2-Butanol'
/

&pengrobinson
    ac = 25.18570290040027
    b = 0.09479332974354131
    k = 1.052055093675472
/

&pure
    a = 0.79461
    acentric_factor = 0.47947
    b = 0.25992
    c = 543.7
    d = 0.26264
    pc = 37.1
    tc = 543.7
    vc = 0.327
    vc_rat = 1.168
/

&rkpr
    ac = 24.79488657663454
    b = 0.0972847246253007
    del1 = 2.1023871665949128
    k = 3.0836187489814315
/

&soaveredlichkwong
    ac = 23.546705093409205
    b = 0.10556994525804148
    k = 1.1944547708425
/
