&names
    formula_extended = '-C(CH3)CHCHCHCHN-'
    iupac = '2-Methylpyridine'
/

&pengrobinson
    ac = 26.499317474505855
    b = 0.08732249255481453
    k = 0.8116501454670412
/

&pure
    a = 0.70358
    acentric_factor = 0.299004
    b = 0.2357
    c = 621.0
    d = 0.26124
    pc = 46.0
    tc = 621.0
    vc = 0.335
    vc_rat = 1.168
/

&rkpr
    ac = 24.449980048421313
    b = 0.0992118296225083
    del1 = 0.41421356237309515
    k = 2.7761095798216378
/

&soaveredlichkwong
    ac = 24.774834207184185
    b = 0.09724978312026866
    k = 0.9349867023971999
/
