&names
    formula_extended = 'CH3(CH2)5CH(CH3)CO2H'
    iupac = '2-Methyloctanoic Acid'
/

&pengrobinson
    ac = 59.93693682684304
    b = 0.17673318703132485
    k = 1.4600130340183284
/

&pure
    a = 0.4416
    acentric_factor = 0.791271
    b = 0.2521
    c = 694.0
    d = 0.28532
    pc = 25.4
    tc = 694.0
    vc = 0.572
    vc_rat = 1.168
/

&rkpr
    ac = 62.02766994458829
    b = 0.16660793733248
    del1 = 3.119883693174956
    k = 3.7963868971130776
/

&soaveredlichkwong
    ac = 56.03644977649367
    b = 0.19682516618683712
    k = 1.615891339797825
/
