&names
    formula_extended = 'CH3(CH2)3CH(CH3)CH2OH'
    iupac = '2-Methyl-1-Hexanol'
/

&pengrobinson
    ac = 36.93181254358439
    b = 0.12701841601299266
    k = 1.4373962161953688
/

&pure
    a = 0.60613
    acentric_factor = 0.773298
    b = 0.26185
    c = 595.0
    d = 0.2601
    pc = 30.3
    tc = 595.0
    vc = 0.432
    vc_rat = 1.168
/

&rkpr
    ac = 36.77564428970012
    b = 0.12792183044124256
    del1 = 2.3294059456543206
    k = 3.9930786696266156
/

&soaveredlichkwong
    ac = 34.52841884015998
    b = 0.14145855263796567
    k = 1.5925228375593001
/
