&names
    formula_extended = 'CH3CH2CNH2(CH3)2'
    iupac = '2-Methyl-2-Aminobutane'
/

&pengrobinson
    ac = 23.894597674707708
    b = 0.09296019243843845
    k = 0.8407575705224692
/

&pure
    a = 0.65025
    acentric_factor = 0.320171
    b = 0.23875
    c = 526.0
    d = 0.28571
    pc = 36.6
    tc = 526.0
    vc = 0.367
    vc_rat = 1.168
/

&rkpr
    ac = 22.04669750357606
    b = 0.10561712685982466
    del1 = 0.41421356237309515
    k = 2.8603374397987373
/

&soaveredlichkwong
    ac = 22.339620498066854
    b = 0.10352840704566144
    k = 0.966009996882825
/
