&names
    formula_extended = 'CH3CH2CH2CH(CH3)CH2OH'
    iupac = '2-Methyl-1-Pentanol'
/

&pengrobinson
    ac = 33.46872251264363
    b = 0.11331769082153494
    k = 1.0965088428989822
/

&pure
    a = 0.69595
    acentric_factor = 0.510043
    b = 0.26456
    c = 604.4
    d = 0.25835
    pc = 34.5
    tc = 604.4
    vc = 0.38
    vc_rat = 1.168
/

&rkpr
    ac = 33.70199651779416
    b = 0.11199829878585343
    del1 = 2.5540574994492418
    k = 3.0551232022297867
/

&soaveredlichkwong
    ac = 31.290694644295215
    b = 0.12620025532558318
    k = 1.237282506176425
/
