&names
    formula_extended = '-SC(CH3)CHCHCH-'
    iupac = '2-Methylthiophene'
/

&pengrobinson
    ac = 23.87604631749181
    b = 0.08022840456495746
    k = 0.7277443107602919
/

&pure
    a = 0.99721
    acentric_factor = 0.238945
    b = 0.27423
    c = 609.0
    d = 0.31875
    pc = 49.1
    tc = 609.0
    vc = 0.275
    vc_rat = 1.168
/

&rkpr
    ac = 23.626842203062907
    b = 0.08164226709442415
    del1 = 2.2047260733948266
    k = 2.1522257219333856
/

&soaveredlichkwong
    ac = 22.322276398552432
    b = 0.08934920105641339
    k = 0.846107855220625
/
