&names
    formula_extended = '(CH3)2CH(CH2)4CH3'
    iupac = '2-Methylheptane'
/

&pengrobinson
    ac = 39.60772743733369
    b = 0.1448130343197917
    k = 0.9211045445775955
/

&pure
    a = 0.52942
    acentric_factor = 0.379538
    b = 0.26034
    c = 559.7
    d = 0.27027
    pc = 25.0
    tc = 559.7
    vc = 0.488
    vc_rat = 1.168
/

&rkpr
    ac = 39.73019722807511
    b = 0.144063251142776
    del1 = 2.476229880858757
    k = 2.6105130726642347
/

&soaveredlichkwong
    ac = 37.030194514531765
    b = 0.16127615885159816
    k = 1.0521842206473
/
