&names
    formula_extended = '(CH3)2CH(CH2)6(CH3'
    iupac = '2-Methylnonane'
/

&pengrobinson
    ac = 55.4795754028501
    b = 0.18611712249628534
    k = 1.0428931409369169
/

&pure
    a = 0.45396
    acentric_factor = 0.472342
    b = 0.26465
    c = 610.0
    d = 0.30158
    pc = 21.2
    tc = 610.0
    vc = 0.583
    vc_rat = 1.168
/

&rkpr
    ac = 58.82474023262821
    b = 0.16796532780056556
    del1 = 3.651008421499856
    k = 2.612011452967282
/

&soaveredlichkwong
    ac = 51.86915790615909
    b = 0.20727591790134134
    k = 1.1844225891312998
/
