&names
    formula_extended = 'CH3(CH2)3CH(CH3)CO2H'
    iupac = '2-Methylhexanoic Acid'
/

&pengrobinson
    ac = 45.08139940984949
    b = 0.13851799462071326
    k = 1.338781735767929
/

&pure
    a = 0.56151
    acentric_factor = 0.695679
    b = 0.25478
    c = 666.0
    d = 0.28625
    pc = 31.1
    tc = 666.0
    vc = 0.454
    vc_rat = 1.168
/

&rkpr
    ac = 46.208807276032005
    b = 0.13279439431978932
    del1 = 2.9181620833080357
    k = 3.5621095400065044
/

&soaveredlichkwong
    ac = 42.14765898334516
    b = 0.1542654651854208
    k = 1.4903041235678252
/
