&names
    formula_extended = '(CH3)2CH(CH2)5CH3'
    iupac = '2-Methyloctane'
/

&pengrobinson
    ac = 46.47682218617928
    b = 0.16319239589849574
    k = 1.0248016112727092
/

&pure
    a = 0.48369
    acentric_factor = 0.458329
    b = 0.26168
    c = 582.8
    d = 0.28064
    pc = 23.1
    tc = 582.8
    vc = 0.541
    vc_rat = 1.168
/

&rkpr
    ac = 47.22246795207979
    b = 0.1588428751733271
    del1 = 2.7366501692529894
    k = 2.8194725972123416
/

&soaveredlichkwong
    ac = 43.45227250653341
    b = 0.18174498509697792
    k = 1.164648388357825
/
