&names
    formula_extended = 'CH2C(CH3)(CH2)4CH3'
    iupac = '2-Methyl-1-Octene'
/

&pengrobinson
    ac = 46.702674223489765
    b = 0.1611647621693278
    k = 0.9551338852823079
/

&pure
    a = 0.52792
    acentric_factor = 0.405115
    b = 0.26819
    c = 593.0
    d = 0.28571
    pc = 23.8
    tc = 593.0
    vc = 0.508
    vc_rat = 1.168
/

&rkpr
    ac = 49.293016838969244
    b = 0.14666400744020838
    del1 = 3.548506613495264
    k = 2.4049574626402928
/

&soaveredlichkwong
    ac = 43.663426880041534
    b = 0.1794868390610623
    k = 1.088930331435625
/
