&names
    formula_extended = 'CH2C(CH3)CH2CH2CH3'
    iupac = '2-Methyl-1-Pentene'
/

&pengrobinson
    ac = 25.269776032058253
    b = 0.10239837162470995
    k = 0.7589760224625235
/

&pure
    a = 0.78959
    acentric_factor = 0.261138
    b = 0.27083
    c = 505.0
    d = 0.28571
    pc = 31.9
    tc = 505.0
    vc = 0.343
    vc_rat = 1.168
/

&rkpr
    ac = 25.46822525098351
    b = 0.10105574396581425
    del1 = 2.5717983479749082
    k = 2.1376911085629606
/

&soaveredlichkwong
    ac = 23.625307038538896
    b = 0.11403956919943266
    k = 0.8790974273672999
/
