&names
    formula_extended = 'CH3CH2CH2CH(CH3)2'
    iupac = '2-Methylpentane'
/

&pengrobinson
    ac = 25.755561205063444
    b = 0.10589767189213253
    k = 0.7841270463388661
/

&pure
    a = 0.72701
    acentric_factor = 0.279149
    b = 0.26754
    c = 497.7
    d = 0.28268
    pc = 30.4
    tc = 497.7
    vc = 0.368
    vc_rat = 1.168
/

&rkpr
    ac = 25.20458986391222
    b = 0.10974861543519865
    del1 = 1.9833796438452498
    k = 2.3707728627273377
/

&soaveredlichkwong
    ac = 24.079479004782577
    b = 0.1179366887401504
    k = 0.905743797264825
/
