&names
    formula_extended = 'CH2C(CH3)(CH2)6CH3'
    iupac = '2-Methyl-1-Nonene'
/

&pengrobinson
    ac = 54.767968128339156
    b = 0.1819403193430264
    k = 1.0174434279886428
/

&pure
    a = 0.48384
    acentric_factor = 0.452653
    b = 0.26757
    c = 616.0
    d = 0.31217
    pc = 21.9
    tc = 616.0
    vc = 0.553
    vc_rat = 1.168
/

&rkpr
    ac = 59.33855917134594
    b = 0.15771704273182427
    del1 = 4.154316927483468
    k = 2.41421389699057
/

&soaveredlichkwong
    ac = 51.20385955409413
    b = 0.20262427330318114
    k = 1.156619242778425
/
