&names
    formula_extended = 'CH3(C9H7)'
    iupac = '2-Methylindene'
/

&pengrobinson
    ac = 46.18196653497279
    b = 0.13291863028574852
    k = 0.8824672203760877
/

&pure
    a = 0.5853
    acentric_factor = 0.350814
    b = 0.25382
    c = 711.0
    d = 0.28571
    pc = 34.6
    tc = 711.0
    vc = 0.436
    vc_rat = 1.168
/

&rkpr
    ac = 47.30758116819316
    b = 0.12756374907526696
    del1 = 2.905263145570997
    k = 2.3833668607553906
/

&soaveredlichkwong
    ac = 43.176605033938316
    b = 0.1480295350000236
    k = 1.0106439050457
/
