&names
    formula_extended = 'CH2C(CH3)CH2CH3'
    iupac = '2-Methyl-1-Butene'
/

&pengrobinson
    ac = 19.82777317078612
    b = 0.08725775293167168
    k = 0.7208283921301708
/

&pure
    a = 0.91619
    acentric_factor = 0.234056
    b = 0.26752
    c = 465.0
    d = 0.28164
    pc = 34.47
    tc = 465.0
    vc = 0.292
    vc_rat = 1.168
/

&rkpr
    ac = 19.99873373331576
    b = 0.08600219557738797
    del1 = 2.5872492248973793
    k = 2.028735436485189
/

&soaveredlichkwong
    ac = 18.53745076553301
    b = 0.09717768354860358
    k = 0.8388172570512
/
