&names
    formula_extended = 'Heterocyclic compound, see refs. 3040, 3389'
    iupac = '2-Mercaptobenzothiazole'
/

&pengrobinson
    ac = 44.33155484736464
    b = 0.12111953133991867
    k = 0.8570290618317749
/

&pure
    a = 0.64231
    acentric_factor = 0.332081
    b = 0.261
    c = 749.0
    d = 0.28571
    pc = 40.0
    tc = 749.0
    vc = 0.406
    vc_rat = 1.168
/

&rkpr
    ac = 44.654599948255616
    b = 0.11964542385671093
    del1 = 2.5604258808127973
    k = 2.4102220360465827
/

&soaveredlichkwong
    ac = 41.44661169280293
    b = 0.1348890510316319
    k = 0.9833968806518252
/
