&names
    formula_extended = 'CH3CHC(CH3)CH3'
    iupac = '2-Methyl-2-Butene'
/

&pengrobinson
    ac = 20.416388883198035
    b = 0.0888922926159039
    k = 0.7950771990546721
/

&pure
    a = 0.93391
    acentric_factor = 0.28703
    b = 0.27275
    c = 470.0
    d = 0.2578
    pc = 34.2
    tc = 470.0
    vc = 0.292
    vc_rat = 1.168
/

&rkpr
    ac = 20.891173412965134
    b = 0.08547310311628283
    del1 = 2.8825562827322533
    k = 2.1518324559949016
/

&soaveredlichkwong
    ac = 19.087761417902772
    b = 0.09899804649453384
    k = 0.9173676313425001
/
