&names
    formula_extended = 'CH3CH(CH3)CH(CH2CH3)CH2CH3'
    iupac = '2-Methyl-3-Ethylpentane'
/

&pengrobinson
    ac = 37.649988682160924
    b = 0.13585894520668124
    k = 0.8537304110368595
/

&pure
    a = 0.63574
    acentric_factor = 0.329662
    b = 0.28418
    c = 567.1
    d = 0.26695
    pc = 27.0
    tc = 567.1
    vc = 0.442
    vc_rat = 1.168
/

&rkpr
    ac = 38.81021749138468
    b = 0.12896578586784557
    del1 = 3.0365549631104907
    k = 2.2693838655690843
/

&soaveredlichkwong
    ac = 35.199858577500656
    b = 0.151304120733894
    k = 0.9798695070073
/
