&names
    formula_extended = 'C(CH3)3OH'
    iupac = '2-Methyl-2-Propanol'
/

&pengrobinson
    ac = 20.391274049052853
    b = 0.08243378786924604
    k = 1.234887451635629
/

&pure
    a = 0.92128
    acentric_factor = 0.615203
    b = 0.25442
    c = 506.2
    d = 0.27586
    pc = 39.72
    tc = 506.2
    vc = 0.275
    vc_rat = 1.168
/

&rkpr
    ac = 20.617249787170852
    b = 0.08091155458460803
    del1 = 2.6367014852564914
    k = 3.3875035798878526
/

&soaveredlichkwong
    ac = 19.064280969672875
    b = 0.09180530419506919
    k = 1.3820964440384251
/
