&names
    formula_extended = 'Ring Compound. Refs. 4040, 2867'
    iupac = '2-Methylbenzofuran'
/

&pengrobinson
    ac = 42.18649965549878
    b = 0.12385791068519685
    k = 0.9152698191314932
/

&pure
    a = 0.62811
    acentric_factor = 0.375179
    b = 0.25415
    c = 697.0
    d = 0.28571
    pc = 36.4
    tc = 697.0
    vc = 0.407
    vc_rat = 1.168
/

&rkpr
    ac = 43.15595023606196
    b = 0.1191493317826414
    del1 = 2.87697740761764
    k = 2.480505208835355
/

&soaveredlichkwong
    ac = 39.44114922023683
    b = 0.13793874406761752
    k = 1.0458988716428248
/
