&names
    formula_extended = 'CH3CH2CH(CH3)COOH'
    iupac = '2-Methylbutyric Acid'
/

&pengrobinson
    ac = 33.595542935948124
    b = 0.10691871410596161
    k = 1.2012680710047916
/

&pure
    a = 0.72762
    acentric_factor = 0.589443
    b = 0.25244
    c = 643.0
    d = 0.28571
    pc = 38.9
    tc = 643.0
    vc = 0.347
    vc_rat = 1.168
/

&rkpr
    ac = 34.694935679296776
    b = 0.10116464698659063
    del1 = 3.075612809917227
    k = 3.169478090619819
/

&soaveredlichkwong
    ac = 31.40926203624697
    b = 0.1190738085239127
    k = 1.346980748206425
/
