&names
    formula_extended = 'CH3CH2CH(CH3)CH2OH'
    iupac = '2-Methyl-1-Butanol'
/

&pengrobinson
    ac = 26.561513190908194
    b = 0.0944639259560825
    k = 1.1805222214887576
/

&pure
    a = 0.81662
    acentric_factor = 0.573615
    b = 0.26703
    c = 575.4
    d = 0.24336
    pc = 39.4
    tc = 575.4
    vc = 0.327
    vc_rat = 1.168
/

&rkpr
    ac = 26.075471836761345
    b = 0.09739669889592881
    del1 = 2.046153790114234
    k = 3.4305742484180666
/

&soaveredlichkwong
    ac = 24.83298244303016
    b = 0.10520309307652301
    k = 1.325289030560625
/
