&names
    formula_extended = 'CH3CH(OCH3)CH2OH'
    iupac = '2-Methoxy Propanol-1'
/

&pengrobinson
    ac = 23.332026038811687
    b = 0.08435659803042331
    k = 1.3687806894592875
/

&pure
    a = 0.92789
    acentric_factor = 0.719163
    b = 0.2728
    c = 566.0
    d = 0.2052
    pc = 43.4
    tc = 566.0
    vc = 0.294
    vc_rat = 1.168
/

&rkpr
    ac = 22.778401667356253
    b = 0.08776407180002961
    del1 = 1.9357903421925575
    k = 3.9495711741834767
/

&soaveredlichkwong
    ac = 21.813659064441357
    b = 0.09394670975605404
    k = 1.521453363400425
/
