&names
    formula_extended = 'CH2C(CH3)CONH2'
    iupac = '2-Methacrylamide'
/

&pengrobinson
    ac = 31.845585147801028
    b = 0.08794558883196407
    k = 0.9759524926313319
/

&pure
    a = 0.8846
    acentric_factor = 0.420895
    b = 0.264
    c = 741.0
    d = 0.29
    pc = 54.5
    tc = 741.0
    vc = 0.298
    vc_rat = 1.168
/

&rkpr
    ac = 31.80500982266512
    b = 0.08813372298407716
    del1 = 2.388662240219369
    k = 2.7872830295105744
/

&soaveredlichkwong
    ac = 29.773185404740307
    b = 0.0979437163331554
    k = 1.1114870248206252
/
