&names
    formula_extended = 'CH3CH2CHC(CH3)CHO'
    iupac = '2-Methyl-2-Pentenal'
/

&pengrobinson
    ac = 35.489711489981254
    b = 0.12004114518441898
    k = 0.8805334085695079
/

&pure
    a = 0.71046
    acentric_factor = 0.349385
    b = 0.25221
    c = 605.0
    d = 0.29391
    pc = 32.6
    tc = 605.0
    vc = 0.355
    vc_rat = 1.168
/

&rkpr
    ac = 39.19051815960539
    b = 0.10031520116443841
    del1 = 4.626150781773905
    k = 1.9436125152750126
/

&soaveredlichkwong
    ac = 33.1801646993733
    b = 0.13368806813851974
    k = 1.008569761310625
/
