&names
    formula_extended = 'CH3OCH2CH2OH'
    iupac = '2-Methoxyethanol'
/

&pengrobinson
    ac = 20.069188018358016
    b = 0.07281715946021348
    k = 1.3865398972477136
/

&pure
    a = 1.1119
    acentric_factor = 0.733118
    b = 0.26909
    c = 564.0
    d = 0.21503
    pc = 50.1
    tc = 564.0
    vc = 0.242
    vc_rat = 1.168
/

&rkpr
    ac = 20.35164480974027
    b = 0.07111256062566597
    del1 = 2.696943529400224
    k = 3.7494555442798614
/

&soaveredlichkwong
    ac = 18.763155175825858
    b = 0.08109540575121094
    k = 1.5398718816633001
/
