&names
    formula_extended = 'Polyring compound, see ref. 13456'
    iupac = '2-Methyl Benzothiophene'
/

&pengrobinson
    ac = 48.07712993227579
    b = 0.1261324892458432
    k = 0.8825010421216436
/

&pure
    a = 0.58564
    acentric_factor = 0.350839
    b = 0.25632
    c = 780.0
    d = 0.28571
    pc = 40.0
    tc = 780.0
    vc = 0.438
    vc_rat = 1.168
/

&rkpr
    ac = 47.0764895712757
    b = 0.1305935034764486
    del1 = 1.9951510263337116
    k = 2.6424268838706935
/

&soaveredlichkwong
    ac = 44.94843779940019
    b = 0.1404719089514992
    k = 1.010680185313825
/
