&names
    formula_extended = 'HCCC(CH3)CH2'
    iupac = '2-Methyl-1-Butene-3-Yne'
/

&pengrobinson
    ac = 17.468894202513976
    b = 0.0726579846727021
    k = 0.5809310328371693
/

&pure
    a = 1.1157
    acentric_factor = 0.137046
    b = 0.27671
    c = 492.0
    d = 0.30821
    pc = 43.8
    tc = 492.0
    vc = 0.248
    vc_rat = 1.168
/

&rkpr
    ac = 17.345389651104888
    b = 0.07352352502123184
    del1 = 2.2723840146898464
    k = 1.7265383472226705
/

&soaveredlichkwong
    ac = 16.33207942304541
    b = 0.08091813511782883
    k = 0.6924236229297
/
