&names
    formula_extended = 'HOCH2CH(CH3)CH2OH'
    iupac = '2-Methyl-1,3-Propanediol'
/

&pengrobinson
    ac = 28.702590419815987
    b = 0.0842696812886199
    k = 1.3627014524267833
/

&pure
    a = 0.84508
    acentric_factor = 0.714395
    b = 0.24676
    c = 697.0
    d = 0.3008
    pc = 53.5
    tc = 697.0
    vc = 0.292
    vc_rat = 1.168
/

&rkpr
    ac = 28.154661876220814
    b = 0.08700041000299057
    del1 = 2.0301248351428574
    k = 3.9038648775062823
/

&soaveredlichkwong
    ac = 26.83472582460973
    b = 0.09384991185161266
    k = 1.515144692195625
/
