&names
    formula_extended = 'HSCH2CH2OH'
    iupac = '2-Mercaptoethanol'
/

&pengrobinson
    ac = 19.945414661024785
    b = 0.06488965422290548
    k = 1.3078279096176155
/

&pure
    a = 1.2342
    acentric_factor = 0.671564
    b = 0.27029
    c = 629.0
    d = 0.21997
    pc = 62.7
    tc = 629.0
    vc = 0.219
    vc_rat = 1.168
/

&rkpr
    ac = 19.98318226101483
    b = 0.06468375748429622
    del1 = 2.4521891340360615
    k = 3.630265865504514
/

&soaveredlichkwong
    ac = 18.647436557406817
    b = 0.07226665908517808
    k = 1.4581170499332001
/
