&names
    formula_extended = 'CH3CH(CH3)(CH2)3CH3'
    iupac = '2-Methylhexane'
/

&pengrobinson
    ac = 32.4538173440647
    b = 0.12521181414185895
    k = 0.8514703978651629
/

&pure
    a = 0.63993
    acentric_factor = 0.328006
    b = 0.2695
    c = 530.4
    d = 0.2793
    pc = 27.4
    tc = 530.4
    vc = 0.421
    vc_rat = 1.168
/

&rkpr
    ac = 32.611922493802794
    b = 0.12419150542419058
    del1 = 2.511936859438599
    k = 2.4086156165815407
/

&soaveredlichkwong
    ac = 30.34183596852941
    b = 0.13944656655039336
    k = 0.9774535551937
/
