&names
    formula_extended = 'CH3C(CH3)CHCH2CH3'
    iupac = '2-Methyl-2-Pentene'
/

&pengrobinson
    ac = 26.427037133272435
    b = 0.10521275474255665
    k = 0.7355556588687188
/

&pure
    a = 0.73942
    acentric_factor = 0.244478
    b = 0.26076
    c = 514.0
    d = 0.2857
    pc = 31.6
    tc = 514.0
    vc = 0.363
    vc_rat = 1.168
/

&rkpr
    ac = 26.013641521646257
    b = 0.10800058025923606
    del1 = 2.0998530131393665
    k = 2.2028383070322795
/

&soaveredlichkwong
    ac = 24.707257618759996
    b = 0.11717390652559327
    k = 0.8543487108153
/
