&names
    formula_extended = '(CH3)2CHCH2OH'
    iupac = '2-Methyl-1-Propanol'
/

&pengrobinson
    ac = 22.08463404978525
    b = 0.08249948074251263
    k = 1.196381314587356
/

&pure
    a = 0.98965
    acentric_factor = 0.58571
    b = 0.27129
    c = 547.8
    d = 0.23809
    pc = 42.95
    tc = 547.8
    vc = 0.274
    vc_rat = 1.168
/

&rkpr
    ac = 22.406782248884188
    b = 0.08049847995018983
    del1 = 2.707279143370404
    k = 3.26746022316725
/

&soaveredlichkwong
    ac = 20.64744300060381
    b = 0.09187846538745857
    k = 1.3418727042824998
/
