&names
    formula_extended = 'CH3CH(CH3)CHO'
    iupac = '2-Methylpropanal'
/

&pengrobinson
    ac = 19.817158435499042
    b = 0.07998645659492495
    k = 0.897809145600192
/

&pure
    a = 0.97262
    acentric_factor = 0.36218
    b = 0.25697
    c = 507.0
    d = 0.28571
    pc = 41.0
    tc = 507.0
    vc = 0.263
    vc_rat = 1.168
/

&rkpr
    ac = 20.26292228878969
    b = 0.07700916026067317
    del1 = 2.8671140323297566
    k = 2.4357192293156533
/

&soaveredlichkwong
    ac = 18.52752680024056
    b = 0.0890797471399751
    k = 1.02711580833
/
