&names
    formula_extended = 'CH3(CH2)3CH(CH3)CHO'
    iupac = '2-Methylhexanal'
/

&pengrobinson
    ac = 38.86940324252304
    b = 0.13435975462625135
    k = 1.028130143052274
/

&pure
    a = 0.57902
    acentric_factor = 0.460901
    b = 0.25394
    c = 592.0
    d = 0.28571
    pc = 28.5
    tc = 592.0
    vc = 0.439
    vc_rat = 1.168
/

&rkpr
    ac = 39.936609765007034
    b = 0.12827357588565744
    del1 = 2.967977199909017
    k = 2.7616578800273746
/

&soaveredlichkwong
    ac = 36.33991788626824
    b = 0.1496344941057805
    k = 1.1682829709348248
/
