&names
    formula_extended = 'CH2C(CH3)CH2CH2CH2CH3'
    iupac = '2-Methyl-1-Hexene'
/

&pengrobinson
    ac = 31.87806663990459
    b = 0.12125306747835907
    k = 0.8259418640624999
/

&pure
    a = 0.67271
    acentric_factor = 0.309375
    b = 0.26774
    c = 538.0
    d = 0.29214
    pc = 28.7
    tc = 538.0
    vc = 0.398
    vc_rat = 1.168
/

&rkpr
    ac = 32.63833772141578
    b = 0.11647167907120319
    del1 = 2.894619030464166
    k = 2.2325323147927962
/

&soaveredlichkwong
    ac = 29.803553114491397
    b = 0.1350377682764345
    k = 0.950206494140625
/
