&names
    formula_extended = '(C6H4)(C4H3)CH3'
    iupac = '2-Methylnaphthalene'
/

&pengrobinson
    ac = 52.3010717826796
    b = 0.14064003562796584
    k = 0.9191835243607123
/

&pure
    a = 0.54864
    acentric_factor = 0.378102
    b = 0.25562
    c = 761.0
    d = 0.27888
    pc = 35.0
    tc = 761.0
    vc = 0.465
    vc_rat = 1.168
/

&rkpr
    ac = 53.24961859673541
    b = 0.13640799930435518
    del1 = 2.7789087363673226
    k = 2.5187641260395393
/

&soaveredlichkwong
    ac = 48.8975002288465
    b = 0.15662875122650677
    k = 1.0501143515793
/
