&names
    formula_extended = 'CH2C(CH3)CH2(CH2)3CH3'
    iupac = '2-Methyl-1-Heptene'
/

&pengrobinson
    ac = 39.08427761289993
    b = 0.141059411050085
    k = 0.888301207622352
/

&pure
    a = 0.58751
    acentric_factor = 0.35513
    b = 0.26573
    c = 567.0
    d = 0.29894
    pc = 26.0
    tc = 567.0
    vc = 0.453
    vc_rat = 1.168
/

&rkpr
    ac = 40.685294222929556
    b = 0.13160388251849667
    del1 = 3.245268814835718
    k = 2.3064614483756127
/

&soaveredlichkwong
    ac = 36.54080898116462
    b = 0.15709580350197247
    k = 1.0169040895425
/
