&names
    formula_extended = 'CH3CH(NO2)CH3'
    iupac = '2-Nitropropane'
/

&pengrobinson
    ac = 25.062373537197523
    b = 0.08634134095307504
    k = 0.9264897627643699
/

&pure
    a = 0.85239
    acentric_factor = 0.383568
    b = 0.24548
    c = 594.0
    d = 0.27817
    pc = 44.5
    tc = 594.0
    vc = 0.288
    vc_rat = 1.168
/

&rkpr
    ac = 25.342564415248617
    b = 0.0847329812349874
    del1 = 2.6386681523928623
    k = 2.578635015816687
/

&soaveredlichkwong
    ac = 23.431401575529353
    b = 0.0961570889279061
    k = 1.0579892601408
/
