&names
    formula_extended = 'CH3(CH2)6COCH3'
    iupac = '2-Nonanone'
/

&pengrobinson
    ac = 55.84101568559801
    b = 0.17512809710163355
    k = 1.0802743448997105
/

&pure
    a = 0.44319
    acentric_factor = 0.497855
    b = 0.24818
    c = 652.5
    d = 0.28763
    pc = 24.1
    tc = 652.5
    vc = 0.56
    vc_rat = 1.168
/

&rkpr
    ac = 58.31520337985828
    b = 0.16245594667888982
    del1 = 3.3146524964536814
    k = 2.791685889727588
/

&soaveredlichkwong
    ac = 52.20707691443137
    b = 0.19503760100192194
    k = 1.2202483398206252
/
