&names
    formula_extended = 'Polycyclic compound, see ref. 4040'
    iupac = '2-Norbornene'
/

&pengrobinson
    ac = 27.337190470898992
    b = 0.09595516569495217
    k = 0.61303549248
/

&pure
    a = 0.81076
    acentric_factor = 0.159
    b = 0.273
    c = 583.0
    d = 0.28571
    pc = 39.3
    tc = 583.0
    vc = 0.337
    vc_rat = 1.168
/

&rkpr
    ac = 26.5202581128088
    b = 0.10085531563871891
    del1 = 1.809342609225621
    k = 1.9379166618086345
/

&soaveredlichkwong
    ac = 25.558181347814784
    b = 0.10686386496864883
    k = 0.7258418249999999
/
