&names
    formula_extended = 'CH3(CH2)6CH(OH)CH3'
    iupac = '2-Nonanol'
/

&pengrobinson
    ac = 52.72065907638912
    b = 0.16608019664355886
    k = 1.2090544893541926
/

&pure
    a = 0.42635
    acentric_factor = 0.595397
    b = 0.24517
    c = 649.6
    d = 0.27991
    pc = 25.3
    tc = 649.6
    vc = 0.575
    vc_rat = 1.168
/

&rkpr
    ac = 51.749317366573955
    b = 0.1712721980580871
    del1 = 2.0436101370409783
    k = 3.5057845920442303
/

&soaveredlichkwong
    ac = 49.2897822431699
    b = 0.18496108656104973
    k = 1.3551178001684248
/
