&names
    formula_extended = 'CH3(CH2)5CH(OH)CH3'
    iupac = '2-Octanol'
/

&pengrobinson
    ac = 45.496168358486344
    b = 0.14787444878160044
    k = 1.1936856393372208
/

&pure
    a = 0.47876
    acentric_factor = 0.583652
    b = 0.24804
    c = 629.6
    d = 0.26174
    pc = 27.54
    tc = 629.6
    vc = 0.518
    vc_rat = 1.168
/

&rkpr
    ac = 44.23116524448763
    b = 0.15489155718622125
    del1 = 1.8522407573463593
    k = 3.5251275266701096
/

&soaveredlichkwong
    ac = 42.535436213707875
    b = 0.16468561137341284
    k = 1.3390545580067998
/
