&names
    formula_extended = 'CH3CH2CH2CH2CH2CH2COCH3'
    iupac = '2-Octanone'
/

&pengrobinson
    ac = 47.92929728355316
    b = 0.15501947541927935
    k = 1.02032473198195
/

&pure
    a = 0.50006
    acentric_factor = 0.454874
    b = 0.24851
    c = 632.7
    d = 0.29942
    pc = 26.4
    tc = 632.7
    vc = 0.497
    vc_rat = 1.168
/

&rkpr
    ac = 49.955100743967876
    b = 0.1443059733506622
    del1 = 3.272269472258603
    k = 2.654740535025624
/

&soaveredlichkwong
    ac = 44.810225584461605
    b = 0.17264292306451737
    k = 1.1597623637217
/
