&names
    formula_extended = 'CH3(CH2)2CH(OH)CH3'
    iupac = '2-Pentanol'
/

&pengrobinson
    ac = 27.00183139334688
    b = 0.09861787367792911
    k = 1.160920028932094
/

&pure
    a = 0.80126
    acentric_factor = 0.558707
    b = 0.26371
    c = 560.3
    d = 0.25302
    pc = 36.75
    tc = 560.3
    vc = 0.329
    vc_rat = 1.168
/

&rkpr
    ac = 27.300435169744112
    b = 0.09680059137826974
    del1 = 2.6362320973407276
    k = 3.1978031093970927
/

&soaveredlichkwong
    ac = 25.24464627076153
    b = 0.10982928391491363
    k = 1.3047779534264248
/
