&names
    formula_extended = 'CH3CH2CCCH3'
    iupac = '2-Pentyne'
/

&pengrobinson
    ac = 21.127056275317987
    b = 0.08330185393980101
    k = 0.636557299122898
/

&pure
    a = 0.92099
    acentric_factor = 0.175199
    b = 0.25419
    c = 519.0
    d = 0.31077
    pc = 40.3
    tc = 519.0
    vc = 0.276
    vc_rat = 1.168
/

&rkpr
    ac = 21.475322438650082
    b = 0.08102121921944455
    del1 = 2.745548951070299
    k = 1.756000989556681
/

&soaveredlichkwong
    ac = 19.752181051848535
    b = 0.09277205668489925
    k = 0.750391655319825
/
