&names
    formula_extended = 'CH3CO(CH2)2CH3'
    iupac = '2-Pentanone'
/

&pengrobinson
    ac = 26.937792614802472
    b = 0.09824721595110256
    k = 0.8722701828571955
/

&pure
    a = 0.90411
    acentric_factor = 0.343288
    b = 0.27207
    c = 561.08
    d = 0.30669
    pc = 36.94
    tc = 561.08
    vc = 0.301
    vc_rat = 1.168
/

&rkpr
    ac = 29.0220692929817
    b = 0.08607583978687977
    del1 = 4.020139507710151
    k = 2.0649815910223435
/

&soaveredlichkwong
    ac = 25.18477491283714
    b = 0.10941648782434048
    k = 0.9997121480847998
/
