&names
    formula_extended = '(C6H5)C(OH)(CH3)2'
    iupac = '2-Phenyl-2-Propanol'
/

&pengrobinson
    ac = 39.452248838136825
    b = 0.12232377180553453
    k = 1.3346201643906215
/

&pure
    a = 0.58313
    acentric_factor = 0.69243
    b = 0.25658
    c = 660.0
    d = 0.26019
    pc = 34.9
    tc = 660.0
    vc = 0.44
    vc_rat = 1.168
/

&rkpr
    ac = 37.51350015109015
    b = 0.13272027600841427
    del1 = 1.395797735059795
    k = 4.030541141484891
/

&soaveredlichkwong
    ac = 36.88483392094012
    b = 0.13623019602966638
    k = 1.4859794416425
/
