&names
    formula_extended = '(C6H5)CH2CH2OH'
    iupac = '2-Phenylethanol'
/

&pengrobinson
    ac = 37.725539222307454
    b = 0.11286580670350177
    k = 1.3989968890706581
/

&pure
    a = 0.67504
    acentric_factor = 0.74293
    b = 0.26124
    c = 684.0
    d = 0.24009
    pc = 39.2
    tc = 684.0
    vc = 0.387
    vc_rat = 1.168
/

&rkpr
    ac = 37.32180986636137
    b = 0.11490554376367487
    del1 = 2.1994099957356847
    k = 3.940153320643244
/

&soaveredlichkwong
    ac = 35.27049255168486
    b = 0.12569699859082345
    k = 1.5527814476425001
/
