&names
    formula_extended = '(C6H5)CH(CH3)CH2OH'
    iupac = '2-Phenyl-1-Propanol'
/

&pengrobinson
    ac = 42.49766175636994
    b = 0.1269572480102896
    k = 1.4260150684049586
/

&pure
    a = 0.57133
    acentric_factor = 0.764278
    b = 0.25139
    c = 685.0
    d = 0.28571
    pc = 34.9
    tc = 685.0
    vc = 0.44
    vc_rat = 1.168
/

&rkpr
    ac = 41.67983922193682
    b = 0.13110485189526347
    del1 = 2.027001311304241
    k = 4.0635296999613
/

&soaveredlichkwong
    ac = 39.73206197555813
    b = 0.1413904307277598
    k = 1.5807524212753001
/
