&names
    formula_extended = '(C6H5)CH(CH3)CHO'
    iupac = '2-Phenylpropionaldehyde'
/

&pengrobinson
    ac = 44.551684463211686
    b = 0.13367887749132099
    k = 1.0255072165413102
/

&pure
    a = 0.60526
    acentric_factor = 0.458874
    b = 0.25666
    c = 682.0
    d = 0.28571
    pc = 33.0
    tc = 682.0
    vc = 0.424
    vc_rat = 1.168
/

&rkpr
    ac = 46.80716521770197
    b = 0.12266847172853246
    del1 = 3.446617668365785
    k = 2.6207209662442255
/

&soaveredlichkwong
    ac = 41.65241604010163
    b = 0.14887621119646066
    k = 1.1654187401217
/
