&names
    formula_extended = 'CH3CH2C(C6H5)CH2'
    iupac = '2-Phenylbutene-1'
/

&pengrobinson
    ac = 46.57912032047572
    b = 0.14311992135229842
    k = 0.88619099523797
/

&pure
    a = 0.58244
    acentric_factor = 0.353568
    b = 0.26443
    c = 666.0
    d = 0.29904
    pc = 30.1
    tc = 666.0
    vc = 0.454
    vc_rat = 1.168
/

&rkpr
    ac = 48.93285403188911
    b = 0.13135317914330236
    del1 = 3.4446410819679607
    k = 2.2478772018564657
/

&soaveredlichkwong
    ac = 43.54791343461908
    b = 0.15939056369656437
    k = 1.0146392241408
/
