&names
    formula_extended = '-(CO)(NH)CH2CH2CH2-'
    iupac = '2-Pyrrolidone'
/

&pengrobinson
    ac = 32.95132571972878
    b = 0.08407784264236898
    k = 0.9910829934983346
/

&pure
    a = 0.91539
    acentric_factor = 0.432428
    b = 0.24166
    c = 802.0
    d = 0.3018
    pc = 61.7
    tc = 802.0
    vc = 0.264
    vc_rat = 1.168
/

&rkpr
    ac = 34.877117064769166
    b = 0.07612086682053001
    del1 = 3.611620800804653
    k = 2.4842522648005327
/

&soaveredlichkwong
    ac = 30.80696823224228
    b = 0.09363626395636648
    k = 1.1279177263428002
/
