&names
    formula_extended = 'CH2CHCF3'
    iupac = '3,3,3-Trifluoropropene'
/

&pengrobinson
    ac = 12.553381124453848
    b = 0.06785386832574372
    k = 0.7648160957693685
/

&pure
    a = 1.1465
    acentric_factor = 0.265309
    b = 0.242
    c = 378.59
    d = 0.28571
    pc = 36.09
    tc = 378.59
    vc = 0.211
    vc_rat = 1.168
/

&rkpr
    ac = 13.381115212517159
    b = 0.06064130837868773
    del1 = 3.771743968406703
    k = 1.8416317226530166
/

&soaveredlichkwong
    ac = 11.73645081225772
    b = 0.07556786098848046
    k = 0.8852783145408251
/
