&names
    formula_extended = 'CH3CH2C(CH3)2CH2CH(CH3)CH2CH3'
    iupac = '3,3,5-Trimethylheptane'
/

&pengrobinson
    ac = 50.61377785095903
    b = 0.169933139246997
    k = 0.9279554810744044
/

&pure
    a = 0.45781
    acentric_factor = 0.384666
    b = 0.26431
    c = 609.5
    d = 0.28571
    pc = 23.2
    tc = 609.5
    vc = 0.577
    vc_rat = 1.168
/

&rkpr
    ac = 50.46638554326815
    b = 0.1707648290272806
    del1 = 2.3558123771354396
    k = 2.6642845273157882
/

&soaveredlichkwong
    ac = 47.32000950828806
    b = 0.1892520524003951
    k = 1.0595698959777
/
