&names
    formula_extended = '(CH3)3CCOCH3'
    iupac = '3,3-Dimethyl-2-Butanone'
/

&pengrobinson
    ac = 30.28513011204026
    b = 0.1098837255709848
    k = 0.8505187298346485
/

&pure
    a = 0.71397
    acentric_factor = 0.327309
    b = 0.26273
    c = 564.0
    d = 0.2825
    pc = 33.2
    tc = 564.0
    vc = 0.368
    vc_rat = 1.168
/

&rkpr
    ac = 30.527744949275117
    b = 0.1084141430998243
    del1 = 2.5749682380819583
    k = 2.3882436119088357
/

&soaveredlichkwong
    ac = 28.314279346652878
    b = 0.12237589843782132
    k = 0.9764364092408251
/
