&names
    formula_extended = 'CH3CH2C(C2H5)2CH2CH3'
    iupac = '3,3-Diethylpentane'
/

&pengrobinson
    ac = 43.9763968592177
    b = 0.14751536136944354
    k = 0.865209518800848
/

&pure
    a = 0.61262
    acentric_factor = 0.33809
    b = 0.28977
    c = 610.05
    d = 0.29339
    pc = 26.7498
    tc = 610.05
    vc = 0.473
    vc_rat = 1.168
/

&rkpr
    ac = 45.83088156594116
    b = 0.13734315756210141
    del1 = 3.270268779072505
    k = 2.23761246413629
/

&soaveredlichkwong
    ac = 41.1145661492842
    b = 0.16428570097310496
    k = 0.9921503115825001
/
