&names
    formula_extended = 'CH3CH2C(CH3)2CH2CH2CH3'
    iupac = '3,3-Dimethylhexane'
/

&pengrobinson
    ac = 37.67350930080684
    b = 0.13717747258086865
    k = 0.8408438428410605
/

&pure
    a = 0.648
    acentric_factor = 0.320234
    b = 0.29013
    c = 562.0
    d = 0.2568
    pc = 26.5
    tc = 562.0
    vc = 0.443
    vc_rat = 1.168
/

&rkpr
    ac = 39.052537403004365
    b = 0.12893890659489132
    del1 = 3.155304181157223
    k = 2.2025703829503933
/

&soaveredlichkwong
    ac = 35.22184855622232
    b = 0.15277254539089025
    k = 0.9661020984177
/
