&names
    formula_extended = 'CH3CH2C(CH3)2CH2CH3'
    iupac = '3,3-Dimethylpentane'
/

&pengrobinson
    ac = 30.82938362736124
    b = 0.11761402387043945
    k = 0.7683944602767538
/

&pure
    a = 0.6683
    acentric_factor = 0.267868
    b = 0.2701
    c = 536.4
    d = 0.3084
    pc = 29.5
    tc = 536.4
    vc = 0.414
    vc_rat = 1.168
/

&rkpr
    ac = 29.852233772636133
    b = 0.12399156349951707
    del1 = 1.771768258900714
    k = 2.385263463912326
/

&soaveredlichkwong
    ac = 28.823114739176738
    b = 0.13098501862074605
    k = 0.8890674105508
/
