&names
    formula_extended = 'CH2CHC(CH3)3'
    iupac = '3,3-Dimethyl-1-Butene'
/

&pengrobinson
    ac = 22.13583436028597
    b = 0.09437081262256215
    k = 0.7128922659988379
/

&pure
    a = 0.8519
    acentric_factor = 0.228457
    b = 0.28365
    c = 480.0
    d = 0.29975
    pc = 32.9
    tc = 480.0
    vc = 0.333
    vc_rat = 1.168
/

&rkpr
    ac = 21.390587878135403
    b = 0.09981298078740934
    del1 = 1.7306587009529562
    k = 2.240067729975288
/

&soaveredlichkwong
    ac = 20.69531137326028
    b = 0.10509939411849367
    k = 0.8304576128514249
/
