&names
    formula_extended = 'C6H3Cl2NH2'
    iupac = '3,4-Dichloroaniline'
/

&pengrobinson
    ac = 49.220664399392284
    b = 0.12590428772434284
    k = 1.0370369189762267
/

&pure
    a = 0.6179
    acentric_factor = 0.467797
    b = 0.2461
    c = 800.0
    d = 0.2857
    pc = 41.1
    tc = 800.0
    vc = 0.409
    vc_rat = 1.168
/

&rkpr
    ac = 50.795264103991634
    b = 0.11927745633384457
    del1 = 3.060584293688576
    k = 2.7593856279518083
/

&soaveredlichkwong
    ac = 46.01755502705211
    b = 0.14021776425378918
    k = 1.1780165221884251
/
