&names
    formula_extended = '(C6H3)(CH3)2OH'
    iupac = '3,4-Xylenol'
/

&pengrobinson
    ac = 33.684145996867244
    b = 0.09443119028205463
    k = 1.1840685516222333
/

&pure
    a = 0.83592
    acentric_factor = 0.576317
    b = 0.29255
    c = 729.95
    d = 0.26174
    pc = 50.0
    tc = 729.95
    vc = 0.35
    vc_rat = 1.168
/

&rkpr
    ac = 31.209621239257515
    b = 0.10661454302582901
    del1 = 0.7178513887191108
    k = 3.795420558040929
/

&soaveredlichkwong
    ac = 31.49209911862209
    b = 0.10516663583502239
    k = 1.328998233214425
/
