&names
    formula_extended = 'CH3(C6H3)(NO2)2'
    iupac = '3,4-Dinitrotoluene'
/

&pengrobinson
    ac = 65.91049685830909
    b = 0.16018635889140267
    k = 1.3560826178667378
/

&pure
    a = 0.48566
    acentric_factor = 0.709209
    b = 0.23621
    c = 842.0
    d = 0.28571
    pc = 34.0
    tc = 842.0
    vc = 0.487
    vc_rat = 1.168
/

&rkpr
    ac = 71.39853399184346
    b = 0.1389052230802046
    del1 = 4.150128701898088
    k = 3.247818825687815
/

&soaveredlichkwong
    ac = 61.6212713308078
    b = 0.17839720563674555
    k = 1.508273920005825
/
