&names
    formula_extended = 'Cl2(C6H3)NCO'
    iupac = '3,4-Dichlorophenyl Isocyanate'
/

&pengrobinson
    ac = 51.00033576808075
    b = 0.1423810188915116
    k = 0.861127853037648
/

&pure
    a = 0.52457
    acentric_factor = 0.33509
    b = 0.2392
    c = 733.0
    d = 0.27449
    pc = 33.3
    tc = 733.0
    vc = 0.456
    vc_rat = 1.168
/

&rkpr
    ac = 53.197796041378425
    b = 0.13235486472771343
    del1 = 3.2892955711211234
    k = 2.2215808389073395
/

&soaveredlichkwong
    ac = 47.68141158278976
    b = 0.15856765883029017
    k = 0.9877817310825
/
