&names
    formula_extended = 'CH2ClCHClCHCH2'
    iupac = '3,4-Dichloro-1-Butene'
/

&pengrobinson
    ac = 28.482570409479496
    b = 0.09895709112993893
    k = 0.8073586348010322
/

&pure
    a = 0.78617
    acentric_factor = 0.295898
    b = 0.25886
    c = 589.0
    d = 0.28571
    pc = 38.5
    tc = 589.0
    vc = 0.33
    vc_rat = 1.168
/

&rkpr
    ac = 28.806525384473023
    b = 0.0970819516004526
    del1 = 2.6425723015055307
    k = 2.250981366315491
/

&soaveredlichkwong
    ac = 26.629023950076782
    b = 0.11020706543114622
    k = 0.9304212173793
/
