&names
    formula_extended = 'CH3CH2CH(CH3)CH(CH3)CH2CH3'
    iupac = '3,4-Dimethylhexane'
/

&pengrobinson
    ac = 38.0168575074512
    b = 0.13677277644273306
    k = 0.8652625484645812
/

&pure
    a = 0.56252
    acentric_factor = 0.338129
    b = 0.26579
    c = 568.8
    d = 0.26761
    pc = 26.9
    tc = 568.8
    vc = 0.466
    vc_rat = 1.168
/

&rkpr
    ac = 37.802554009432356
    b = 0.13807072250775418
    del1 = 2.301145439756781
    k = 2.5065995179090326
/

&soaveredlichkwong
    ac = 35.542852857677694
    b = 0.15232184121935516
    k = 0.9922070823878251
/
