&names
    formula_extended = 'CH3(C6H3)(NO2)2'
    iupac = '3,5-Dinitrotoluene'
/

&pengrobinson
    ac = 61.59978726187533
    b = 0.15485949660047715
    k = 1.3472565157166465
/

&pure
    a = 0.50237
    acentric_factor = 0.702302
    b = 0.23744
    c = 814.0
    d = 0.28571
    pc = 34.0
    tc = 814.0
    vc = 0.473
    vc_rat = 1.168
/

&rkpr
    ac = 66.50973994935697
    b = 0.1351234651428583
    del1 = 4.071458095993424
    k = 3.2478561531726218
/

&soaveredlichkwong
    ac = 57.59108769797611
    b = 0.17246475699324332
    k = 1.4991084306392999
/
