&names
    formula_extended = '(C6H3)(CH3)2OH'
    iupac = '3,5-Xylenol'
/

&pengrobinson
    ac = 44.968476065613146
    b = 0.12858506542562348
    k = 1.0594130479925281
/

&pure
    a = 0.4452
    acentric_factor = 0.48521
    b = 0.21369
    c = 715.65
    d = 0.2132
    pc = 36.0
    tc = 715.65
    vc = 0.48
    vc_rat = 1.168
/

&rkpr
    ac = 41.490817401992544
    b = 0.14609248121265034
    del1 = 0.41421356237309515
    k = 3.491732835722344
/

&soaveredlichkwong
    ac = 42.042084296968135
    b = 0.14320330718111166
    k = 1.2025205097825
/
