&names
    formula_extended = 'CH3SCH2CH2CHO'
    iupac = '3-(Methylmercapto)Propanal'
/

&pengrobinson
    ac = 33.22079182716679
    b = 0.10458747035310383
    k = 0.9705365157774719
/

&pure
    a = 0.82435
    acentric_factor = 0.41678
    b = 0.25885
    c = 650.0
    d = 0.28571
    pc = 40.2
    tc = 650.0
    vc = 0.314
    vc_rat = 1.168
/

&rkpr
    ac = 36.304964093038926
    b = 0.08918277520149272
    del1 = 4.364522741578885
    k = 2.2394475020536744
/

&soaveredlichkwong
    ac = 31.05889842412948
    b = 0.11647753644402917
    k = 1.1056132455299998
/
