&names
    formula_extended = 'H2N(CH2)3OH'
    iupac = '3-Amino-1-Propanol'
/

&pengrobinson
    ac = 24.206724289766893
    b = 0.07632632682568974
    k = 1.505068855714043
/

&pure
    a = 1.0193
    acentric_factor = 0.827268
    b = 0.24991
    c = 649.0
    d = 0.2857
    pc = 55.0
    tc = 649.0
    vc = 0.245
    vc_rat = 1.168
/

&rkpr
    ac = 25.207193600734364
    b = 0.07116530087754822
    del1 = 3.252867970226206
    k = 3.863285148594479
/

&soaveredlichkwong
    ac = 22.631435000352827
    b = 0.08500351413475335
    k = 1.6623546718308
/
