&names
    formula_extended = 'CH2CHCH2Cl'
    iupac = '3-Chloropropene'
/

&pengrobinson
    ac = 17.74059137364723
    b = 0.07060919957074449
    k = 0.5967540170171469
/

&pure
    a = 1.1088
    acentric_factor = 0.147844
    b = 0.25945
    c = 514.15
    d = 0.2935
    pc = 47.1
    tc = 514.15
    vc = 0.234
    vc_rat = 1.168
/

&rkpr
    ac = 18.02980868509213
    b = 0.0686971712905815
    del1 = 2.741880099353094
    k = 1.6482175118394342
/

&soaveredlichkwong
    ac = 16.586095488774774
    b = 0.07863643310731483
    k = 0.7088813325412
/
