&names
    formula_extended = 'ClCH2CH(OH)CH2OH'
    iupac = '3-Chloro-1,2-Propanediol'
/

&pengrobinson
    ac = 25.281336422882603
    b = 0.07983770747868756
    k = 1.9755126896804165
/

&pure
    a = 0.82987
    acentric_factor = 1.21879
    b = 0.23485
    c = 648.0
    d = 0.28571
    pc = 52.5
    tc = 648.0
    vc = 0.283
    vc_rat = 1.168
/

&rkpr
    ac = 24.337836820807752
    b = 0.08495296964153584
    del1 = 1.6537749833388435
    k = 5.462195441110987
/

&soaveredlichkwong
    ac = 23.636115119400564
    b = 0.08891408742424563
    k = 2.1384218737825
/
