&names
    formula_extended = 'CH2CHCH(C2H5)2'
    iupac = '3-Ethyl-1-Pentene'
/

&pengrobinson
    ac = 29.303428129349218
    b = 0.11314245459980858
    k = 0.815584742538532
/

&pure
    a = 0.67764
    acentric_factor = 0.301855
    b = 0.26969
    c = 530.0
    d = 0.29056
    pc = 30.3
    tc = 530.0
    vc = 0.398
    vc_rat = 1.168
/

&rkpr
    ac = 28.390025674983246
    b = 0.11917395522597955
    del1 = 1.7826730552826178
    k = 2.5150349875280225
/

&soaveredlichkwong
    ac = 27.396463109105117
    b = 0.12600509730776774
    k = 0.9391743928206251
/
