&names
    formula_extended = '-SC(CH3)C(C2H5)CHC(CH3)-'
    iupac = '3-Ethyl-2,5-Dimethylthiophene'
/

&pengrobinson
    ac = 43.39542589759579
    b = 0.13273971260888642
    k = 0.9208624717274458
/

&pure
    a = 0.58608
    acentric_factor = 0.379357
    b = 0.248
    c = 669.0
    d = 0.28571
    pc = 32.6
    tc = 669.0
    vc = 0.424
    vc_rat = 1.168
/

&rkpr
    ac = 45.35452340513038
    b = 0.12295812770844118
    del1 = 3.3320771644491645
    k = 2.37077739583635
/

&soaveredlichkwong
    ac = 40.571402753954544
    b = 0.14783027699945406
    k = 1.051923364646425
/
