&names
    formula_extended = 'CH3CH2CH(CH2CH3)CH2CH3'
    iupac = '3-Ethylpentane'
/

&pengrobinson
    ac = 31.964179403494132
    b = 0.12099587203673648
    k = 0.8255003819626732
/

&pure
    a = 0.64104
    acentric_factor = 0.309054
    b = 0.26462
    c = 540.6
    d = 0.29145
    pc = 28.9
    tc = 540.6
    vc = 0.416
    vc_rat = 1.168
/

&rkpr
    ac = 31.553193591308442
    b = 0.12362654948281075
    del1 = 2.1560180956593284
    k = 2.4375741496478467
/

&soaveredlichkwong
    ac = 29.88406195941187
    b = 0.13475133347383633
    k = 0.9497359803897001
/
