&names
    formula_extended = 'CH3CH2CH(C2H5)CH2(CH2)2CH3'
    iupac = '3-Ethylheptane'
/

&pengrobinson
    ac = 46.037893285977354
    b = 0.15967850800353503
    k = 0.9589382190506164
/

&pure
    a = 0.50262
    acentric_factor = 0.407991
    b = 0.26538
    c = 590.0
    d = 0.27904
    pc = 23.9
    tc = 590.0
    vc = 0.528
    vc_rat = 1.168
/

&rkpr
    ac = 46.86921929049822
    b = 0.15489424046310904
    del1 = 2.7773154827966224
    k = 2.627765010072694
/

&soaveredlichkwong
    ac = 43.041907570089066
    b = 0.17783161952877272
    k = 1.093047919185825
/
