&names
    formula_extended = 'CH3CH2CH(C2H5)CH2CH2CH3'
    iupac = '3-Ethylhexane'
/

&pengrobinson
    ac = 38.72879911211105
    b = 0.1401472102731591
    k = 0.8955512499064012
/

&pure
    a = 0.60052
    acentric_factor = 0.360504
    b = 0.27688
    c = 565.5
    d = 0.2658
    pc = 26.1
    tc = 565.5
    vc = 0.455
    vc_rat = 1.168
/

&rkpr
    ac = 39.985620254958015
    b = 0.1326664546727199
    del1 = 3.0700297031388137
    k = 2.373525504295287
/

&soaveredlichkwong
    ac = 36.20846378285014
    b = 0.15607989883499906
    k = 1.0246897475471999
/
