&names
    formula_extended = 'CH3CH2(C6H3)(CH3)2'
    iupac = '3-Ethyl-O-Xylene'
/

&pengrobinson
    ac = 50.74983764492548
    b = 0.15272452401562212
    k = 0.8977175659811635
/

&pure
    a = 0.47362
    acentric_factor = 0.362112
    b = 0.24012
    c = 680.0
    d = 0.28485
    pc = 28.8
    tc = 680.0
    vc = 0.507
    vc_rat = 1.168
/

&rkpr
    ac = 51.50857649275908
    b = 0.1489287459956434
    del1 = 2.7146088244835225
    k = 2.47826405314383
/

&soaveredlichkwong
    ac = 47.44721500484568
    b = 0.17008706924326822
    k = 1.0270173954047999
/
