&names
    formula_extended = 'CH3CH2CH2COCH2CH3'
    iupac = '3-Hexanone'
/

&pengrobinson
    ac = 32.34000844644873
    b = 0.11355041300936412
    k = 0.9218373423924716
/

&pure
    a = 0.67666
    acentric_factor = 0.380086
    b = 0.25578
    c = 582.82
    d = 0.27746
    pc = 33.2
    tc = 582.82
    vc = 0.378
    vc_rat = 1.168
/

&rkpr
    ac = 32.75276324242675
    b = 0.11113798698915382
    del1 = 2.670532789441251
    k = 2.5567859069235226
/

&soaveredlichkwong
    ac = 30.23543335750176
    b = 0.126459434623282
    k = 1.0529739247057
/
