&names
    formula_extended = 'CH3(CH2)3COC2H5'
    iupac = '3-Heptanone'
/

&pengrobinson
    ac = 39.831923582319575
    b = 0.1343729679953082
    k = 0.9583749937475879
/

&pure
    a = 0.59268
    acentric_factor = 0.407565
    b = 0.25663
    c = 606.6
    d = 0.27766
    pc = 29.2
    tc = 606.6
    vc = 0.433
    vc_rat = 1.168
/

&rkpr
    ac = 41.35765475151931
    b = 0.12593680468636437
    del1 = 3.190325325154337
    k = 2.510331076870834
/

&soaveredlichkwong
    ac = 37.23980075541924
    b = 0.14964920964169195
    k = 1.0924381948856252
/
