&names
    formula_extended = 'CH3CH2CCCH2CH3'
    iupac = '3-Hexyne'
/

&pengrobinson
    ac = 26.49917868190557
    b = 0.09968195561812844
    k = 0.698453774503858
/

&pure
    a = 0.78045
    acentric_factor = 0.218301
    b = 0.26065
    c = 544.0
    d = 0.28571
    pc = 35.3
    tc = 544.0
    vc = 0.331
    vc_rat = 1.168
/

&rkpr
    ac = 26.889952990570134
    b = 0.09723797114395547
    del1 = 2.7104978838460636
    k = 1.9343946037007305
/

&soaveredlichkwong
    ac = 24.774704446722826
    b = 0.11101433641260341
    k = 0.815266091844825
/
