&names
    formula_extended = 'OHCH2CH(CH3)CHO'
    iupac = '3-Hydroxy-2-Methyl Propionaldehyde'
/

&pengrobinson
    ac = 26.046349607506546
    b = 0.086667203939661
    k = 1.4618843874915672
/

&pure
    a = 0.89765
    acentric_factor = 0.792761
    b = 0.252
    c = 615.0
    d = 0.28571
    pc = 45.9
    tc = 615.0
    vc = 0.281
    vc_rat = 1.168
/

&rkpr
    ac = 26.9186107987305
    b = 0.08189626619956568
    del1 = 3.0912835957906246
    k = 3.809743603990087
/

&soaveredlichkwong
    ac = 24.351343910995
    b = 0.09651999777126641
    k = 1.6178235634538252
/
