&names
    formula_extended = '-CH2CH2CH(CH3)CH2SO2-'
    iupac = '3-Methyl Sulfolane'
/

&pengrobinson
    ac = 49.76082545830826
    b = 0.12463745006513535
    k = 0.9736292830364213
/

&pure
    a = 0.7614
    acentric_factor = 0.419129
    b = 0.26878
    c = 817.0
    d = 0.3144
    pc = 42.4
    tc = 817.0
    vc = 0.353
    vc_rat = 1.168
/

&rkpr
    ac = 56.56172087541971
    b = 0.09829827832231978
    del1 = 5.402783553291846
    k = 2.0126915435164765
/

&soaveredlichkwong
    ac = 46.52256428597719
    b = 0.138806905676554
    k = 1.1089669502378252
/
