&names
    formula_extended = 'CH3CH(CH3)CH(OH)CH3'
    iupac = '3-Methyl-2-Butanol'
/

&pengrobinson
    ac = 25.258301600782456
    b = 0.09294676640775644
    k = 1.0995465488793705
/

&pure
    a = 0.79458
    acentric_factor = 0.512327
    b = 0.25984
    c = 556.1
    d = 0.25842
    pc = 38.7
    tc = 556.1
    vc = 0.327
    vc_rat = 1.168
/

&rkpr
    ac = 24.468371798225927
    b = 0.09791844025999746
    del1 = 1.7805227364372693
    k = 3.297800396765013
/

&soaveredlichkwong
    ac = 23.614579323277805
    b = 0.10351345467160762
    k = 1.240468880887425
/
