&names
    formula_extended = 'CH3CH2CH(CH3)CH2CH3'
    iupac = '3-Methylpentane'
/

&pengrobinson
    ac = 25.795812877886473
    b = 0.10461284364472795
    k = 0.7716802496398719
/

&pure
    a = 0.72752
    acentric_factor = 0.27022
    b = 0.26773
    c = 504.6
    d = 0.26799
    pc = 31.2
    tc = 504.6
    vc = 0.368
    vc_rat = 1.168
/

&rkpr
    ac = 24.99148995913878
    b = 0.11019143993838801
    del1 = 1.7824681781214162
    k = 2.3915727403463927
/

&soaveredlichkwong
    ac = 24.11711123896037
    b = 0.1165057943079002
    k = 0.89254798153
/
