&names
    formula_extended = 'CH3CH2CH2CH(CH3)CH2CHO'
    iupac = '3-Methylhexanal'
/

&pengrobinson
    ac = 39.26434807265288
    b = 0.13504063176118167
    k = 1.023086775678852
/

&pure
    a = 0.6222
    acentric_factor = 0.457005
    b = 0.26194
    c = 595.0
    d = 0.28546
    pc = 28.5
    tc = 595.0
    vc = 0.421
    vc_rat = 1.168
/

&rkpr
    ac = 41.77595039024292
    b = 0.12109902849408515
    del1 = 3.72944121310055
    k = 2.5383886874885144
/

&soaveredlichkwong
    ac = 36.709161082696404
    b = 0.15039277701510037
    k = 1.162776495245625
/
