&names
    formula_extended = 'CH3O(CH2)2CN'
    iupac = '3-Methoxypropionitrile'
/

&pengrobinson
    ac = 35.444108063154886
    b = 0.11368584889291229
    k = 1.026569853142692
/

&pure
    a = 0.68938
    acentric_factor = 0.459695
    b = 0.22336
    c = 638.0
    d = 0.2633
    pc = 36.3
    tc = 638.0
    vc = 0.324
    vc_rat = 1.168
/

&rkpr
    ac = 40.123676985229075
    b = 0.09041462331551867
    del1 = 5.2879338777938765
    k = 2.1728391044838453
/

&soaveredlichkwong
    ac = 33.13752898469915
    b = 0.12661026758643282
    k = 1.1665790187206249
/
