&names
    formula_extended = 'CH3CH2C(CH3)(CH2CH3)CH2CH3'
    iupac = '3-Methyl-3-Ethylpentane'
/

&pengrobinson
    ac = 37.38536481321804
    b = 0.13270440742810222
    k = 0.8199571872408282
/

&pure
    a = 0.59885
    acentric_factor = 0.305027
    b = 0.27254
    c = 576.5
    d = 0.28169
    pc = 28.1
    tc = 576.5
    vc = 0.455
    vc_rat = 1.168
/

&rkpr
    ac = 36.98682146763354
    b = 0.1350933469426283
    del1 = 2.2002414485174144
    k = 2.4096476156763997
/

&soaveredlichkwong
    ac = 34.95245550809591
    b = 0.1477909581358505
    k = 0.9438302406224249
/
