&names
    formula_extended = 'CH3CH2CH(CH3)(CH2)5CH3'
    iupac = '3-Methylnonane'
/

&pengrobinson
    ac = 54.989088068039244
    b = 0.18356888866975754
    k = 1.0333306039016998
/

&pure
    a = 0.45573
    acentric_factor = 0.464925
    b = 0.26569
    c = 613.0
    d = 0.28692
    pc = 21.6
    tc = 613.0
    vc = 0.583
    vc_rat = 1.168
/

&rkpr
    ac = 57.717279197020716
    b = 0.1687427843473835
    del1 = 3.4253825846108024
    k = 2.6475096108408325
/

&soaveredlichkwong
    ac = 51.410589778419435
    b = 0.20443798714926162
    k = 1.1739647802656248
/
