&names
    formula_extended = 'CH3CH2CH(CH3)(CH2)7CH3'
    iupac = '3-Methylundecane'
/

&pengrobinson
    ac = 72.51875057288731
    b = 0.22656459743871468
    k = 1.1515063815288458
/

&pure
    a = 0.38375
    acentric_factor = 0.551564
    b = 0.26595
    c = 655.0
    d = 0.28571
    pc = 18.7
    tc = 655.0
    vc = 0.693
    vc_rat = 1.168
/

&rkpr
    ac = 78.22000918263198
    b = 0.1980663950079825
    del1 = 4.047469243724852
    k = 2.773438989759875
/

&soaveredlichkwong
    ac = 67.79948291437756
    b = 0.25232167931778954
    k = 1.2949227379332002
/
