&names
    formula_extended = 'CH2CHCH(CH3)CH3'
    iupac = '3-Methyl-1-Butene'
/

&pengrobinson
    ac = 18.350825402436676
    b = 0.0829522450520712
    k = 0.6862510296718003
/

&pure
    a = 0.86027
    acentric_factor = 0.209748
    b = 0.26238
    c = 452.7
    d = 0.27591
    pc = 35.3
    tc = 452.7
    vc = 0.305
    vc_rat = 1.168
/

&rkpr
    ac = 17.122484269491125
    b = 0.09266365375217783
    del1 = 0.9457833899664845
    k = 2.3529092621568477
/

&soaveredlichkwong
    ac = 17.156617612802513
    b = 0.09238270237864994
    k = 0.8024443628868
/
