&names
    formula_extended = 'CH3CH2CH(CH3)CH2CH2CH3'
    iupac = '3-Methylhexane'
/

&pengrobinson
    ac = 32.2207176486633
    b = 0.12319756956725118
    k = 0.841098539090112
/

&pure
    a = 0.69172
    acentric_factor = 0.32042
    b = 0.28164
    c = 535.2
    d = 0.263
    pc = 28.1
    tc = 535.2
    vc = 0.404
    vc_rat = 1.168
/

&rkpr
    ac = 33.013124157297504
    b = 0.1181902676489687
    del1 = 2.9097246009460034
    k = 2.269632797671215
/

&soaveredlichkwong
    ac = 30.12390558927074
    b = 0.1372033318201339
    k = 0.9663740091299999
/
