&names
    formula_extended = 'CH3COCH(CH3)C2H5'
    iupac = '3-Methyl-2-Pentanone'
/

&pengrobinson
    ac = 31.25938862656577
    b = 0.11163718927690477
    k = 0.9332642534748187
/

&pure
    a = 0.69687
    acentric_factor = 0.388647
    b = 0.25862
    c = 573.0
    d = 0.28571
    pc = 33.2
    tc = 573.0
    vc = 0.369
    vc_rat = 1.168
/

&rkpr
    ac = 31.83349027547745
    b = 0.10823585877738981
    del1 = 2.7835457363175022
    k = 2.5558935320986222
/

&soaveredlichkwong
    ac = 29.225136511013005
    b = 0.12432870532778656
    k = 1.065297242143425
/
