&names
    formula_extended = 'CH2CHCH(CH3)CH2CH3'
    iupac = '3-Methyl-1-Pentene'
/

&pengrobinson
    ac = 23.54094103354631
    b = 0.09731990051701721
    k = 0.7630276874300468
/

&pure
    a = 0.79959
    acentric_factor = 0.264031
    b = 0.2745
    c = 495.0
    d = 0.28442
    pc = 32.9
    tc = 495.0
    vc = 0.3433
    vc_rat = 1.168
/

&rkpr
    ac = 22.7542457908829
    b = 0.10288980004472145
    del1 = 1.7358601833709695
    k = 2.379972357650346
/

&soaveredlichkwong
    ac = 22.008978599101997
    b = 0.10838375018469659
    k = 0.883385129431825
/
