&names
    formula_extended = 'CH3CH2C(CH3)CHCH3'
    iupac = '3-Methyl-Trans-2-Pentene'
/

&pengrobinson
    ac = 26.484984475376216
    b = 0.10483160025737633
    k = 0.7611067559441524
/

&pure
    a = 0.78014
    acentric_factor = 0.262659
    b = 0.26758
    c = 517.0
    d = 0.27769
    pc = 31.9
    tc = 517.0
    vc = 0.343
    vc_rat = 1.168
/

&rkpr
    ac = 27.18313240183243
    b = 0.10026951542080954
    del1 = 2.9456575638016322
    k = 2.0425698694491365
/

&soaveredlichkwong
    ac = 24.761433949706976
    b = 0.11674942034872612
    k = 0.881352059700825
/
