&names
    formula_extended = 'CH3CH2CH(CH3)(CH2)3CH3'
    iupac = '3-Methylheptane'
/

&pengrobinson
    ac = 39.37414243532389
    b = 0.1429628374840769
    k = 0.9113903990589479
/

&pure
    a = 0.59116
    acentric_factor = 0.372285
    b = 0.27548
    c = 563.6
    d = 0.27116
    pc = 25.5
    tc = 563.6
    vc = 0.464
    vc_rat = 1.168
/

&rkpr
    ac = 40.6612826090943
    b = 0.13527689873645518
    del1 = 3.074908422532229
    k = 2.415066468475147
/

&soaveredlichkwong
    ac = 36.811810410728135
    b = 0.1592156216894217
    k = 1.041722268785625
/
