&names
    formula_extended = 'H2CC2(CH3)CH3'
    iupac = '3-Methyl-1,2-Butadiene'
/

&pengrobinson
    ac = 19.815393707828292
    b = 0.08275412697390798
    k = 0.6542364705556276
/

&pure
    a = 0.84623
    acentric_factor = 0.187439
    b = 0.24625
    c = 490.0
    d = 0.29041
    pc = 38.3
    tc = 490.0
    vc = 0.291
    vc_rat = 1.168
/

&rkpr
    ac = 19.20338755313118
    b = 0.08712453349966538
    del1 = 1.7885893903220544
    k = 2.059358784375811
/

&soaveredlichkwong
    ac = 18.525876914898962
    b = 0.09216206117190147
    k = 0.7688806447238249
/
