&names
    formula_extended = '-SCHC(CH3)CHCH-'
    iupac = '3-Methylthiophene'
/

&pengrobinson
    ac = 24.190718987161866
    b = 0.08075535631907868
    k = 0.7287504206929819
/

&pure
    a = 1.0023
    acentric_factor = 0.239657
    b = 0.27663
    c = 613.0
    d = 0.30294
    pc = 49.1
    tc = 613.0
    vc = 0.276
    vc_rat = 1.168
/

&rkpr
    ac = 23.994441742830205
    b = 0.0818600902658619
    del1 = 2.251423994990981
    k = 2.142184743862192
/

&soaveredlichkwong
    ac = 22.616471267084723
    b = 0.0899360595198381
    k = 0.8471689094114251
/
