&names
    formula_extended = '-CHCHCH(CH3)CH2CH2-'
    iupac = '3-Methylcyclopentene'
/

&pengrobinson
    ac = 21.175357745624748
    b = 0.08238118748781714
    k = 0.7145222599594989
/

&pure
    a = 0.9109
    acentric_factor = 0.229606
    b = 0.276
    c = 526.0
    d = 0.26756
    pc = 41.3
    tc = 526.0
    vc = 0.303
    vc_rat = 1.168
/

&rkpr
    ac = 19.752285329261724
    b = 0.09206593843454652
    del1 = 0.9377289121871356
    k = 2.4358764542014075
/

&soaveredlichkwong
    ac = 19.79733923073237
    b = 0.09174672391939974
    k = 0.8321740338337
/
