&names
    formula_extended = 'CH3CH2CH(CH3)(CH2)4CH3'
    iupac = '3-Methyloctane'
/

&pengrobinson
    ac = 47.045521286486725
    b = 0.1631319056069129
    k = 0.9646904538945771
/

&pure
    a = 0.49965
    acentric_factor = 0.412346
    b = 0.26431
    c = 590.15
    d = 0.29148
    pc = 23.4
    tc = 590.15
    vc = 0.529
    vc_rat = 1.168
/

&rkpr
    ac = 48.6154906082315
    b = 0.1541825467399681
    del1 = 3.0888734583175337
    k = 2.555481600479832
/

&soaveredlichkwong
    ac = 43.983962650532284
    b = 0.1816776179437371
    k = 1.0992774898496998
/
