&names
    formula_extended = 'CH3CH2CH(CH3)CH2CH2OH'
    iupac = '3-Methyl-1-Pentanol'
/

&pengrobinson
    ac = 32.14289981688665
    b = 0.11186410810943562
    k = 1.3737183149126329
/

&pure
    a = 0.70418
    acentric_factor = 0.723039
    b = 0.26769
    c = 588.0
    d = 0.2359
    pc = 34.0
    tc = 588.0
    vc = 0.38
    vc_rat = 1.168
/

&rkpr
    ac = 32.03782181819565
    b = 0.11247884585401532
    del1 = 2.34865214349003
    k = 3.8288320593960394
/

&soaveredlichkwong
    ac = 30.051151870897275
    b = 0.12458142151354679
    k = 1.526575941783825
/
