&names
    formula_extended = 'CH2CHCH(CH3)CHCH2'
    iupac = '3-Methyl-1,4-Pentadiene'
/

&pengrobinson
    ac = 22.371580654865333
    b = 0.0921135069505313
    k = 0.7388936907124972
/

&pure
    a = 0.84456
    acentric_factor = 0.246846
    b = 0.273
    c = 497.0
    d = 0.28571
    pc = 34.9
    tc = 497.0
    vc = 0.323
    vc_rat = 1.168
/

&rkpr
    ac = 21.73125348740201
    b = 0.09661542165204841
    del1 = 1.8353927799876475
    k = 2.284875822131349
/

&soaveredlichkwong
    ac = 20.91571612024219
    b = 0.10258546579809727
    k = 0.8578723381497001
/
