&names
    formula_extended = 'CH3CH2C(OH)(CH3)CH2CH3'
    iupac = '3-Methyl-3-Pentanol'
/

&pengrobinson
    ac = 29.75145615040704
    b = 0.10577194173937551
    k = 0.9903224790860826
/

&pure
    a = 0.6752
    acentric_factor = 0.431847
    b = 0.25659
    c = 575.6
    d = 0.26759
    pc = 35.2
    tc = 575.6
    vc = 0.38
    vc_rat = 1.168
/

&rkpr
    ac = 28.318697595296005
    b = 0.11457622909082546
    del1 = 1.4179878361344171
    k = 3.1101985368237157
/

&soaveredlichkwong
    ac = 27.815335027318074
    b = 0.11779666490746346
    k = 1.1270911075034251
/
