&names
    formula_extended = 'CH3OCH2CH(CH3)NH2'
    iupac = '3-Methoxyisopropylamine'
/

&pengrobinson
    ac = 23.208503007097292
    b = 0.08666617027988474
    k = 0.9783055566179879
/

&pure
    a = 0.71822
    acentric_factor = 0.422685
    b = 0.23917
    c = 548.0
    d = 0.28571
    pc = 40.9
    tc = 548.0
    vc = 0.333
    vc_rat = 1.168
/

&rkpr
    ac = 21.413662296139428
    b = 0.09846614621594593
    del1 = 0.41421356237309515
    k = 3.257811679379567
/

&soaveredlichkwong
    ac = 21.69817448132192
    b = 0.09651884659948787
    k = 1.114040233385625
/
