&names
    formula_extended = 'SHCH2CH2CO2H'
    iupac = '3-Mercaptopropionic Acid'
/

&pengrobinson
    ac = 33.46267527960293
    b = 0.09393256171235029
    k = 1.2000784734582493
/

&pure
    a = 0.8406
    acentric_factor = 0.588534
    b = 0.23621
    c = 729.0
    d = 0.40466
    pc = 50.2
    tc = 729.0
    vc = 0.281
    vc_rat = 1.168
/

&rkpr
    ac = 36.66064745515368
    b = 0.07971338267382985
    del1 = 4.426399231332296
    k = 2.796242869504298
/

&soaveredlichkwong
    ac = 31.28504094411445
    b = 0.1046113204879384
    k = 1.3457373688977001
/
