&names
    formula_extended = 'CH2CHCH(CH3)CH2CH2CH3'
    iupac = '3-Methyl-1-Hexene'
/

&pengrobinson
    ac = 29.87137051012285
    b = 0.1157721935190008
    k = 0.8209310114381804
/

&pure
    a = 0.68801
    acentric_factor = 0.305734
    b = 0.27383
    c = 528.0
    d = 0.28221
    pc = 29.5
    tc = 528.0
    vc = 0.398
    vc_rat = 1.168
/

&rkpr
    ac = 29.489705802238834
    b = 0.11827336389055604
    del1 = 2.157644705726218
    k = 2.424404169197768
/

&soaveredlichkwong
    ac = 27.9274457782413
    b = 0.1289337990897724
    k = 0.9448674922177
/
