&names
    formula_extended = 'CH3CHC(CH3)CH2CH3'
    iupac = '3-Methyl-Cis-2-Pentene'
/

&pengrobinson
    ac = 25.48012062336705
    b = 0.10124586294591903
    k = 0.755241077602174
/

&pure
    a = 0.77952
    acentric_factor = 0.258474
    b = 0.26738
    c = 515.0
    d = 0.28391
    pc = 32.902
    tc = 515.0
    vc = 0.343
    vc_rat = 1.168
/

&rkpr
    ac = 25.45163286721501
    b = 0.10143589780900818
    del1 = 2.391792458148682
    k = 2.176863118927868
/

&soaveredlichkwong
    ac = 23.821963136608847
    b = 0.11275603713595787
    k = 0.8751465344817
/
