&names
    formula_extended = '-CHC(CH3)CHCHCHN-'
    iupac = '3-Methylpyridine'
/

&pengrobinson
    ac = 28.219078791165504
    b = 0.08952949880441163
    k = 0.8099595859662719
/

&pure
    a = 0.77194
    acentric_factor = 0.29778
    b = 0.24702
    c = 645.0
    d = 0.26619
    pc = 46.6
    tc = 645.0
    vc = 0.32
    vc_rat = 1.168
/

&rkpr
    ac = 26.977102708821423
    b = 0.09632261123127626
    del1 = 1.5098454087550623
    k = 2.573754501300046
/

&soaveredlichkwong
    ac = 26.382679448374347
    b = 0.0997076937093837
    k = 0.93318795753
/
