&names
    formula_extended = '(CH3)2CHCCH'
    iupac = '3-Methyl-1-Butyne'
/

&pengrobinson
    ac = 16.147196509189886
    b = 0.07133647010827177
    k = 0.8241673462586279
/

&pure
    a = 0.94575
    acentric_factor = 0.308085
    b = 0.26008
    c = 463.2
    d = 0.30807
    pc = 42.0
    tc = 463.2
    vc = 0.275
    vc_rat = 1.168
/

&rkpr
    ac = 14.898445322882527
    b = 0.08104924070748826
    del1 = 0.41421356237309515
    k = 2.8123352112103586
/

&soaveredlichkwong
    ac = 15.096393211292035
    b = 0.079446383670738
    k = 0.948315425735625
/
