&names
    formula_extended = '(CH3)2CH(CH2)2OH'
    iupac = '3-Methyl-1-Butanol'
/

&pengrobinson
    ac = 26.795965751566634
    b = 0.09500055169661474
    k = 1.2007236844076363
/

&pure
    a = 0.837
    acentric_factor = 0.589027
    b = 0.27375
    c = 577.2
    d = 0.22951
    pc = 39.3
    tc = 577.2
    vc = 0.327
    vc_rat = 1.168
/

&rkpr
    ac = 26.426873211460745
    b = 0.09721451869087488
    del1 = 2.137551586690876
    k = 3.4547927044062585
/

&soaveredlichkwong
    ac = 25.05217764778783
    b = 0.10580072531715969
    k = 1.346411756822425
/
