&names
    formula_extended = 'O2NC6H4CF3'
    iupac = '3-Nitrobenzotrifluoride'
/

&pengrobinson
    ac = 50.22303526448821
    b = 0.15408492733878648
    k = 1.131487556346832
/

&pure
    a = 0.50489
    acentric_factor = 0.536409
    b = 0.2322
    c = 667.0
    d = 0.28571
    pc = 28.0
    tc = 667.0
    vc = 0.46
    vc_rat = 1.168
/

&rkpr
    ac = 55.10112078233953
    b = 0.13040115327898955
    del1 = 4.461916709263046
    k = 2.6180658208004406
/

&soaveredlichkwong
    ac = 46.95469508814067
    b = 0.17160213053232592
    k = 1.273954208325825
/
