&names
    formula_extended = '(CH3CH2)2CHOH'
    iupac = '3-Pentanol'
/

&pengrobinson
    ac = 25.511324421827776
    b = 0.09329069651331466
    k = 1.1339941856036213
/

&pure
    a = 0.80198
    acentric_factor = 0.538304
    b = 0.26069
    c = 559.6
    d = 0.26161
    pc = 38.8
    tc = 559.6
    vc = 0.325
    vc_rat = 1.168
/

&rkpr
    ac = 24.914611982703057
    b = 0.09700459671159191
    del1 = 1.9426881150550521
    k = 3.3401313686783447
/

&soaveredlichkwong
    ac = 23.85113630056836
    b = 0.10389648460118814
    k = 1.2765805366272
/
