&names
    formula_extended = 'CH3CH2COCH2CH3'
    iupac = '3-Pentanone'
/

&pengrobinson
    ac = 26.594144372052224
    b = 0.09701634422385268
    k = 0.8743836392577772
/

&pure
    a = 0.71811
    acentric_factor = 0.344846
    b = 0.24129
    c = 560.95
    d = 0.27996
    pc = 37.4
    tc = 560.95
    vc = 0.336
    vc_rat = 1.168
/

&rkpr
    ac = 26.097097237564178
    b = 0.10009352869066016
    del1 = 2.0382261663986303
    k = 2.607380167751594
/

&soaveredlichkwong
    ac = 24.863490100580428
    b = 0.10804568397962906
    k = 1.0019768203497
/
