&names
    formula_extended = '(C6H5)(CH2)3OH'
    iupac = '3-Phenyl-1-Propanol'
/

&pengrobinson
    ac = 44.38478703795374
    b = 0.13087530468208894
    k = 1.475068618039928
/

&pure
    a = 0.57712
    acentric_factor = 0.803271
    b = 0.25399
    c = 694.0
    d = 0.28571
    pc = 34.3
    tc = 694.0
    vc = 0.44
    vc_rat = 1.168
/

&rkpr
    ac = 44.60440141024095
    b = 0.12979220076887646
    del1 = 2.513467463059924
    k = 4.025427262851322
/

&soaveredlichkwong
    ac = 41.49637971786995
    b = 0.1457539131529348
    k = 1.631430801597825
/
