&names
    formula_extended = '((NO2)C6H4)2NH'
    iupac = "4,4'-Dinitrodiphenylamine"
/

&pengrobinson
    ac = 103.44988247438688
    b = 0.22861359373977455
    k = 1.7466021200963007
/

&pure
    a = 0.3403
    acentric_factor = 1.02467
    b = 0.242
    c = 926.0
    d = 0.28571
    pc = 26.2
    tc = 926.0
    vc = 0.71
    vc_rat = 1.168
/

&rkpr
    ac = 110.37231705727734
    b = 0.20396671482866224
    del1 = 3.7928055491171966
    k = 4.254728042786709
/

&soaveredlichkwong
    ac = 96.71772450446542
    b = 0.2546036165376556
    k = 1.9090895734425002
/
