&names
    formula_extended = '((NO2)C6H4)2NC6H5'
    iupac = "4,4'-Dinitrotriphenylamine"
/

&pengrobinson
    ac = 141.43653126388074
    b = 0.3059521405809428
    k = 1.8245804067797062
/

&pure
    a = 0.25428
    acentric_factor = 1.09002
    b = 0.236
    c = 946.0
    d = 0.28571
    pc = 20.0
    tc = 946.0
    vc = 0.929
    vc_rat = 1.168
/

&rkpr
    ac = 153.34791761787275
    b = 0.26486406693763914
    del1 = 4.171274457014206
    k = 4.314261171450623
/

&soaveredlichkwong
    ac = 132.23233452231432
    b = 0.3407344253028673
    k = 1.9877663499299998
/
