&names
    formula_extended = '(OHC)C6H4(CO2H)'
    iupac = '4-Carboxybenzaldehyde'
/

&pengrobinson
    ac = 77.21473930261288
    b = 0.16357092846218893
    k = 1.4927332071100543
/

&pure
    a = 0.47561
    acentric_factor = 0.817387
    b = 0.187
    c = 966.0
    d = 0.28571
    pc = 38.2
    tc = 966.0
    vc = 0.393
    vc_rat = 1.168
/

&rkpr
    ac = 96.86247432763837
    b = 0.10341273719792599
    del1 = 8.81162295400383
    k = 2.5895402825775187
/

&soaveredlichkwong
    ac = 72.18987305667785
    b = 0.18216655127822287
    k = 1.6496458741404252
/
