&names
    formula_extended = 'CH3CH2(C6H3)(CH3)2'
    iupac = '4-Ethyl-O-Xylene'
/

&pengrobinson
    ac = 48.82795095158576
    b = 0.14980479046826461
    k = 0.9633903277631157
/

&pure
    a = 0.51932
    acentric_factor = 0.411361
    b = 0.25435
    c = 667.0
    d = 0.28571
    pc = 28.8
    tc = 667.0
    vc = 0.49
    vc_rat = 1.168
/

&rkpr
    ac = 50.12666928517223
    b = 0.1432277122742427
    del1 = 2.9504959653218674
    k = 2.5907284298569113
/

&soaveredlichkwong
    ac = 45.650398002358976
    b = 0.16683540468420577
    k = 1.097869086343825
/
