&names
    formula_extended = 'CH3CH2(C6H3)(CH3)2'
    iupac = '4-Ethyl-M-Xylene'
/

&pengrobinson
    ac = 48.53556866896015
    b = 0.1493556006917481
    k = 0.9668157242325978
/

&pure
    a = 0.53188
    acentric_factor = 0.413957
    b = 0.25636
    c = 665.0
    d = 0.29537
    pc = 28.8
    tc = 665.0
    vc = 0.482
    vc_rat = 1.168
/

&rkpr
    ac = 50.337992816426144
    b = 0.1402583356126373
    del1 = 3.1662472705525713
    k = 2.5397616116170596
/

&soaveredlichkwong
    ac = 45.377042940133826
    b = 0.16633514859819615
    k = 1.101580248376425
/
