&names
    formula_extended = '(CH3CH2CH2)2CO'
    iupac = '4-Heptanone'
/

&pengrobinson
    ac = 39.23010320349913
    b = 0.13335398406392276
    k = 0.9642021430624459
/

&pure
    a = 0.58029
    acentric_factor = 0.411976
    b = 0.25186
    c = 602.0
    d = 0.29502
    pc = 29.2
    tc = 602.0
    vc = 0.434
    vc_rat = 1.168
/

&rkpr
    ac = 40.42843065459798
    b = 0.1266461190621965
    del1 = 3.0310339011993093
    k = 2.5703057953611435
/

&soaveredlichkwong
    ac = 36.67714475033059
    b = 0.14851438213699072
    k = 1.0987484846992002
/
