&names
    formula_extended = 'HO(C6H4)CHCH2'
    iupac = '4-Hydroxystyrene'
/

&pengrobinson
    ac = 37.88144294885477
    b = 0.10532506476621352
    k = 1.0951078712824385
/

&pure
    a = 0.73863
    acentric_factor = 0.50899
    b = 0.276
    c = 736.0
    d = 0.28571
    pc = 45.2
    tc = 736.0
    vc = 0.374
    vc_rat = 1.168
/

&rkpr
    ac = 36.414217446450174
    b = 0.11233481509204606
    del1 = 1.6237712779965103
    k = 3.3325789551373584
/

&soaveredlichkwong
    ac = 35.416250606819986
    b = 0.11729898455673178
    k = 1.2358128664824999
/
