&names
    formula_extended = 'OH(CH2)3CHO'
    iupac = '4-Hydroxybutyraldehyde'
/

&pengrobinson
    ac = 25.31540911881059
    b = 0.08648507447145157
    k = 1.5213774322497944
/

&pure
    a = 0.89954
    acentric_factor = 0.840361
    b = 0.23823
    c = 599.0
    d = 0.28571
    pc = 44.8
    tc = 599.0
    vc = 0.265
    vc_rat = 1.168
/

&rkpr
    ac = 27.271543556476374
    b = 0.07578448699947513
    del1 = 4.01787523964548
    k = 3.676241104422798
/

&soaveredlichkwong
    ac = 23.66797048297435
    b = 0.09631716284563648
    k = 1.6791420571938251
/
