&names
    formula_extended = 'HOC6H4COCH3'
    iupac = '4-Hydroxyacetophenone'
/

&pengrobinson
    ac = 52.534694498609234
    b = 0.12500598185125342
    k = 1.2682724681503483
/

&pure
    a = 0.63768
    acentric_factor = 0.640919
    b = 0.25124
    c = 860.0
    d = 0.2889
    pc = 44.5
    tc = 860.0
    vc = 0.394
    vc_rat = 1.168
/

&rkpr
    ac = 55.451149469213256
    b = 0.11374874445930222
    del1 = 3.5495696398691585
    k = 3.199975450423334
/

&soaveredlichkwong
    ac = 49.11591959227943
    b = 0.13921733413804585
    k = 1.416920502201825
/
