&names
    formula_extended = '(CH3)2CHCH2(C6H4)CHCH2'
    iupac = '4-Isobutylstyrene'
/

&pengrobinson
    ac = 71.74754423412197
    b = 0.19975733590970646
    k = 1.0310170647600363
/

&pure
    a = 0.38946
    acentric_factor = 0.463134
    b = 0.24173
    c = 735.0
    d = 0.28571
    pc = 23.8
    tc = 735.0
    vc = 0.621
    vc_rat = 1.168
/

&rkpr
    ac = 76.49352279325014
    b = 0.17845871789534123
    del1 = 3.7762852807901943
    k = 2.5471478827366125
/

&soaveredlichkwong
    ac = 67.07846399753856
    b = 0.22246682413133353
    k = 1.1714366231577
/
