&names
    formula_extended = '-CHCHC(CH3)CHCHN-'
    iupac = '4-Methylpyridine'
/

&pengrobinson
    ac = 28.31979466910167
    b = 0.08968912504259006
    k = 0.8144052380799999
/

&pure
    a = 0.74276
    acentric_factor = 0.301
    b = 0.24214
    c = 646.15
    d = 0.26779
    pc = 46.6
    tc = 646.15
    vc = 0.326
    vc_rat = 1.168
/

&rkpr
    ac = 26.68862330463191
    b = 0.09867131594465203
    del1 = 1.1966552391508334
    k = 2.666260569081549
/

&soaveredlichkwong
    ac = 26.476841087831673
    b = 0.09988546711677253
    k = 0.937918825
/
