&names
    formula_extended = 'CH3CHCHCH(CH3)2'
    iupac = '4-Methyl-Trans-2-Pentene'
/

&pengrobinson
    ac = 24.63933030764158
    b = 0.10064082992859921
    k = 0.7506976272284634
/

&pure
    a = 0.77301
    acentric_factor = 0.255237
    b = 0.26962
    c = 501.0
    d = 0.28571
    pc = 32.2
    tc = 501.0
    vc = 0.346
    vc_rat = 1.168
/

&rkpr
    ac = 24.32347054468135
    b = 0.10282236963441059
    del1 = 2.1567908767782296
    k = 2.2292690488782823
/

&soaveredlichkwong
    ac = 23.035888525625193
    b = 0.11208222071142074
    k = 0.870342500920425
/
