&names
    formula_extended = 'CH3(CH2)2CHCH3(CH2)3CH3'
    iupac = '4-Methyloctane'
/

&pengrobinson
    ac = 46.647776019131165
    b = 0.1624408444122721
    k = 0.9654544460457
/

&pure
    a = 0.51244
    acentric_factor = 0.412925
    b = 0.26801
    c = 587.65
    d = 0.29044
    pc = 23.4
    tc = 587.65
    vc = 0.523
    vc_rat = 1.168
/

&rkpr
    ac = 48.46556995680001
    b = 0.15206982980075776
    del1 = 3.2040339688252866
    k = 2.5256623893439496
/

&soaveredlichkwong
    ac = 43.61210125957735
    b = 0.18090799319603001
    k = 1.100105215265625
/
