&names
    formula_extended = 'CH2CHCH2CH(CH3)2'
    iupac = '4-Methyl-1-Pentene'
/

&pengrobinson
    ac = 24.14998141427624
    b = 0.09963643042831379
    k = 0.727704739046601
/

&pure
    a = 0.78081
    acentric_factor = 0.238917
    b = 0.27164
    c = 496.0
    d = 0.28571
    pc = 32.2
    tc = 496.0
    vc = 0.345
    vc_rat = 1.168
/

&rkpr
    ac = 23.702770039281578
    b = 0.10276730097166435
    del1 = 2.041710779983166
    k = 2.196940576719346
/

&soaveredlichkwong
    ac = 22.578384753527704
    b = 0.11096363567438063
    k = 0.846066124744425
/
