&names
    formula_extended = 'CH3CH(CH3)CH2CH(OH)CH3'
    iupac = '4-Methyl-2-Pentanol'
/

&pengrobinson
    ac = 30.054444637651525
    b = 0.10707234437717036
    k = 1.1796780027778853
/

&pure
    a = 0.69553
    acentric_factor = 0.572972
    b = 0.26431
    c = 574.4
    d = 0.26676
    pc = 34.7
    tc = 574.4
    vc = 0.38
    vc_rat = 1.168
/

&rkpr
    ac = 28.90339460417682
    b = 0.1141167758214252
    del1 = 1.632994871330168
    k = 3.5551586788064107
/

&soaveredlichkwong
    ac = 28.098606079313633
    b = 0.11924490431056103
    k = 1.3244059682628
/
