&names
    formula_extended = 'CH3CHCHCH(CH3)2'
    iupac = '4-Methyl-Cis-2-Pentene'
/

&pengrobinson
    ac = 24.443001764666512
    b = 0.10023907012848503
    k = 0.7351325502769747
/

&pure
    a = 0.77611
    acentric_factor = 0.244178
    b = 0.26986
    c = 499.0
    d = 0.28571
    pc = 32.2
    tc = 499.0
    vc = 0.346
    vc_rat = 1.168
/

&rkpr
    ac = 24.051614557525863
    b = 0.10295843776102297
    del1 = 2.092394353923006
    k = 2.203714936698197
/

&soaveredlichkwong
    ac = 22.85233636029019
    b = 0.11163478669660469
    k = 0.8539021652553
/
