&names
    formula_extended = 'CH2CHCH2CH(CH3)CH2CH3'
    iupac = '4-Methyl-1-Hexene'
/

&pengrobinson
    ac = 29.64955980952635
    b = 0.11362137189149844
    k = 0.8163474165425971
/

&pure
    a = 0.68166
    acentric_factor = 0.302408
    b = 0.2713
    c = 534.0
    d = 0.28372
    pc = 30.4
    tc = 534.0
    vc = 0.398
    vc_rat = 1.168
/

&rkpr
    ac = 28.82590912439169
    b = 0.11900811615829866
    del1 = 1.8527570354078655
    k = 2.4975987450683164
/

&soaveredlichkwong
    ac = 27.720069745332363
    b = 0.12653846049274725
    k = 0.9399863372688
/
