&names
    formula_extended = 'CH3(CH2)2CH(CH3)(CH2)2CH3'
    iupac = '4-Methylheptane'
/

&pengrobinson
    ac = 39.26308775582332
    b = 0.1430418316361602
    k = 0.909203386273572
/

&pure
    a = 0.55276
    acentric_factor = 0.370655
    b = 0.26557
    c = 561.7
    d = 0.2684
    pc = 25.4
    tc = 561.7
    vc = 0.476
    vc_rat = 1.168
/

&rkpr
    ac = 39.775563590579125
    b = 0.13993449233259203
    del1 = 2.6763599526718247
    k = 2.520528158083189
/

&soaveredlichkwong
    ac = 36.70798278289563
    b = 0.15930359632153665
    k = 1.039368572420625
/
