&names
    formula_extended = 'CH3(CH2)2CH(CH3)(CH2)4CH3'
    iupac = '4-Methylnonane'
/

&pengrobinson
    ac = 54.452175858352874
    b = 0.1826705091167245
    k = 1.0335217066727964
/

&pure
    a = 0.44875
    acentric_factor = 0.465073
    b = 0.26162
    c = 610.0
    d = 0.30463
    pc = 21.6
    tc = 610.0
    vc = 0.583
    vc_rat = 1.168
/

&rkpr
    ac = 56.94603661245693
    b = 0.16901993802493948
    del1 = 3.345694308240963
    k = 2.6699378896450296
/

&soaveredlichkwong
    ac = 50.908617944933916
    b = 0.2034374749772424
    k = 1.174173645317425
/
