&names
    formula_extended = '-CHCHCH2CH(CH3)CH2-'
    iupac = '4-Methylcyclopentene'
/

&pengrobinson
    ac = 21.2559489487148
    b = 0.08253780571498029
    k = 0.7232205043948012
/

&pure
    a = 0.87917
    acentric_factor = 0.235746
    b = 0.26639
    c = 527.0
    d = 0.29388
    pc = 41.3
    tc = 527.0
    vc = 0.303
    vc_rat = 1.168
/

&rkpr
    ac = 19.860292230089687
    b = 0.09200870641242968
    del1 = 0.9833129973405034
    k = 2.4519674630470707
/

&soaveredlichkwong
    ac = 19.872685839075565
    b = 0.09192114734890429
    k = 0.8413383731097
/
