&names
    formula_extended = 'CH3CH2(C6H3)(CH3)2'
    iupac = '5-Ethyl-M-Xylene'
/

&pengrobinson
    ac = 49.31275038956337
    b = 0.15406392625832596
    k = 0.9707446369857875
/

&pure
    a = 0.53801
    acentric_factor = 0.416938
    b = 0.25932
    c = 655.0
    d = 0.29461
    pc = 27.5
    tc = 655.0
    vc = 0.482
    vc_rat = 1.168
/

&rkpr
    ac = 52.3331255534839
    b = 0.1388092257534126
    del1 = 3.6713439054956893
    k = 2.414276824012025
/

&soaveredlichkwong
    ac = 46.103648381776736
    b = 0.17157874193609687
    k = 1.1058388852273
/
