&names
    formula_extended = 'CH2CH(CH2)2CH(CH3)2'
    iupac = '5-Methyl-1-Hexene'
/

&pengrobinson
    ac = 30.70402195291373
    b = 0.11899929298991371
    k = 0.8274268159878119
/

&pure
    a = 0.68472
    acentric_factor = 0.310455
    b = 0.27251
    c = 528.0
    d = 0.28571
    pc = 28.7
    tc = 528.0
    vc = 0.398
    vc_rat = 1.168
/

&rkpr
    ac = 30.98218626058345
    b = 0.11720064949727965
    del1 = 2.5960363396795794
    k = 2.318943130272251
/

&soaveredlichkwong
    ac = 28.7059111657881
    b = 0.13252777258356396
    k = 0.951789266270625
/
