&names
    formula_extended = 'CH3CO(CH2)2CH(CH3)2'
    iupac = '5-Methyl-2-Hexanone'
/

&pengrobinson
    ac = 38.44163176509329
    b = 0.13089117851463658
    k = 0.9936603175607123
/

&pure
    a = 0.59436
    acentric_factor = 0.434398
    b = 0.2568
    c = 601.0
    d = 0.28571
    pc = 29.7
    tc = 601.0
    vc = 0.421
    vc_rat = 1.168
/

&rkpr
    ac = 39.96967567646662
    b = 0.12237093337579961
    del1 = 3.2201708191724183
    k = 2.597299391169858
/

&soaveredlichkwong
    ac = 35.93998428639042
    b = 0.14577159160813435
    k = 1.1307196680793001
/
