&names
    formula_extended = '(CH3)2CH(CH2)3CH2OH'
    iupac = '5-Methyl-1-Hexanol'
/

&pengrobinson
    ac = 38.183649985920425
    b = 0.12915317930732867
    k = 1.446741932322351
/

&pure
    a = 0.5804
    acentric_factor = 0.780717
    b = 0.25072
    c = 605.0
    d = 0.3312
    pc = 30.3
    tc = 605.0
    vc = 0.432
    vc_rat = 1.168
/

&rkpr
    ac = 38.526798523391655
    b = 0.12721665176298433
    del1 = 2.5945743142607616
    k = 3.9300987581207307
/

&soaveredlichkwong
    ac = 35.69879106269207
    b = 0.14383600730414997
    k = 1.602182727034425
/
