&names
    formula_extended = 'CH3(CH2)3CH(CH3)(CH2)3CH2'
    iupac = '5-Methylnonane'
/

&pengrobinson
    ac = 54.452175858352874
    b = 0.1826705091167245
    k = 1.0220138748775962
/

&pure
    a = 0.45247
    acentric_factor = 0.456177
    b = 0.26379
    c = 610.0
    d = 0.29452
    pc = 21.6
    tc = 610.0
    vc = 0.583
    vc_rat = 1.168
/

&rkpr
    ac = 56.94603661245693
    b = 0.16901993802493948
    del1 = 3.345694308240963
    k = 2.6389932533996765
/

&soaveredlichkwong
    ac = 50.908617944933916
    b = 0.2034374749772424
    k = 1.161605543317425
/
