&names
    formula_extended = 'CH3(CH2)3CO(CH2)3CH3'
    iupac = '5-Nonanone'
/

&pengrobinson
    ac = 55.80604984317305
    b = 0.17843676639553416
    k = 1.1013081269019593
/

&pure
    a = 0.44636
    acentric_factor = 0.513652
    b = 0.24996
    c = 640.0
    d = 0.27222
    pc = 23.2
    tc = 640.0
    vc = 0.56
    vc_rat = 1.168
/

&rkpr
    ac = 59.08928756416316
    b = 0.1614412533824908
    del1 = 3.619894937014924
    k = 2.7611537766811334
/

&soaveredlichkwong
    ac = 52.17438652722323
    b = 0.19872241761485296
    k = 1.2423165320068001
/
