&names
    formula_extended = 'NH2(CH2)6OH'
    iupac = '6-Aminohexanol'
/

&pengrobinson
    ac = 40.63442958331548
    b = 0.12504189825355655
    k = 1.6793170457269382
/

&pure
    a = 0.62216
    acentric_factor = 0.968921
    b = 0.271
    c = 665.0
    d = 0.28571
    pc = 34.4
    tc = 665.0
    vc = 0.436
    vc_rat = 1.168
/

&rkpr
    ac = 39.65506155980045
    b = 0.1301735667663109
    del1 = 1.9281560960525492
    k = 4.707893585165353
/

&soaveredlichkwong
    ac = 37.99008246150739
    b = 0.1392573337101177
    k = 1.840790270757825
/
