&names
    formula_extended = 'OH(CH2)5COOH'
    iupac = '6-Hydroxyhexanoic Acid'
/

&pengrobinson
    ac = 47.05134181222617
    b = 0.1318961712497716
    k = 1.9275821036341168
/

&pure
    a = 0.58983
    acentric_factor = 1.17757
    b = 0.25647
    c = 730.0
    d = 0.28571
    pc = 35.8
    tc = 730.0
    vc = 0.435
    vc_rat = 1.168
/

&rkpr
    ac = 47.997398050676686
    b = 0.1275012711988891
    del1 = 2.818758960416799
    k = 4.958598452544524
/

&soaveredlichkwong
    ac = 43.989404396733185
    b = 0.14689083732215213
    k = 2.0908277366425
/
