&names
    formula_extended = 'CH2CH(CH2)3CH(CH3)2'
    iupac = '6-Methyl-1-Heptene'
/

&pengrobinson
    ac = 37.853354281679856
    b = 0.13882037277944873
    k = 0.8888521857116755
/

&pure
    a = 0.59875
    acentric_factor = 0.355538
    b = 0.27123
    c = 558.0
    d = 0.28424
    pc = 26.0
    tc = 558.0
    vc = 0.453
    vc_rat = 1.168
/

&rkpr
    ac = 38.93028828170624
    b = 0.1323084189938232
    del1 = 2.9882387638516463
    k = 2.377813232306994
/

&soaveredlichkwong
    ac = 35.38998985225418
    b = 0.15460221931940146
    k = 1.0174955398473
/
