&names
    formula_extended = 'CH2CH(CH2)4CH(CH3)2'
    iupac = '7-Methyl-1-Octene'
/

&pengrobinson
    ac = 44.52351978636917
    b = 0.15735986053295242
    k = 0.954351565437806
/

&pure
    a = 0.49439
    acentric_factor = 0.404524
    b = 0.251
    c = 579.0
    d = 0.28571
    pc = 23.8
    tc = 579.0
    vc = 0.508
    vc_rat = 1.168
/

&rkpr
    ac = 46.16540043794875
    b = 0.14784052720632745
    del1 = 3.160903961652379
    k = 2.5075703837116436
/

&soaveredlichkwong
    ac = 41.626084222312606
    b = 0.175249375744275
    k = 1.0880838343492
/
