&names
    formula_extended = 'Polyring compound, see ref. 1115'
    iupac = '8-Hydroxyquinoline'
/

&pengrobinson
    ac = 45.01686687395885
    b = 0.11690473009377139
    k = 1.1127949525206786
/

&pure
    a = 0.57738
    acentric_factor = 0.522301
    b = 0.23905
    c = 788.0
    d = 0.29337
    pc = 43.6
    tc = 788.0
    vc = 0.414
    vc_rat = 1.168
/

&rkpr
    ac = 43.37105851058578
    b = 0.12423885845939657
    del1 = 1.669858284912938
    k = 3.3663180125007597
/

&soaveredlichkwong
    ac = 42.087326000082555
    b = 0.13019508851303382
    k = 1.254362065444825
/
