&names
    formula_extended = 'CH3CH(CH3)(CH2)7OH'
    iupac = '8-Methyl-1-Nonanol'
/

&pengrobinson
    ac = 57.497135309158125
    b = 0.1827020312063046
    k = 1.611076805583812
/

&pure
    a = 0.42581
    acentric_factor = 0.912981
    b = 0.25389
    c = 644.0
    d = 0.28571
    pc = 22.8
    tc = 644.0
    vc = 0.591
    vc_rat = 1.168
/

&rkpr
    ac = 59.52696721452062
    b = 0.17211119191813457
    del1 = 3.1285334545541765
    k = 4.151365699190304
/

&soaveredlichkwong
    ac = 53.75542204220456
    b = 0.2034725806674887
    k = 1.771163590386825
/
