&names
    formula_extended = 'CH2CH(CH2)5CH(CH3)2'
    iupac = '8-Methyl-1-Nonene'
/

&pengrobinson
    ac = 55.3027213590576
    b = 0.1828263923268398
    k = 1.0169891299918747
/

&pure
    a = 0.42552
    acentric_factor = 0.452303
    b = 0.24
    c = 619.0
    d = 0.28571
    pc = 21.9
    tc = 619.0
    vc = 0.563
    vc_rat = 1.168
/

&rkpr
    ac = 59.36448010804436
    b = 0.16127639152674755
    del1 = 3.9342580159696476
    k = 2.4688523191974356
/

&soaveredlichkwong
    ac = 51.703812907441865
    b = 0.2036110798290083
    k = 1.1561237713334251
/
