&names
    formula_extended = 'Polyring compound, see ref. 1115'
    iupac = 'Abietic Acid'
/

&pengrobinson
    ac = 130.24069061018622
    b = 0.3203364806243637
    k = 1.8703732793374352
/

&pure
    a = 0.24286
    acentric_factor = 1.12877
    b = 0.242
    c = 832.0
    d = 0.28571
    pc = 16.8
    tc = 832.0
    vc = 0.998
    vc_rat = 1.168
/

&rkpr
    ac = 138.63962922210106
    b = 0.28700576418128304
    del1 = 3.740618698661237
    k = 4.540332855913105
/

&soaveredlichkwong
    ac = 121.76508017615285
    b = 0.35675405447999786
    k = 2.0337126802425
/
