&names
    formula_extended = 'Polyring compound, see refs. 1115, 2633'
    iupac = 'Acenaphthene'
/

&pengrobinson
    ac = 65.77198561395713
    b = 0.16758198302365418
    k = 0.9232556744484187
/

&pure
    a = 0.3987
    acentric_factor = 0.381147
    b = 0.22047
    c = 803.15
    d = 0.2402
    pc = 31.0
    tc = 803.15
    vc = 0.553
    vc_rat = 1.168
/

&rkpr
    ac = 67.06575804016751
    b = 0.16211772352364956
    del1 = 2.809930222594551
    k = 2.521116538416875
/

&soaveredlichkwong
    ac = 61.491773915715804
    b = 0.18663360409329458
    k = 1.054502596768425
/
