&names
    formula_extended = 'Polyring compound, see refs. 2867, 5112'
    iupac = 'Acenaphthalene'
/

&pengrobinson
    ac = 61.95975680029388
    b = 0.1600912363504933
    k = 0.946633449660722
/

&pure
    a = 0.48595
    acentric_factor = 0.398701
    b = 0.264
    c = 792.0
    d = 0.28571
    pc = 32.0
    tc = 792.0
    vc = 0.544
    vc_rat = 1.168
/

&rkpr
    ac = 61.74149973965326
    b = 0.16103936245893027
    del1 = 2.343567969223585
    k = 2.7194890653585526
/

&soaveredlichkwong
    ac = 57.92763167283645
    b = 0.1782912690538259
    k = 1.079736938704825
/
