&names
    formula_extended = 'CH3COC6H5'
    iupac = 'Acetophenone'
/

&pengrobinson
    ac = 39.69101093649748
    b = 0.11446206837886098
    k = 0.9257072460095058
/

&pure
    a = 0.64596
    acentric_factor = 0.382982
    b = 0.2493
    c = 709.6
    d = 0.28356
    pc = 40.1
    tc = 709.6
    vc = 0.386
    vc_rat = 1.168
/

&rkpr
    ac = 39.79102085154598
    b = 0.11397896102184474
    del1 = 2.4647486212784493
    k = 2.6265081471595155
/

&soaveredlichkwong
    ac = 37.10805821369919
    b = 0.12747473187797662
    k = 1.0571455058433
/
