&names
    formula_extended = 'CH3COCH2CONHC6H5'
    iupac = 'Acetoacetanilide'
/

&pengrobinson
    ac = 80.60174444032931
    b = 0.18764569357213534
    k = 1.4642422571860907
/

&pure
    a = 0.41459
    acentric_factor = 0.794639
    b = 0.23366
    c = 879.0
    d = 0.28571
    pc = 30.3
    tc = 879.0
    vc = 0.564
    vc_rat = 1.168
/

&rkpr
    ac = 88.01544613828905
    b = 0.1602492187411732
    del1 = 4.3451166547735305
    k = 3.4524037046342064
/

&soaveredlichkwong
    ac = 75.35646369911743
    b = 0.2089782651575997
    k = 1.620257836443825
/
