&names
    formula_extended = 'CH3COCl'
    iupac = 'Acetyl Chloride'
/

&pengrobinson
    ac = 14.211006946698394
    b = 0.05724587200651153
    k = 0.8596681595544658
/

&pure
    a = 1.4254
    acentric_factor = 0.334018
    b = 0.27938
    c = 508.0
    d = 0.26304
    pc = 57.4
    tc = 508.0
    vc = 0.196
    vc_rat = 1.168
/

&rkpr
    ac = 14.075526178431263
    b = 0.05816683365782568
    del1 = 2.2228980964248684
    k = 2.51346887107736
/

&soaveredlichkwong
    ac = 13.286204120552004
    b = 0.06375389059891146
    k = 0.9862199277432999
/
