&names
    formula_extended = 'CH3COCH3'
    iupac = 'Acetone'
/

&pengrobinson
    ac = 17.365543882811806
    b = 0.0699256906983648
    k = 0.8220229712573083
/

&pure
    a = 1.2332
    acentric_factor = 0.306527
    b = 0.25886
    c = 508.2
    d = 0.2913
    pc = 47.01
    tc = 508.2
    vc = 0.209
    vc_rat = 1.168
/

&rkpr
    ac = 19.036697200932323
    b = 0.059271061798377996
    del1 = 4.441536798153428
    k = 1.8335987239913363
/

&soaveredlichkwong
    ac = 16.23545478211479
    b = 0.07787521927047915
    k = 0.946030707697425
/
