&names
    formula_extended = 'CH3CHNOH'
    iupac = 'Acetaldoxime'
/

&pengrobinson
    ac = 16.88375542326909
    b = 0.06082803013384186
    k = 1.2650631297582469
/

&pure
    a = 0.99264
    acentric_factor = 0.638441
    b = 0.21143
    c = 568.0
    d = 0.28571
    pc = 60.4
    tc = 568.0
    vc = 0.213
    vc_rat = 1.168
/

&rkpr
    ac = 16.419323445811433
    b = 0.06368315470111979
    del1 = 1.858351690690207
    k = 3.7090836967141345
/

&soaveredlichkwong
    ac = 15.785019437144527
    b = 0.06774328772665268
    k = 1.4135749246658251
/
