&names
    formula_extended = 'H3CCONH(C6H5)'
    iupac = 'Acetanilide'
/

&pengrobinson
    ac = 57.67775990495038
    b = 0.1430663416894489
    k = 1.1686390056119982
/

&pure
    a = 0.5597
    acentric_factor = 0.564572
    b = 0.24067
    c = 825.0
    d = 0.28681
    pc = 37.3
    tc = 825.0
    vc = 0.43
    vc_rat = 1.168
/

&rkpr
    ac = 62.98388867008728
    b = 0.12217491948763681
    del1 = 4.3454930022635185
    k = 2.7392336564283024
/

&soaveredlichkwong
    ac = 53.9242922185326
    b = 0.15933089280949592
    k = 1.3128565579428
/
