&names
    formula_extended = 'CH3COCH2OH'
    iupac = 'Acetol'
/

&pengrobinson
    ac = 19.560950165766695
    b = 0.067162479755671
    k = 1.437750443953102
/

&pure
    a = 1.1398
    acentric_factor = 0.773579
    b = 0.25988
    c = 596.0
    d = 0.17071
    pc = 57.4
    tc = 596.0
    vc = 0.228
    vc_rat = 1.168
/

&rkpr
    ac = 19.507193714089187
    b = 0.06747265054513304
    del1 = 2.359100592108475
    k = 3.984285689779738
/

&soaveredlichkwong
    ac = 18.287991672166598
    b = 0.07479787164754177
    k = 1.592889063882825
/
