&names
    formula_extended = 'H3CCH(OH)CH2CHO'
    iupac = 'Acetaldol'
/

&pengrobinson
    ac = 26.471589104700946
    b = 0.08737181535380459
    k = 1.4666808100536801
/

&pure
    a = 0.88589
    acentric_factor = 0.796582
    b = 0.24628
    c = 620.0
    d = 0.1805
    pc = 45.9
    tc = 620.0
    vc = 0.278
    vc_rat = 1.168
/

&rkpr
    ac = 27.746854626721184
    b = 0.08051382290921465
    del1 = 3.395278619408162
    k = 3.728465232975264
/

&soaveredlichkwong
    ac = 24.748910303090693
    b = 0.09730471320030111
    k = 1.6227750635233
/
