&names
    formula_extended = 'CH3COOOCCH3'
    iupac = 'Acetic Anhydride'
/

&pengrobinson
    ac = 29.019810795215697
    b = 0.09799524164484742
    k = 1.0185607196229358
/

&pure
    a = 0.86852
    acentric_factor = 0.453514
    b = 0.25187
    c = 606.0
    d = 0.31172
    pc = 40.0
    tc = 606.0
    vc = 0.29
    vc_rat = 1.168
/

&rkpr
    ac = 32.0310530370824
    b = 0.08196643843770515
    del1 = 4.614280202379534
    k = 2.305162222903824
/

&soaveredlichkwong
    ac = 27.131302603058067
    b = 0.10913586772385706
    k = 1.1578379200656999
/
