&names
    formula_extended = '(CH3CO2)C6H4CO2H'
    iupac = 'Acetylsalicylic Acid'
/

&pengrobinson
    ac = 56.56977315466465
    b = 0.15132338159346043
    k = 1.51183629893806
/

&pure
    a = 2.5697
    acentric_factor = 0.832697
    b = 0.55296
    c = 765.0
    d = 0.6476
    pc = 32.7
    tc = 765.0
    vc = 0.469
    vc_rat = 1.168
/

&rkpr
    ac = 60.4444183233163
    b = 0.13464031447247232
    del1 = 3.826825986748235
    k = 3.7083914742331667
/

&soaveredlichkwong
    ac = 52.888409386135336
    b = 0.16852663741534835
    k = 1.669322826583425
/
