&names
    formula_extended = 'CH3COOH'
    iupac = 'Acetic Acid'
/

&pengrobinson
    ac = 19.142600685330976
    b = 0.0661757620153659
    k = 1.035390791078405
/

&pure
    a = 1.4486
    acentric_factor = 0.466521
    b = 0.25892
    c = 591.95
    d = 0.2529
    pc = 57.86
    tc = 591.95
    vc = 0.1797
    vc_rat = 1.168
/

&rkpr
    ac = 22.35183943591276
    b = 0.049326708638455445
    del1 = 6.201861637505556
    k = 2.006702190991119
/

&soaveredlichkwong
    ac = 17.89686691854123
    b = 0.07369897852804733
    k = 1.1762167313978251
/
