&names
    formula_extended = 'CH3CO2CH2COOH'
    iupac = 'Acetoxyacetic Acid'
/

&pengrobinson
    ac = 42.70830051036971
    b = 0.11439366308621107
    k = 1.3576632934065438
/

&pure
    a = 0.67457
    acentric_factor = 0.710447
    b = 0.21118
    c = 764.32
    d = 0.28571
    pc = 43.2
    tc = 764.0
    vc = 0.311
    vc_rat = 1.168
/

&rkpr
    ac = 49.831768133836654
    b = 0.08540214019477864
    del1 = 6.178975812960502
    k = 2.7676371489558487
/

&soaveredlichkwong
    ac = 39.92899309323588
    b = 0.1273985499037813
    k = 1.5099149635334252
/
