&names
    formula_extended = 'CH3CONH2'
    iupac = 'Acetamide'
/

&pengrobinson
    ac = 27.735416854451305
    b = 0.07458183707543643
    k = 0.9761484282012748
/

&pure
    a = 1.016
    acentric_factor = 0.421044
    b = 0.21845
    c = 761.0
    d = 0.26116
    pc = 66.0
    tc = 761.0
    vc = 0.215
    vc_rat = 1.168
/

&rkpr
    ac = 31.160458565516542
    b = 0.06023086705697814
    del1 = 5.079999270396626
    k = 2.08894738672171
/

&soaveredlichkwong
    ac = 25.93049254560042
    b = 0.08306070140799603
    k = 1.1116995972612
/
