&names
    formula_extended = 'HCCH'
    iupac = 'Acetylene'
/

&pengrobinson
    ac = 4.894738389867357
    b = 0.032489198381242916
    k = 0.6596309420955879
/

&pure
    a = 2.4507
    acentric_factor = 0.191185
    b = 0.27448
    c = 308.3
    d = 0.28752
    pc = 61.38
    tc = 308.3
    vc = 0.112
    vc_rat = 1.168
/

&rkpr
    ac = 4.821403173949212
    b = 0.03331338376583401
    del1 = 2.1131838655975486
    k = 1.9875993450883667
/

&soaveredlichkwong
    ac = 4.5762058669310965
    b = 0.03618274517695332
    k = 0.7745286417606251
/
