&names
    formula_extended = 'CH3CHO'
    iupac = 'Acetaldehyde'
/

&pengrobinson
    ac = 12.367678006495586
    b = 0.05431068606011822
    k = 0.8002120910765804
/

&pure
    a = 1.6994
    acentric_factor = 0.290734
    b = 0.26167
    c = 466.0
    d = 0.2913
    pc = 55.5
    tc = 466.0
    vc = 0.154
    vc_rat = 1.168
/

&rkpr
    ac = 14.047214619918993
    b = 0.04290077997338768
    del1 = 5.381148918763532
    k = 1.5752478202884668
/

&soaveredlichkwong
    ac = 11.562832606294517
    b = 0.060485016928989256
    k = 0.9228232207177001
/
