&names
    formula_extended = 'CH3CN'
    iupac = 'Acetonitrile'
/

&pengrobinson
    ac = 19.473844538408166
    b = 0.07305332365409298
    k = 0.8649321194869998
/

&pure
    a = 1.3064
    acentric_factor = 0.337886
    b = 0.22597
    c = 545.5
    d = 0.28678
    pc = 48.3
    tc = 545.5
    vc = 0.173
    vc_rat = 1.168
/

&rkpr
    ac = 24.62227145392919
    b = 0.04529382563895816
    del1 = 9.151539717349324
    k = 1.1138300536929755
/

&soaveredlichkwong
    ac = 18.206554575592452
    b = 0.0813584183607186
    k = 0.9918533479257001
/
