&names
    formula_extended = '(CH3)2C(OH)CN'
    iupac = 'Acetone Cyanohydrin'
/

&pengrobinson
    ac = 28.58931623307702
    b = 0.09436156058210894
    k = 1.4297723566624276
/

&pure
    a = 0.82445
    acentric_factor = 0.767254
    b = 0.24397
    c = 620.0
    d = 0.28571
    pc = 42.5
    tc = 620.0
    vc = 0.296
    vc_rat = 1.168
/

&rkpr
    ac = 30.281854469166543
    b = 0.08531959454537608
    del1 = 3.627733616819369
    k = 3.5713207094782473
/

&soaveredlichkwong
    ac = 26.728823127337947
    b = 0.1050890902563252
    k = 1.5846390234097
/
