&names
    formula_extended = 'CH2(CH3CO)2'
    iupac = 'Acetylacetone'
/

&pengrobinson
    ac = 33.37741491363689
    b = 0.1056249341761519
    k = 0.688101170392598
/

&pure
    a = 0.78987
    acentric_factor = 0.211043
    b = 0.25513
    c = 646.65
    d = 0.2901
    pc = 39.6
    tc = 646.65
    vc = 0.323
    vc_rat = 1.168
/

&rkpr
    ac = 36.00765927520186
    b = 0.09230914215820783
    del1 = 4.05154769907226
    k = 1.5728273118305276
/

&soaveredlichkwong
    ac = 31.205329025749585
    b = 0.11763294473386031
    k = 0.804387331126425
/
