&names
    formula_extended = 'CH3CONHC6H4OH'
    iupac = 'Acetaminophen'
/

&pengrobinson
    ac = 40.193455898784876
    b = 0.11175335510405754
    k = 1.470619663749851
/

&pure
    a = 0.69615
    acentric_factor = 0.799722
    b = 0.315
    c = 736.0
    d = 0.28571
    pc = 42.6
    tc = 736.0
    vc = 0.452
    vc_rat = 1.168
/

&rkpr
    ac = 37.08507570988741
    b = 0.12696906034109912
    del1 = 0.41421356237309515
    k = 4.570661985429525
/

&soaveredlichkwong
    ac = 37.57780580817519
    b = 0.12445807751089852
    k = 1.6268402544753
/
