&names
    formula_extended = 'HOC6H3(OCH3)COCH3'
    iupac = 'Acetovanillone'
/

&pengrobinson
    ac = 53.50095658703314
    b = 0.1392906730554728
    k = 1.4528565902848636
/

&pure
    a = 0.55852
    acentric_factor = 0.785577
    b = 0.261
    c = 786.0
    d = 0.28571
    pc = 36.5
    tc = 786.0
    vc = 0.467
    vc_rat = 1.168
/

&rkpr
    ac = 53.88272884451999
    b = 0.13763043730846425
    del1 = 2.557388908335655
    k = 3.9570345060152774
/

&soaveredlichkwong
    ac = 50.01930071009202
    b = 0.15512598586003282
    k = 1.608500233987425
/
