&names
    formula_extended = 'CH3CH(OC2H5)2'
    iupac = 'Acetal'
/

&pengrobinson
    ac = 28.592905176586296
    b = 0.10841488206080838
    k = 1.061536363000383
/

&pure
    a = 0.68101
    acentric_factor = 0.486869
    b = 0.27376
    c = 539.7
    d = 0.28821
    pc = 32.2
    tc = 539.7
    vc = 0.402
    vc_rat = 1.168
/

&rkpr
    ac = 26.482491012236796
    b = 0.12247143449732098
    del1 = 0.70260612602165
    k = 3.4751455101835766
/

&soaveredlichkwong
    ac = 26.732178514906202
    b = 0.12074006889811134
    k = 1.2048495569468252
/
