&names
    formula_extended = 'Polyring compound, see refs. 5112, 3971, 2867'
    iupac = 'Acridine'
/

&pengrobinson
    ac = 71.12218563333509
    b = 0.16081981229570033
    k = 1.0010000683387932
/

&pure
    a = 0.47024
    acentric_factor = 0.440017
    b = 0.2553
    c = 905.0
    d = 0.26308
    pc = 36.4
    tc = 905.0
    vc = 0.543
    vc_rat = 1.168
/

&rkpr
    ac = 71.23196969648934
    b = 0.16040374408680869
    del1 = 2.4451703326835146
    k = 2.8397372709217654
/

&soaveredlichkwong
    ac = 66.4938015559705
    b = 0.17910267343069425
    k = 1.138704139949425
/
