&names
    formula_extended = 'CH2(CH)2(OH)CN'
    iupac = 'Acrolein Cyanohydrin'
/

&pengrobinson
    ac = 28.617684670455137
    b = 0.09164666624378169
    k = 1.5252661912203587
/

&pure
    a = 0.84888
    acentric_factor = 0.843488
    b = 0.23574
    c = 639.0
    d = 0.28571
    pc = 45.1
    tc = 639.0
    vc = 0.278
    vc_rat = 1.168
/

&rkpr
    ac = 31.04963214313484
    b = 0.07923296252475374
    del1 = 4.188255455388134
    k = 3.637707686264114
/

&soaveredlichkwong
    ac = 26.755345445636742
    b = 0.10206555212918071
    k = 1.6831425109248002
/
