&names
    formula_extended = 'CH2CHCHO'
    iupac = 'Acrolein'
/

&pengrobinson
    ac = 16.186030294990353
    b = 0.06545952775220171
    k = 0.8402933065001779
/

&pure
    a = 1.3261
    acentric_factor = 0.319832
    b = 0.26124
    c = 506.0
    d = 0.2489
    pc = 50.0
    tc = 506.0
    vc = 0.197
    vc_rat = 1.168
/

&rkpr
    ac = 17.659130131418706
    b = 0.05599761436883037
    del1 = 4.323273556053649
    k = 1.9086063608407062
/

&soaveredlichkwong
    ac = 15.1326998295953
    b = 0.07290131890200881
    k = 0.9655143790608
/
