&names
    formula_extended = 'CH2CHCONH2'
    iupac = 'Acrylamide'
/

&pengrobinson
    ac = 33.21835638363448
    b = 0.08759906175752838
    k = 1.0608121199201948
/

&pure
    a = 0.8881
    acentric_factor = 0.486303
    b = 0.231
    c = 776.0
    d = 0.28571
    pc = 57.3
    tc = 776.0
    vc = 0.26
    vc_rat = 1.168
/

&rkpr
    ac = 36.591127066495375
    b = 0.07356045151686466
    del1 = 4.562811211995411
    k = 2.427571267064571
/

&soaveredlichkwong
    ac = 31.05662147077805
    b = 0.09755779419730913
    k = 1.204055065633425
/
