&names
    formula_extended = 'CH2CHCOOH'
    iupac = 'Acrylic Acid'
/

&pengrobinson
    ac = 21.12239305626414
    b = 0.0702831212160855
    k = 1.1340206355258797
/

&pure
    a = 1.2414
    acentric_factor = 0.538324
    b = 0.25822
    c = 615.0
    d = 0.30701
    pc = 56.6
    tc = 615.0
    vc = 0.208
    vc_rat = 1.168
/

&rkpr
    ac = 23.313449989334423
    b = 0.058790604010748114
    del1 = 4.613503945724024
    k = 2.5871323588272332
/

&soaveredlichkwong
    ac = 19.747821298845768
    b = 0.07827328441168072
    k = 1.2766082484291998
/
