&names
    formula_extended = 'CH2CHCN'
    iupac = 'Acrylonitrile'
/

&pengrobinson
    ac = 20.194768060935058
    b = 0.07724459906882568
    k = 0.8810964794268981
/

&pure
    a = 1.0816
    acentric_factor = 0.349801
    b = 0.2293
    c = 535.0
    d = 0.28939
    pc = 44.8
    tc = 535.0
    vc = 0.212
    vc_rat = 1.168
/

&rkpr
    ac = 23.423393958248866
    b = 0.058404938110578695
    del1 = 5.995651461128999
    k = 1.6586810998538775
/

&soaveredlichkwong
    ac = 18.88056290670687
    b = 0.0860261805048673
    k = 1.0091736445698252
/
