&names
    formula_extended = 'Polyring compound, see refs. 6857, 2867'
    iupac = 'Adamantane'
/

&pengrobinson
    ac = 53.497947246989824
    b = 0.1557273269052121
    k = 0.6511513383592821
/

&pure
    a = 0.49957
    acentric_factor = 0.185299
    b = 0.242
    c = 703.0
    d = 0.28571
    pc = 29.2
    tc = 703.0
    vc = 0.485
    vc_rat = 1.168
/

&rkpr
    ac = 56.96190213045534
    b = 0.13946088194218062
    del1 = 3.7462285622778904
    k = 1.5465233881887075
/

&soaveredlichkwong
    ac = 50.01648720741528
    b = 0.173431246914127
    k = 0.7656518751048249
/
