&names
    formula_extended = 'HOOC(CH2)4COOH'
    iupac = 'Adipic Acid'
/

&pengrobinson
    ac = 58.604593435446326
    b = 0.14824026120416528
    k = 1.7777167353879724
/

&pure
    a = 0.6479
    acentric_factor = 1.05065
    b = 0.25915
    c = 809.0
    d = 0.282
    pc = 35.3
    tc = 809.0
    vc = 0.4
    vc_rat = 1.168
/

&rkpr
    ac = 68.70039432377413
    b = 0.10955963032469185
    del1 = 6.326314815096379
    k = 3.6705618728240155
/

&soaveredlichkwong
    ac = 54.790810651612524
    b = 0.16509301131947823
    k = 1.9405466510625
/
