&names
    formula_extended = 'NC(CH2)4CN'
    iupac = 'Adiponitrile'
/

&pengrobinson
    ac = 68.12789208006838
    b = 0.17850769973906597
    k = 1.291336192057886
/

&pure
    a = 0.56673
    acentric_factor = 0.658764
    b = 0.23008
    c = 781.0
    d = 0.28379
    pc = 28.3
    tc = 781.0
    vc = 0.406
    vc_rat = 1.168
/

&rkpr
    ac = 88.00058480773198
    b = 0.10480567600608696
    del1 = 10.14000898171125
    k = 1.9531592857785194
/

&soaveredlichkwong
    ac = 63.69436619612803
    b = 0.19880141504235005
    k = 1.4409497846532002
/
