&names
    formula_extended = 'Polyring compound'
    iupac = 'Agathadiol'
/

&pengrobinson
    ac = 122.52864367073522
    b = 0.3173902420901931
    k = 2.0468888946896846
/

&pure
    a = 0.24513
    acentric_factor = 1.28074
    b = 0.252
    c = 790.0
    d = 0.28571
    pc = 16.1
    tc = 790.0
    vc = 1.03
    vc_rat = 1.168
/

&rkpr
    ac = 126.54540289817375
    b = 0.30027959044882696
    del1 = 3.076798083919461
    k = 5.120328152154244
/

&soaveredlichkwong
    ac = 114.5549063855736
    b = 0.35347287170468017
    k = 2.20883314417
/
