&names
    formula_extended = 'AIR'
    iupac = 'Air'
/

&pengrobinson
    ac = 1.4693029447734172
    b = 0.02270086584405029
    k = 0.37464
/

&pure
    a = 2.8963
    acentric_factor = 0.0
    b = 0.26733
    c = 132.45
    d = 0.27341
    pc = 37.74
    tc = 132.45
    vc = 0.09147
    vc_rat = 1.168
/

&rkpr
    ac = 1.355673696854965
    b = 0.02579168743940258
    del1 = 0.41421356237309515
    k = 1.5074078989945732
/

&soaveredlichkwong
    ac = 1.373685827641027
    b = 0.025281622356237772
    k = 0.48
/
