&names
    formula_extended = 'CH2CHCH2OCH2(-CHCH2O-)'
    iupac = 'Allyl Glycidyl Ether'
/

&pengrobinson
    ac = 33.98308421864821
    b = 0.11055927499391777
    k = 0.9598383827766068
/

&pure
    a = 0.7037
    acentric_factor = 0.408672
    b = 0.258
    c = 629.0
    d = 0.28571
    pc = 36.8
    tc = 629.0
    vc = 0.366
    vc_rat = 1.168
/

&rkpr
    ac = 34.566001023641014
    b = 0.10741086725729425
    del1 = 2.7590499062031135
    k = 2.6354474821532783
/

&soaveredlichkwong
    ac = 31.771583482320857
    b = 0.12312824795219203
    k = 1.0940224873728
/
