&names
    formula_extended = 'CH2CHCH2OH'
    iupac = 'Allyl Alcohol'
/

&pengrobinson
    ac = 16.7118822909494
    b = 0.06273822418825543
    k = 1.1753198916479664
/

&pure
    a = 1.2399
    acentric_factor = 0.569654
    b = 0.25783
    c = 545.1
    d = 0.25235
    pc = 56.2
    tc = 545.1
    vc = 0.208
    vc_rat = 1.168
/

&rkpr
    ac = 16.978973076586648
    b = 0.061072407060233716
    del1 = 2.735413352787295
    k = 3.2048767503890936
/

&soaveredlichkwong
    ac = 15.624331209533144
    b = 0.06987064291400877
    k = 1.3198469020497
/
