&names
    formula_extended = 'CH2C(CH3)CO2CH2CHCH2'
    iupac = 'Allyl Methacrylate'
/

&pengrobinson
    ac = 37.67947798289572
    b = 0.12850992281797577
    k = 0.9325566449292364
/

&pure
    a = 0.61605
    acentric_factor = 0.388116
    b = 0.25566
    c = 600.0
    d = 0.291
    pc = 30.2
    tc = 600.0
    vc = 0.415
    vc_rat = 1.168
/

&rkpr
    ac = 39.059368286836154
    b = 0.12078838759554507
    del1 = 3.155655859288208
    k = 2.4501416041622566
/

&soaveredlichkwong
    ac = 35.227428817273555
    b = 0.14311962195771694
    k = 1.0645336288451999
/
