&names
    formula_extended = 'CH3COOCH2CHCH2'
    iupac = 'Allyl Acetate'
/

&pengrobinson
    ac = 26.840161003858068
    b = 0.09825538111542134
    k = 0.9322074486627052
/

&pure
    a = 0.79178
    acentric_factor = 0.387854
    b = 0.25663
    c = 559.0
    d = 0.28571
    pc = 36.8
    tc = 559.0
    vc = 0.323
    vc_rat = 1.168
/

&rkpr
    ac = 27.448423444330405
    b = 0.09457103928720971
    del1 = 2.870532622595947
    k = 2.5284329751016577
/

&soaveredlichkwong
    ac = 25.09349682702021
    b = 0.10942558124845043
    k = 1.0641568190697
/
