&names
    formula_extended = 'CH2CHCH2NH2'
    iupac = 'Allylamine'
/

&pengrobinson
    ac = 15.591989466589133
    b = 0.06318197398120401
    k = 0.8494288366719797
/

&pure
    a = 0.9703
    acentric_factor = 0.326511
    b = 0.23966
    c = 505.0
    d = 0.2076
    pc = 51.7
    tc = 505.0
    vc = 0.247
    vc_rat = 1.168
/

&rkpr
    ac = 14.386175483201136
    b = 0.07178447447434155
    del1 = 0.41421356237309515
    k = 2.8854218711858044
/

&soaveredlichkwong
    ac = 14.5773171088857
    b = 0.0703648405698627
    k = 0.9752716632038251
/
