&names
    formula_extended = '(C6H5)CH(CH3)OH'
    iupac = 'Alpha-Methylbenzyl Alcohol'
/

&pengrobinson
    ac = 35.349994359501366
    b = 0.10829188717463308
    k = 1.351942643972364
/

&pure
    a = 0.66501
    acentric_factor = 0.705968
    b = 0.25737
    c = 668.0
    d = 0.26134
    pc = 39.9
    tc = 668.0
    vc = 0.387
    vc_rat = 1.168
/

&rkpr
    ac = 33.798691125794015
    b = 0.11648409229780482
    del1 = 1.5126401880045421
    k = 4.03999620886859
/

&soaveredlichkwong
    ac = 33.04953987302172
    b = 0.12060309129182116
    k = 1.5039752390208
/
