&names
    formula_extended = 'Polyring compound, see refs. 1115, 2633'
    iupac = 'Alpha-Pinene'
/

&pengrobinson
    ac = 47.497633516261054
    b = 0.15092776490955598
    k = 0.702223725854578
/

&pure
    a = 0.62321
    acentric_factor = 0.220949
    b = 0.28293
    c = 644.0
    d = 0.29739
    pc = 27.6
    tc = 644.0
    vc = 0.454
    vc_rat = 1.168
/

&rkpr
    ac = 51.83762347286174
    b = 0.12902963030833378
    del1 = 4.331434405679072
    k = 1.5462816931304488
/

&soaveredlichkwong
    ac = 44.40665299138637
    b = 0.1680860448992298
    k = 0.819230495394825
/
