&names
    formula_extended = '(C6H5)C(CH3)CH2'
    iupac = 'Alpha-Methylstyrene'
/

&pengrobinson
    ac = 40.23699497924546
    b = 0.12590147736077756
    k = 0.8445884593266719
/

&pure
    a = 0.64856
    acentric_factor = 0.32297
    b = 0.25877
    c = 654.0
    d = 0.31444
    pc = 33.6
    tc = 654.0
    vc = 0.399
    vc_rat = 1.168
/

&rkpr
    ac = 42.30000369165643
    b = 0.1154035480365918
    del1 = 3.4601631446276526
    k = 2.132445547096305
/

&soaveredlichkwong
    ac = 37.61851151695362
    b = 0.14021463439297996
    k = 0.9701005963425
/
