&names
    formula_extended = '((CH3)2CH)(C6H6)(CH3)'
    iupac = 'Alpha-Phellandrene'
/

&pengrobinson
    ac = 47.211696309829044
    b = 0.14886340338343743
    k = 0.9226702349635445
/

&pure
    a = 0.52947
    acentric_factor = 0.380709
    b = 0.25891
    c = 649.0
    d = 0.32822
    pc = 28.2
    tc = 649.0
    vc = 0.489
    vc_rat = 1.168
/

&rkpr
    ac = 48.30942205319559
    b = 0.14313841436911878
    del1 = 2.882476548012745
    k = 2.499110445962934
/

&soaveredlichkwong
    ac = 44.13932358224842
    b = 0.16578699565288774
    k = 1.0538715810308252
/
