&names
    formula_extended = '-CH2C(CH3)CHCH2CH(C(CH3)2OH))CH2-'
    iupac = 'Alpha-Terpineol'
/

&pengrobinson
    ac = 48.81967110262684
    b = 0.14800422466917715
    k = 1.343301411130215
/

&pure
    a = 0.52563
    acentric_factor = 0.69921
    b = 0.266
    c = 675.0
    d = 0.28571
    pc = 29.5
    tc = 675.0
    vc = 0.507
    vc_rat = 1.168
/

&rkpr
    ac = 48.33436908058437
    b = 0.15048761387860188
    del1 = 2.214712945884497
    k = 3.7955347176866883
/

&soaveredlichkwong
    ac = 45.64265697712635
    b = 0.1648301408818113
    k = 1.4949999807825
/
