&names
    formula_extended = '((CH3)2CH)(C6H6)(CH3)'
    iupac = 'Alpha-Terpinene'
/

&pengrobinson
    ac = 47.548922712042106
    b = 0.14992671340760483
    k = 0.9111127413603668
/

&pure
    a = 0.55613
    acentric_factor = 0.372078
    b = 0.27195
    c = 649.0
    d = 0.27229
    pc = 28.0
    tc = 649.0
    vc = 0.489
    vc_rat = 1.168
/

&rkpr
    ac = 48.920169136837806
    b = 0.14279941328806744
    del1 = 2.9961636087604093
    k = 2.4360263127816886
/

&soaveredlichkwong
    ac = 44.45460446497877
    b = 0.1669711884789798
    k = 1.0414234153353001
/
