&names
    formula_extended = 'CH2OCHCH2Cl'
    iupac = 'Alpha-Epichlorohydrin'
/

&pengrobinson
    ac = 24.398519326215315
    b = 0.08118417675164162
    k = 0.746591452937988
/

&pure
    a = 1.1424
    acentric_factor = 0.252315
    b = 0.26619
    c = 615.0
    d = 0.30115
    pc = 49.0
    tc = 615.0
    vc = 0.233
    vc_rat = 1.168
/

&rkpr
    ac = 27.492158549959214
    b = 0.06517551598338249
    del1 = 5.160057692268387
    k = 1.4835399420348505
/

&soaveredlichkwong
    ac = 22.810748683972864
    b = 0.09041363056532915
    k = 0.8660028096356249
/
