&names
    formula_extended = 'AlCl3'
    iupac = 'Aluminum Chloride'
/

&pengrobinson
    ac = 47.55047525651156
    b = 0.1546989094971929
    k = 0.8888440837437619
/

&pure
    a = 0.93128
    acentric_factor = 0.355532
    b = 0.24312
    c = 629.0
    d = 0.31426
    pc = 26.3
    tc = 629.0
    vc = 0.261
    vc_rat = 1.168
/

&rkpr
    ac = 70.18253490421591
    b = 0.060548570608942434
    del1 = 19.64050300463938
    k = 0.2518852781140175
/

&soaveredlichkwong
    ac = 44.456055975262636
    b = 0.17228591348443598
    k = 1.0174868424708
/
