&names
    formula_extended = 'H2NCH2CN'
    iupac = 'Aminoacetonitrile'
/

&pengrobinson
    ac = 23.65112357890666
    b = 0.07586022637523375
    k = 1.0343118169107879
/

&pure
    a = 1.0255
    acentric_factor = 0.465685
    b = 0.235
    c = 638.0
    d = 0.28571
    pc = 54.4
    tc = 638.0
    vc = 0.229
    vc_rat = 1.168
/

&rkpr
    ac = 25.7485377830729
    b = 0.06516082605277136
    del1 = 4.270931763446764
    k = 2.4295157845602855
/

&soaveredlichkwong
    ac = 22.11199084824594
    b = 0.0844844248784469
    k = 1.175037249135625
/
