&names
    formula_extended = 'H2N(CH2)5CN'
    iupac = 'Aminocapronitrile'
/

&pengrobinson
    ac = 50.34716680197231
    b = 0.14781730980134966
    k = 1.284117862211335
/

&pure
    a = 0.5263
    acentric_factor = 0.653172
    b = 0.232
    c = 697.0
    d = 0.28571
    pc = 30.5
    tc = 697.0
    vc = 0.441
    vc_rat = 1.168
/

&rkpr
    ac = 55.26232386491731
    b = 0.124987378623726
    del1 = 4.473251555664674
    k = 2.9892535868127705
/

&soaveredlichkwong
    ac = 47.07074857759412
    b = 0.16462197652659927
    k = 1.4334318372228
/
