&names
    formula_extended = 'NH3'
    iupac = 'Ammonia'
/

&pengrobinson
    ac = 4.611085557885976
    b = 0.023261340363055234
    k = 0.7470034024948531
/

&pure
    a = 3.5383
    acentric_factor = 0.252608
    b = 0.25443
    c = 405.65
    d = 0.2888
    pc = 112.8
    tc = 405.65
    vc = 0.07247
    vc_rat = 1.168
/

&rkpr
    ac = 4.908449472939473
    b = 0.020840979788542983
    del1 = 3.740642168668748
    k = 1.8019783146491324
/

&soaveredlichkwong
    ac = 4.311012173112458
    b = 0.025905814632740335
    k = 0.8664381017088
/
