&names
    formula_extended = 'CH3O(C6H4)CHCHCH3'
    iupac = 'Anethole'
/

&pengrobinson
    ac = 56.975469977484394
    b = 0.16126222762996398
    k = 1.058674211045545
/

&pure
    a = 0.53227
    acentric_factor = 0.484633
    b = 0.25656
    c = 723.0
    d = 0.29525
    pc = 29.0
    tc = 723.0
    vc = 0.482
    vc_rat = 1.168
/

&rkpr
    ac = 62.45795508062881
    b = 0.1366926304852509
    del1 = 4.4413433326569045
    k = 2.4514413124699925
/

&soaveredlichkwong
    ac = 53.267704873025146
    b = 0.17959538491942337
    k = 1.2017102416794252
/
