&names
    formula_extended = 'C6H5NH2'
    iupac = 'Aniline'
/

&pengrobinson
    ac = 29.085005481377323
    b = 0.08514810950103278
    k = 0.918404632300032
/

&pure
    a = 1.0405
    acentric_factor = 0.37752
    b = 0.2807
    c = 699.0
    d = 0.29236
    pc = 53.1
    tc = 699.0
    vc = 0.27
    vc_rat = 1.168
/

&rkpr
    ac = 30.563411274988056
    b = 0.07810747550900689
    del1 = 3.450905970619885
    k = 2.332512237027628
/

&soaveredlichkwong
    ac = 27.19225464615871
    b = 0.09482820450731365
    k = 1.04927524368
/
