&names
    formula_extended = 'C6H5OCH3'
    iupac = 'Anisole'
/

&pengrobinson
    ac = 30.998982072799464
    b = 0.09825777985775733
    k = 0.8815945026948149
/

&pure
    a = 0.77488
    acentric_factor = 0.350169
    b = 0.26114
    c = 645.6
    d = 0.28234
    pc = 42.5
    tc = 645.6
    vc = 0.337
    vc_rat = 1.168
/

&rkpr
    ac = 30.660731023653742
    b = 0.10006858507001073
    del1 = 2.1951875319105745
    k = 2.582301524861638
/

&soaveredlichkwong
    ac = 28.981676308604722
    b = 0.1094282526927154
    k = 1.0097077985018248
/
