&names
    formula_extended = 'Polyring compound, see refs. 1115, 2633'
    iupac = 'Anthraquinone'
/

&pengrobinson
    ac = 81.28001679167505
    b = 0.18480950805251753
    k = 1.3196073156544574
/

&pure
    a = 0.42838
    acentric_factor = 0.680727
    b = 0.24846
    c = 900.0
    d = 0.24806
    pc = 31.5
    tc = 900.0
    vc = 0.58
    vc_rat = 1.168
/

&rkpr
    ac = 86.06196458842965
    b = 0.1672070124318654
    del1 = 3.6198949370149296
    k = 3.306438753542354
/

&soaveredlichkwong
    ac = 75.9905964486901
    b = 0.20581964681538342
    k = 1.470371179507425
/
