&names
    formula_extended = '(C6H4)(C2H2)(C6H4)'
    iupac = 'Anthracene'
/

&pengrobinson
    ac = 83.0691581268118
    b = 0.19471912132912667
    k = 1.0600032201005494
/

&pure
    a = 0.44763
    acentric_factor = 0.485671
    b = 0.24798
    c = 873.0
    d = 0.28214
    pc = 29.0
    tc = 873.0
    vc = 0.554
    vc_rat = 1.168
/

&rkpr
    ac = 94.14150830974089
    b = 0.15450862318350012
    del1 = 5.319066613947516
    k = 2.2517760729551064
/

&soaveredlichkwong
    ac = 77.66330669844945
    b = 0.21685583822220827
    k = 1.203167797957825
/
