&names
    formula_extended = 'SbCl3'
    iupac = 'Antimony Trichloride'
/

&pengrobinson
    ac = 41.343123635608
    b = 0.10655303379210501
    k = 0.6298995077976652
/

&pure
    a = 0.93818
    acentric_factor = 0.170604
    b = 0.25331
    c = 794.0
    d = 0.30257
    pc = 48.2
    tc = 794.0
    vc = 0.27
    vc_rat = 1.168
/

&rkpr
    ac = 50.328368916858736
    b = 0.07237057050720644
    del1 = 7.620730941691225
    k = 0.7673948630526609
/

&soaveredlichkwong
    ac = 38.652657173707304
    b = 0.11866655570538391
    k = 0.7434371941572
/
