&names
    formula_extended = 'Ar'
    iupac = 'Argon'
/

&pengrobinson
    ac = 1.468719109604546
    b = 0.019922676265171455
    k = 0.37464
/

&pure
    a = 3.8469
    acentric_factor = 0.0
    b = 0.2881
    c = 150.86
    d = 0.29783
    pc = 48.98
    tc = 150.86
    vc = 0.07459
    vc_rat = 1.168
/

&rkpr
    ac = 1.3551350128588886
    b = 0.022635235268895246
    del1 = 0.41421356237309515
    k = 1.5074078989945732
/

&soaveredlichkwong
    ac = 1.373139986431078
    b = 0.022187593245200206
    k = 0.48
/
