&names
    formula_extended = 'AsH3'
    iupac = 'Arsine'
/

&pengrobinson
    ac = 6.714067191981569
    b = 0.03683493324619261
    k = 0.3908104250002946
/

&pure
    a = 3.674
    acentric_factor = 0.0105042
    b = 0.3595
    c = 373.0
    d = 0.4388
    pc = 65.5
    tc = 373.0
    vc = 0.0978
    vc_rat = 1.168
/

&rkpr
    ac = 7.949287332584736
    b = 0.026639344489242055
    del1 = 6.6481318405253935
    k = 0.3323661940576821
/

&soaveredlichkwong
    ac = 6.277139088479103
    b = 0.04102252655228749
    k = 0.49651430161191296
/
