&names
    formula_extended = 'RING COMPOUND, See Refs. 1115, 2867.'
    iupac = 'Ascorbic Acid'
/

&pengrobinson
    ac = 36.633395242967744
    b = 0.095741107148946
    k = 3.2157383846119942
/

&pure
    a = 0.81257
    acentric_factor = 2.38853
    b = 0.27509
    c = 783.0
    d = 0.28571
    pc = 52.9
    tc = 783.0
    vc = 0.339
    vc_rat = 1.168
/

&rkpr
    ac = 35.298634138568765
    b = 0.10172665134454653
    del1 = 1.6724811020407635
    k = 7.255949377605178
/

&soaveredlichkwong
    ac = 34.24942149789086
    b = 0.10662547109594675
    k = 3.2411579968424995
/
