&names
    formula_extended = 'HOOC(CH2)7COOH'
    iupac = 'Azelaic Acid'
/

&pengrobinson
    ac = 81.21029024949245
    b = 0.20491476117463708
    k = 1.921031226747413
/

&pure
    a = 0.37965
    acentric_factor = 1.17196
    b = 0.2316
    c = 811.0
    d = 0.28571
    pc = 25.6
    tc = 811.0
    vc = 0.61
    vc_rat = 1.168
/

&rkpr
    ac = 89.27413459048263
    b = 0.17275645075586543
    del1 = 4.511447130470581
    k = 4.422672402965588
/

&soaveredlichkwong
    ac = 75.92540746697098
    b = 0.2282105732365101
    k = 2.0843042477200004
/
