&names
    formula_extended = 'C6H5CHCl2'
    iupac = 'Benzyl Dichloride'
/

&pengrobinson
    ac = 46.27550949310714
    b = 0.12954387023352495
    k = 0.8492649132289204
/

&pure
    a = 0.6428
    acentric_factor = 0.326391
    b = 0.2597
    c = 731.0
    d = 0.3194
    pc = 36.5
    tc = 731.0
    vc = 0.404
    vc_rat = 1.168
/

&rkpr
    ac = 49.22351677469023
    b = 0.1162222305577332
    del1 = 3.7238506917817347
    k = 2.077603731748683
/

&soaveredlichkwong
    ac = 43.264060542226694
    b = 0.14427111407593382
    k = 0.975096494145825
/
