&names
    formula_extended = '(C6H5)CH2Cl'
    iupac = 'Benzyl Chloride'
/

&pengrobinson
    ac = 38.04352876877887
    b = 0.11348532706754336
    k = 0.8316870533624909
/

&pure
    a = 0.6855
    acentric_factor = 0.313556
    b = 0.25374
    c = 686.0
    d = 0.2857
    pc = 39.1
    tc = 686.0
    vc = 0.36
    vc_rat = 1.168
/

&rkpr
    ac = 39.96546471936083
    b = 0.10415726967381154
    del1 = 3.4443776697378823
    k = 2.101994365026302
/

&soaveredlichkwong
    ac = 35.56778844623107
    b = 0.1263869493615692
    k = 0.9563316051012001
/
