&names
    formula_extended = '(C6H5)CF3'
    iupac = 'Benzotrifluoride'
/

&pengrobinson
    ac = 30.869189168833767
    b = 0.11282303814801119
    k = 0.812769833781988
/

&pure
    a = 0.75975
    acentric_factor = 0.299815
    b = 0.27047
    c = 559.9
    d = 0.27984
    pc = 32.1
    tc = 559.9
    vc = 0.356
    vc_rat = 1.168
/

&rkpr
    ac = 32.55607906213334
    b = 0.1028166501957466
    del1 = 3.531224479123682
    k = 2.02914686124634
/

&soaveredlichkwong
    ac = 28.86032987467816
    b = 0.12564936787593958
    k = 0.936178229010625
/
