&names
    formula_extended = '(C6H5)COOH'
    iupac = 'Benzoic Acid'
/

&pengrobinson
    ac = 39.882435403138274
    b = 0.10867377895213474
    k = 1.218714713363511
/

&pure
    a = 0.71587
    acentric_factor = 0.602794
    b = 0.24812
    c = 751.0
    d = 0.2857
    pc = 44.7
    tc = 751.0
    vc = 0.344
    vc_rat = 1.168
/

&rkpr
    ac = 41.963495595522545
    b = 0.09945680723432361
    del1 = 3.479254698237746
    k = 3.096534987050804
/

&soaveredlichkwong
    ac = 37.28702544290375
    b = 0.12102839858036583
    k = 1.3652096498737003
/
