&names
    formula_extended = 'Polyring compound, see ref. 2867'
    iupac = 'Benzothiophene'
/

&pengrobinson
    ac = 43.40619030922591
    b = 0.1178049013890323
    k = 0.806759951984548
/

&pure
    a = 0.73945
    acentric_factor = 0.295465
    b = 0.25807
    c = 754.0
    d = 0.33304
    pc = 41.4
    tc = 754.0
    vc = 0.349
    vc_rat = 1.168
/

&rkpr
    ac = 47.874775516617895
    b = 0.09867839306065312
    del1 = 4.59541162855732
    k = 1.7591291826676225
/

&soaveredlichkwong
    ac = 40.58146665517505
    b = 0.13119759612217316
    k = 0.9297844859106249
/
