&names
    formula_extended = '(C6H5)COCl'
    iupac = 'Benzoyl Chloride'
/

&pengrobinson
    ac = 37.82237900148166
    b = 0.11104502337293509
    k = 0.969408738742382
/

&pure
    a = 0.70164
    acentric_factor = 0.415924
    b = 0.2575
    c = 697.0
    d = 0.29927
    pc = 40.6
    tc = 697.0
    vc = 0.367
    vc_rat = 1.168
/

&rkpr
    ac = 38.52047934466755
    b = 0.10764504981746072
    del1 = 2.7853970840328826
    k = 2.654041305494392
/

&soaveredlichkwong
    ac = 35.36103033538474
    b = 0.1236692188192433
    k = 1.1043906405892
/
