&names
    formula_extended = '(C6H5)2CO'
    iupac = 'Benzophenone'
/

&pengrobinson
    ac = 64.9623151973108
    b = 0.16016456470541865
    k = 1.085721534561102
/

&pure
    a = 0.43743
    acentric_factor = 0.501941
    b = 0.24833
    c = 830.0
    d = 0.27555
    pc = 33.52
    tc = 830.0
    vc = 0.5677
    vc_rat = 1.168
/

&rkpr
    ac = 62.54104291677981
    b = 0.17041290913076598
    del1 = 1.654793045542654
    k = 3.2982234201471123
/

&soaveredlichkwong
    ac = 60.73479402918955
    b = 0.17837293377049188
    k = 1.225964799690825
/
