&names
    formula_extended = 'C6H5CN'
    iupac = 'Benzonitrile'
/

&pengrobinson
    ac = 36.677599087140116
    b = 0.10732214782867106
    k = 0.9032240596732493
/

&pure
    a = 0.8552
    acentric_factor = 0.366204
    b = 0.26785
    c = 699.35
    d = 0.30523
    pc = 42.15
    tc = 699.35
    vc = 0.3132
    vc_rat = 1.168
/

&rkpr
    ac = 40.869441825341774
    b = 0.0881066478334352
    del1 = 4.860281129933821
    k = 1.9496926447059828
/

&soaveredlichkwong
    ac = 34.2907487098745
    b = 0.11952310676184683
    k = 1.0329366563172
/
