&names
    formula_extended = 'C6H5CH2OCHO'
    iupac = 'Benzyl Formate'
/

&pengrobinson
    ac = 42.89688101312267
    b = 0.12576312762459618
    k = 0.9751502153277479
/

&pure
    a = 0.647
    acentric_factor = 0.420285
    b = 0.25686
    c = 698.0
    d = 0.30818
    pc = 35.9
    tc = 698.0
    vc = 0.397
    vc_rat = 1.168
/

&rkpr
    ac = 45.22688115510638
    b = 0.11467425131891171
    del1 = 3.5242581081822877
    k = 2.4649148505601297
/

&soaveredlichkwong
    ac = 40.10530143381511
    b = 0.1400605563147581
    k = 1.110616680785625
/
