&names
    formula_extended = 'H2NC6H4C6H4NH2'
    iupac = 'Benzidine'
/

&pengrobinson
    ac = 82.6659779130182
    b = 0.18209336831295778
    k = 1.3885627175026511
/

&pure
    a = 0.42723
    acentric_factor = 0.73471
    b = 0.255
    c = 929.0
    d = 0.28571
    pc = 33.0
    tc = 929.0
    vc = 0.596
    vc_rat = 1.168
/

&rkpr
    ac = 84.82261840494071
    b = 0.17424932502988558
    del1 = 2.9401320446647383
    k = 3.678232346407327
/

&soaveredlichkwong
    ac = 77.28636404843729
    b = 0.20279472170309673
    k = 1.5419687527825001
/
