&names
    formula_extended = 'CH3COOCH2(C6H5)'
    iupac = 'Benzyl Acetate'
/

&pengrobinson
    ac = 48.56647141701685
    b = 0.14218127718568682
    k = 1.0441119444075317
/

&pure
    a = 0.56424
    acentric_factor = 0.473289
    b = 0.25334
    c = 699.0
    d = 0.3273
    pc = 31.8
    tc = 699.0
    vc = 0.449
    vc_rat = 1.168
/

&rkpr
    ac = 51.18996831705894
    b = 0.12971123576467336
    del1 = 3.5179799621107635
    k = 2.651146524801284
/

&soaveredlichkwong
    ac = 45.40593464500086
    b = 0.1583452094131558
    k = 1.185756452433825
/
