&names
    formula_extended = 'C6H5CH2SH'
    iupac = 'Benzyl Mercaptan'
/

&pengrobinson
    ac = 40.13582315757805
    b = 0.11439071274285136
    k = 0.8303797223205452
/

&pure
    a = 0.70797
    acentric_factor = 0.312604
    b = 0.25982
    c = 718.0
    d = 0.32144
    pc = 40.6
    tc = 718.0
    vc = 0.367
    vc_rat = 1.168
/

&rkpr
    ac = 41.81023972568586
    b = 0.10658496768887675
    del1 = 3.260916218422471
    k = 2.1463506895088753
/

&soaveredlichkwong
    ac = 37.52392360499474
    b = 0.1273952641495218
    k = 0.9549374753572001
/
