&names
    formula_extended = '(C6H5)CHO'
    iupac = 'Benzaldehyde'
/

&pengrobinson
    ac = 32.83416496721527
    b = 0.09667723190059115
    k = 0.8305623935588634
/

&pure
    a = 0.79368
    acentric_factor = 0.312737
    b = 0.25711
    c = 695.0
    d = 0.28673
    pc = 46.5
    tc = 695.0
    vc = 0.324
    vc_rat = 1.168
/

&rkpr
    ac = 33.07887521603246
    b = 0.09547393958814848
    del1 = 2.5637576580527655
    k = 2.3365681249622163
/

&soaveredlichkwong
    ac = 30.697431893357187
    b = 0.10766801954374626
    k = 0.955132262545425
/
