&names
    formula_extended = '(C6H5)CCl3'
    iupac = 'Benzotrichloride'
/

&pengrobinson
    ac = 51.40410813124109
    b = 0.142729379048344
    k = 0.7572197857463079
/

&pure
    a = 0.54506
    acentric_factor = 0.259885
    b = 0.25387
    c = 737.0
    d = 0.2857
    pc = 33.4
    tc = 737.0
    vc = 0.447
    vc_rat = 1.168
/

&rkpr
    ac = 54.511598204169026
    b = 0.1287742638714335
    del1 = 3.654347592324614
    k = 1.8502641119582472
/

&soaveredlichkwong
    ac = 48.05890784715068
    b = 0.15895562244319808
    k = 0.8772394526856249
/
