&names
    formula_extended = '(C6H5)CONH2'
    iupac = 'Benzamide'
/

&pengrobinson
    ac = 42.49837896237739
    b = 0.10554269727197238
    k = 1.1606474230262822
/

&pure
    a = 0.7371
    acentric_factor = 0.5585
    b = 0.25487
    c = 824.0
    d = 0.28571
    pc = 50.5
    tc = 824.0
    vc = 0.346
    vc_rat = 1.168
/

&rkpr
    ac = 43.55363838456459
    b = 0.1012121647633125
    del1 = 2.914550710399806
    k = 3.1135471677120843
/

&soaveredlichkwong
    ac = 39.73273250829709
    b = 0.11754135869615163
    k = 1.30449260625
/
