&names
    formula_extended = '(C6H5)CH2OH'
    iupac = 'Benzyl Alcohol'
/

&pengrobinson
    ac = 36.028306852334794
    b = 0.10237735940309269
    k = 0.9049030045701466
/

&pure
    a = 0.77522
    acentric_factor = 0.367453
    b = 0.25961
    c = 720.15
    d = 0.26399
    pc = 45.5
    tc = 720.15
    vc = 0.335
    vc_rat = 1.168
/

&rkpr
    ac = 36.97547989815014
    b = 0.09793379619936649
    del1 = 2.9442237924232866
    k = 2.4335613657921353
/

&soaveredlichkwong
    ac = 33.683710151813905
    b = 0.11401616819546027
    k = 1.034742223238425
/
