&names
    formula_extended = 'C6H5COOCH2C6H5'
    iupac = 'Benzyl Benzoate'
/

&pengrobinson
    ac = 82.37915224699742
    b = 0.2055826698103586
    k = 1.2022847449198832
/

&pure
    a = 0.33346
    acentric_factor = 0.59022
    b = 0.2314
    c = 820.0
    d = 0.27359
    pc = 25.8
    tc = 820.0
    vc = 0.694
    vc_rat = 1.168
/

&rkpr
    ac = 82.51944828488857
    b = 0.20499590650096722
    del1 = 2.4483684146092384
    k = 3.3621267833290016
/

&soaveredlichkwong
    ac = 77.01820399756555
    b = 0.22895441331788774
    k = 1.34804334153
/
