&names
    formula_extended = 'C6H5COO2COC6H5'
    iupac = 'Benzoyl Peroxide'
/

&pengrobinson
    ac = 96.1126886324441
    b = 0.22249051280719423
    k = 1.611820005757164
/

&pure
    a = 0.34966
    acentric_factor = 0.913587
    b = 0.25092
    c = 884.0
    d = 0.28571
    pc = 25.7
    tc = 884.0
    vc = 0.718
    vc_rat = 1.168
/

&rkpr
    ac = 99.68411841645911
    b = 0.20893052129177564
    del1 = 3.1667133225875475
    k = 4.141052181695935
/

&soaveredlichkwong
    ac = 89.85800967765951
    b = 0.24778443083532928
    k = 1.771923726850425
/
