&names
    formula_extended = 'C6H5CH2OC2H5'
    iupac = 'Benzyl Ethyl Ether'
/

&pengrobinson
    ac = 44.54150727973487
    b = 0.13768605471308137
    k = 0.9921403422766157
/

&pure
    a = 0.60917
    acentric_factor = 0.433236
    b = 0.26925
    c = 662.0
    d = 0.2632
    pc = 31.1
    tc = 662.0
    vc = 0.442
    vc_rat = 1.168
/

&rkpr
    ac = 46.37917153021593
    b = 0.12839202152910892
    del1 = 3.251358762525102
    k = 2.584579647753393
/

&soaveredlichkwong
    ac = 41.64290115227191
    b = 0.15333894587499786
    k = 1.1290671134532
/
