&names
    formula_extended = '-CHCHCHCHCHCH-'
    iupac = 'Benzene'
/

&pengrobinson
    ac = 20.398889609108473
    b = 0.07427020306500738
    k = 0.6870397717871999
/

&pure
    a = 1.0259
    acentric_factor = 0.2103
    b = 0.26666
    c = 562.05
    d = 0.28394
    pc = 48.95
    tc = 562.05
    vc = 0.256
    vc_rat = 1.168
/

&rkpr
    ac = 20.095276834078966
    b = 0.07614176632270435
    del1 = 2.115174756375389
    k = 2.0634403377700616
/

&soaveredlichkwong
    ac = 19.071400935609894
    b = 0.08271363916732416
    k = 0.80327263425
/
