&names
    formula_extended = '(C6H5)CH2NH2'
    iupac = 'Benzylamine'
/

&pengrobinson
    ac = 34.23243373876046
    b = 0.10241526904577013
    k = 0.9497677031606476
/

&pure
    a = 0.64361
    acentric_factor = 0.401064
    b = 0.24005
    c = 684.0
    d = 0.26666
    pc = 43.2
    tc = 684.0
    vc = 0.373
    vc_rat = 1.168
/

&rkpr
    ac = 32.20532113047808
    b = 0.11297080052951962
    del1 = 1.1562604031839019
    k = 3.062900678864774
/

&soaveredlichkwong
    ac = 32.004706204306636
    b = 0.11405838761019164
    k = 1.0831255778831999
/
