&names
    formula_extended = 'Be'
    iupac = 'Beryllium'
/

&pengrobinson
    ac = 218.45637370242852
    b = 0.08588691869762086
    k = 0.7113864776549452
/

&pure
    a = 0.9058
    acentric_factor = 0.227396
    b = 0.282
    c = 5205.0
    d = 0.28571
    pc = 392.0
    tc = 5205.0
    vc = 0.3115
    vc_rat = 1.168
/

&rkpr
    ac = 206.2597067488917
    b = 0.09421516891875488
    del1 = 1.2397798090449055
    k = 2.3614254243005597
/

&soaveredlichkwong
    ac = 204.23999392389115
    b = 0.09565100550661344
    k = 0.8288722393572
/
