&names
    formula_extended = 'Polyring compound, see refs. 1115, 2633'
    iupac = 'Beta-Pinene'
/

&pengrobinson
    ac = 47.35023986262254
    b = 0.15069340502615602
    k = 0.8472712555358899
/

&pure
    a = 0.51626
    acentric_factor = 0.324932
    b = 0.25487
    c = 643.0
    d = 0.28571
    pc = 27.6
    tc = 643.0
    vc = 0.494
    vc_rat = 1.168
/

&rkpr
    ac = 48.52727609053398
    b = 0.14450354414863395
    del1 = 2.915109643485583
    k = 2.284943850683206
/

&soaveredlichkwong
    ac = 44.26885120326112
    b = 0.1678250417239204
    k = 0.9729663271908
/
