&names
    formula_extended = '((CH3)2CH)(C6H7)(CH2)'
    iupac = 'Beta-Phellandrene'
/

&pengrobinson
    ac = 47.06631780855804
    b = 0.14863402988053537
    k = 0.917179715779332
/

&pure
    a = 0.5429
    acentric_factor = 0.376605
    b = 0.2644
    c = 648.0
    d = 0.315
    pc = 28.2
    tc = 648.0
    vc = 0.487
    vc_rat = 1.168
/

&rkpr
    ac = 48.25519128837801
    b = 0.14243167069615853
    del1 = 2.923269865797886
    k = 2.472761206713884
/

&soaveredlichkwong
    ac = 44.003405807394664
    b = 0.1655315457366275
    k = 1.0479557879456252
/
