&names
    formula_extended = '-CH2CH2COO-'
    iupac = 'Beta-Propiolactone'
/

&pengrobinson
    ac = 21.52680137278226
    b = 0.0642152863725173
    k = 0.8917824720544244
/

&pure
    a = 1.2115
    acentric_factor = 0.357709
    b = 0.249
    c = 686.0
    d = 0.28571
    pc = 69.1
    tc = 686.0
    vc = 0.206
    vc_rat = 1.168
/

&rkpr
    ac = 22.426669618194968
    b = 0.059824844178467916
    del1 = 3.262645851153001
    k = 2.311175820881895
/

&soaveredlichkwong
    ac = 20.125912130935383
    b = 0.07151562547087346
    k = 1.0206417134808248
/
