&names
    formula_extended = '(C6H11)(C6H11)'
    iupac = 'Bicyclohexyl'
/

&pengrobinson
    ac = 65.2586636207054
    b = 0.18369054423423078
    k = 0.9847000249439309
/

&pure
    a = 0.4379
    acentric_factor = 0.427556
    b = 0.26185
    c = 727.0
    d = 0.2813
    pc = 25.6
    tc = 727.0
    vc = 0.598
    vc_rat = 1.168
/

&rkpr
    ac = 67.23668039437278
    b = 0.17452068197748782
    del1 = 3.0262163690936443
    k = 2.627237448321916
/

&soaveredlichkwong
    ac = 61.01185712955904
    b = 0.2045734731725559
    k = 1.1209824207012
/
