&names
    formula_extended = '(C6H5)2'
    iupac = 'Biphenyl'
/

&pengrobinson
    ac = 55.87938364145129
    b = 0.1479296224958835
    k = 0.9521651008975003
/

&pure
    a = 0.52257
    acentric_factor = 0.402873
    b = 0.25833
    c = 773.0
    d = 0.27026
    pc = 33.8
    tc = 773.0
    vc = 0.497
    vc_rat = 1.168
/

&rkpr
    ac = 56.185804954239934
    b = 0.1465732903984496
    del1 = 2.5242182142536924
    k = 2.6821218764976607
/

&soaveredlichkwong
    ac = 52.24294801737762
    b = 0.16474705753225444
    k = 1.0857184375274251
/
