&names
    formula_extended = 'ClCH2OCH2Cl'
    iupac = 'Bis(Chloromethyl)Ether'
/

&pengrobinson
    ac = 23.13667622086433
    b = 0.08177215460009318
    k = 0.8458111532373197
/

&pure
    a = 0.9514
    acentric_factor = 0.323864
    b = 0.2541
    c = 579.0
    d = 0.2857
    pc = 45.8
    tc = 579.0
    vc = 0.258
    vc_rat = 1.168
/

&rkpr
    ac = 24.402578611484362
    b = 0.07451100980485938
    del1 = 3.5326537893548546
    k = 2.11701846890346
/

&soaveredlichkwong
    ac = 21.631021932118777
    b = 0.09106845289768002
    k = 0.9714065551632
/
