&names
    formula_extended = 'CHF2OCHF2'
    iupac = 'Bis(Difluoromethyl)Ether'
/

&pengrobinson
    ac = 13.203521749060686
    b = 0.06429320840982655
    k = 0.9050508296630875
/

&pure
    a = 1.1826
    acentric_factor = 0.367563
    b = 0.26372
    c = 420.25
    d = 0.27117
    pc = 42.28
    tc = 420.25
    vc = 0.223
    vc_rat = 1.168
/

&rkpr
    ac = 12.941054951135836
    b = 0.06646373847321178
    del1 = 2.014129707481718
    k = 2.699935392882175
/

&soaveredlichkwong
    ac = 12.344282549867026
    b = 0.07160240610444113
    k = 1.034901214180425
/
