&names
    formula_extended = 'NCCH2CH2OCH2CH2CN'
    iupac = 'Bis(Cyanoethyl)Ether'
/

&pengrobinson
    ac = 68.47726531282663
    b = 0.1789648257307153
    k = 1.4427528929492375
/

&pure
    a = 0.68934
    acentric_factor = 0.777549
    b = 0.25988
    c = 783.0
    d = 0.32163
    pc = 28.3
    tc = 783.0
    vc = 0.377
    vc_rat = 1.168
/

&rkpr
    ac = 91.89654997181944
    b = 0.09472449338080366
    del1 = 12.188093896408757
    k = 2.02751997562894
/

&soaveredlichkwong
    ac = 64.02100343598678
    b = 0.19931050957510893
    k = 1.5980601977048252
/
