&names
    formula_extended = 'C6H4(COOC2H4OH)2'
    iupac = 'Bis-(2-Hydroxyethyl) Terephthalate'
/

&pengrobinson
    ac = 91.59106151293149
    b = 0.22154694467348354
    k = 2.4068449347742704
/

&pure
    a = 0.35115
    acentric_factor = 1.60351
    b = 0.23
    c = 846.0
    d = 0.28571
    pc = 24.7
    tc = 846.0
    vc = 0.656
    vc_rat = 1.168
/

&rkpr
    ac = 101.0559238359137
    b = 0.1854491122109156
    del1 = 4.6044190918959185
    k = 5.326915930623455
/

&soaveredlichkwong
    ac = 85.6306342993915
    b = 0.24673359280176124
    k = 2.5539569839825003
/
