&names
    formula_extended = 'Bi'
    iupac = 'Bismuth'
/

&pengrobinson
    ac = 87.61985810142569
    b = 0.03880999669102868
    k = -0.0053336492452107555
/

&pure
    a = 1.8138
    acentric_factor = -0.236579
    b = 0.18801
    c = 4620.0
    d = 0.30873
    pc = 770.0
    tc = 4620.0
    vc = 0.104
    vc_rat = 1.168
/

&rkpr
    ac = 103.15423501375345
    b = 0.028418049203517034
    del1 = 6.4632500293226105
    k = -0.6071540410163515
/

&soaveredlichkwong
    ac = 81.91786297168791
    b = 0.043222125831230515
    k = 0.09782996993282493
/
