&names
    formula_extended = '((C6H4)OH)2C(CH3)2'
    iupac = 'Bisphenol A'
/

&pengrobinson
    ac = 77.76014821467446
    b = 0.18742711712561633
    k = 1.6508294182574992
/

&pure
    a = 0.3773
    acentric_factor = 0.945495
    b = 0.25331
    c = 849.0
    d = 0.2671
    pc = 29.3
    tc = 849.0
    vc = 0.677
    vc_rat = 1.168
/

&rkpr
    ac = 73.6760752570029
    b = 0.20448857600698883
    del1 = 1.3182207651758402
    k = 4.8387274196156085
/

&soaveredlichkwong
    ac = 72.6997886567474
    b = 0.20873483976515764
    k = 1.811765990870625
/
