&names
    formula_extended = 'BF3'
    iupac = 'Boron Trifluoride'
/

&pengrobinson
    ac = 4.3117833598892625
    b = 0.03381939925413955
    k = 0.9927408326914919
/

&pure
    a = 2.1187
    acentric_factor = 0.433695
    b = 0.26189
    c = 260.9
    d = 0.22102
    pc = 49.9
    tc = 260.9
    vc = 0.12361
    vc_rat = 1.168
/

&rkpr
    ac = 4.044017115543722
    b = 0.037481494322431266
    del1 = 1.081597733255503
    k = 3.2036323943331584
/

&soaveredlichkwong
    ac = 4.031187519502106
    b = 0.03766417043877101
    k = 1.129719943220625
/
