&names
    formula_extended = 'BCl3'
    iupac = 'Boron Trichloride'
/

&pengrobinson
    ac = 16.680605401306146
    b = 0.07552738595441882
    k = 0.6006597506761805
/

&pure
    a = 2.7743
    acentric_factor = 0.150516
    b = 0.41142
    c = 451.95
    d = 0.51175
    pc = 38.706
    tc = 451.95
    vc = 0.1483
    vc_rat = 1.168
/

&rkpr
    ac = 23.12457535135626
    b = 0.036340600553448114
    del1 = 14.28487426287395
    k = -0.006362921761463525
/

&soaveredlichkwong
    ac = 15.595089710910642
    b = 0.0841137453686105
    k = 0.7129475474052
/
