&names
    formula_extended = 'CBrClF2'
    iupac = 'Bromochlorodifluoromethane'
/

&pengrobinson
    ac = 13.493879250329964
    b = 0.06479736753597347
    k = 0.653687382587349
/

&pure
    a = 1.0413
    acentric_factor = 0.187058
    b = 0.25624
    c = 426.15
    d = 0.2644
    pc = 42.54
    tc = 426.15
    vc = 0.246
    vc_rat = 1.168
/

&rkpr
    ac = 12.450323626779605
    b = 0.07361981088584497
    del1 = 0.41421356237309515
    k = 2.3183714941662625
/

&soaveredlichkwong
    ac = 12.615744596452918
    b = 0.07216388075136689
    k = 0.7683059203113
/
