&names
    formula_extended = 'CF2CFBr'
    iupac = 'Bromotrifluoroethylene'
/

&pengrobinson
    ac = 13.167362720251354
    b = 0.06237320896772466
    k = 0.6367860259149658
/

&pure
    a = 1.0
    acentric_factor = 0.175357
    b = 0.24
    c = 432.0
    d = 0.3
    pc = 44.8
    tc = 432.0
    vc = 0.239
    vc_rat = 1.168
/

&rkpr
    ac = 12.149058409153444
    b = 0.07086559258750592
    del1 = 0.41421356237309515
    k = 2.2693346035379673
/

&soaveredlichkwong
    ac = 12.31047662468779
    b = 0.06946413080019191
    k = 0.750630654446425
/
