&names
    formula_extended = 'CBrCl3'
    iupac = 'Bromotrichloromethane'
/

&pengrobinson
    ac = 23.355984543433156
    b = 0.07886940977452508
    k = 0.6607848871350234
/

&pure
    a = 0.9864
    acentric_factor = 0.191987
    b = 0.28
    c = 606.0
    d = 0.2857
    pc = 49.7
    tc = 606.0
    vc = 0.284
    vc_rat = 1.168
/

&rkpr
    ac = 22.18788390581196
    b = 0.08569522562213469
    del1 = 1.376010481374583
    k = 2.1840309040438317
/

&soaveredlichkwong
    ac = 21.83605843304472
    b = 0.08783570842966362
    k = 0.775737211570425
/
