&names
    formula_extended = 'BrBr'
    iupac = 'Bromine'
/

&pengrobinson
    ac = 10.471788374460978
    b = 0.03668423878165761
    k = 0.5690953834156507
/

&pure
    a = 2.1872
    acentric_factor = 0.128997
    b = 0.29527
    c = 584.15
    d = 0.3295
    pc = 103.0
    tc = 584.15
    vc = 0.135
    vc_rat = 1.168
/

&rkpr
    ac = 9.763339222903587
    b = 0.041026888269523894
    del1 = 0.9240537286055654
    k = 2.019168597095828
/

&soaveredlichkwong
    ac = 9.790320866927438
    b = 0.04085470033060406
    k = 0.680129238448425
/
