&names
    formula_extended = '(C6H5)Br'
    iupac = 'Bromobenzene'
/

&pengrobinson
    ac = 31.412421174042642
    b = 0.09592071903141801
    k = 0.7441441082576999
/

&pure
    a = 0.8226
    acentric_factor = 0.250575
    b = 0.26632
    c = 670.15
    d = 0.2821
    pc = 45.191
    tc = 670.15
    vc = 0.324
    vc_rat = 1.168
/

&rkpr
    ac = 31.451023412210905
    b = 0.09572311399817515
    del1 = 2.438858478674093
    k = 2.1332895424233
/

&soaveredlichkwong
    ac = 29.368210233409435
    b = 0.10682550222315332
    k = 0.863417179640625
/
