&names
    formula_extended = 'BrCHF2'
    iupac = 'Bromodifluoromethane'
/

&pengrobinson
    ac = 10.453818086607946
    b = 0.051925637947421395
    k = 0.679494270071726
/

&pure
    a = 1.792
    acentric_factor = 0.205024
    b = 0.29954
    c = 411.98
    d = 0.28571
    pc = 51.32
    tc = 411.98
    vc = 0.167
    vc_rat = 1.168
/

&rkpr
    ac = 10.870050952166022
    b = 0.04854005456798989
    del1 = 3.221547960129722
    k = 1.750377408381783
/

&soaveredlichkwong
    ac = 9.773520022805977
    b = 0.05782882372028562
    k = 0.7953516788992001
/
