&names
    formula_extended = 'CBrF3'
    iupac = 'Bromotrifluoromethane'
/

&pengrobinson
    ac = 9.212123750547905
    b = 0.05542074044690766
    k = 0.629555804447145
/

&pure
    a = 1.3435
    acentric_factor = 0.170367
    b = 0.26995
    c = 340.15
    d = 0.28006
    pc = 39.7
    tc = 340.15
    vc = 0.2
    vc_rat = 1.168
/

&rkpr
    ac = 8.735132403342591
    b = 0.06039201719306482
    del1 = 1.3354668120565343
    k = 2.1048095195443652
/

&soaveredlichkwong
    ac = 8.61263082852831
    b = 0.06172126826823283
    k = 0.743078297929425
/
