&names
    formula_extended = 'CH3CH2Br'
    iupac = 'Bromoethane'
/

&pengrobinson
    ac = 12.877679116834956
    b = 0.052307320312841764
    k = 0.750041679537232
/

&pure
    a = 1.1908
    acentric_factor = 0.25477
    b = 0.25595
    c = 503.8
    d = 0.29152
    pc = 62.3
    tc = 503.8
    vc = 0.215
    vc_rat = 1.168
/

&rkpr
    ac = 11.881777626140833
    b = 0.05942918942253098
    del1 = 0.41421356237309515
    k = 2.597708987427466
/

&soaveredlichkwong
    ac = 12.03964462103013
    b = 0.0582538977896574
    k = 0.8696491232424999
/
