&names
    formula_extended = 'ClCH2Br'
    iupac = 'Bromochloromethane'
/

&pengrobinson
    ac = 15.157076035308492
    b = 0.05568564697811173
    k = 0.681449304479568
/

&pure
    a = 1.2306
    acentric_factor = 0.20639
    b = 0.25105
    c = 557.0
    d = 0.28571
    pc = 64.7
    tc = 557.0
    vc = 0.204
    vc_rat = 1.168
/

&rkpr
    ac = 14.187478779919681
    b = 0.061904296997513056
    del1 = 1.0309929838126008
    k = 2.3221162831109106
/

&soaveredlichkwong
    ac = 14.170706328633653
    b = 0.062016290798545586
    k = 0.7974034143825001
/
