&names
    formula_extended = 'C4H9OCHCH2'
    iupac = 'Butyl Vinyl Ether'
/

&pengrobinson
    ac = 29.106119289399484
    b = 0.1111226400982445
    k = 0.9219509917640691
/

&pure
    a = 0.7001
    acentric_factor = 0.380171
    b = 0.262
    c = 536.0
    d = 0.2857
    pc = 31.2
    tc = 536.0
    vc = 0.364
    vc_rat = 1.168
/

&rkpr
    ac = 29.847214305245767
    b = 0.10644903404883682
    del1 = 2.9273829150504755
    k = 2.484584891352686
/

&soaveredlichkwong
    ac = 27.21199444110756
    b = 0.12375565943130105
    k = 1.053096405882825
/
