&names
    formula_extended = '(C3H7CO)2O'
    iupac = 'Butyric Anhydride'
/

&pengrobinson
    ac = 49.65661685790929
    b = 0.15778811785999033
    k = 1.285862529892267
/

&pure
    a = 0.49893
    acentric_factor = 0.654523
    b = 0.24996
    c = 644.0
    d = 0.3519
    pc = 26.4
    tc = 644.0
    vc = 0.501
    vc_rat = 1.168
/

&rkpr
    ac = 52.1296645485626
    b = 0.14499695928361206
    del1 = 3.429356665671182
    k = 3.2780692665828397
/

&soaveredlichkwong
    ac = 46.42513721826758
    b = 0.17572631966737662
    k = 1.435249139432425
/
