&names
    formula_extended = 'Ca'
    iupac = 'Calcium'
/

&pengrobinson
    ac = 220.5038403775165
    b = 0.13811792940042558
    k = 0.5509546067655148
/

&pure
    a = 0.095356
    acentric_factor = 0.116706
    b = 0.049273
    c = 3267.0
    d = 0.11441
    pc = 153.0
    tc = 3267.0
    vc = 0.5171
    vc_rat = 1.168
/

&rkpr
    ac = 203.45107012727277
    b = 0.1569232860695883
    del1 = 0.41421356237309515
    k = 2.0201374445071525
/

&soaveredlichkwong
    ac = 206.15421860038856
    b = 0.1538199183993792
    k = 0.6613116931737
/
