&names
    formula_extended = 'Ring structure, see ref. 1774'
    iupac = 'Camphor'
/

&pengrobinson
    ac = 53.14110755220959
    b = 0.15337952984358605
    k = 0.8390933281116748
/

&pure
    a = 0.50722
    acentric_factor = 0.318956
    b = 0.25603
    c = 709.0
    d = 0.28571
    pc = 29.9
    tc = 709.0
    vc = 0.505
    vc_rat = 1.168
/

&rkpr
    ac = 54.28019102122846
    b = 0.14793558471647336
    del1 = 2.845653398945636
    k = 2.2817316847319864
/

&soaveredlichkwong
    ac = 49.68286939687251
    b = 0.17081653965631236
    k = 0.9642334812612001
/
