&names
    formula_extended = 'Polyring compound, see refs. 1115, 2633'
    iupac = 'Camphene'
/

&pengrobinson
    ac = 46.78622264336445
    b = 0.15006532053864421
    k = 0.8071457199463629
/

&pure
    a = 0.51314
    acentric_factor = 0.295744
    b = 0.25606
    c = 638.0
    d = 0.26469
    pc = 27.5
    tc = 638.0
    vc = 0.499
    vc_rat = 1.168
/

&rkpr
    ac = 47.42441689708687
    b = 0.14665970041268855
    del1 = 2.688209202029634
    k = 2.2378069210178504
/

&soaveredlichkwong
    ac = 43.74153825980288
    b = 0.1671255532140913
    k = 0.9301947661312
/
