&names
    formula_extended = 'SCS'
    iupac = 'Carbon Disulfide'
/

&pengrobinson
    ac = 12.191590974362436
    b = 0.04519645184271694
    k = 0.5420560025576348
/

&pure
    a = 1.7968
    acentric_factor = 0.110697
    b = 0.28749
    c = 552.0
    d = 0.3226
    pc = 79.0
    tc = 552.0
    vc = 0.16
    vc_rat = 1.168
/

&rkpr
    ac = 11.749316841051886
    b = 0.048009462647317175
    del1 = 1.6758303343208703
    k = 1.7720051812695958
/

&soaveredlichkwong
    ac = 11.398204704789846
    b = 0.05033462755029376
    k = 0.652092658483425
/
