&names
    formula_extended = 'CCl4'
    iupac = 'Carbon Tetrachloride'
/

&pengrobinson
    ac = 21.455599886907947
    b = 0.0789179154205183
    k = 0.6615976199917363
/

&pure
    a = 0.99835
    acentric_factor = 0.192552
    b = 0.274
    c = 556.35
    d = 0.287
    pc = 45.6
    tc = 556.35
    vc = 0.276
    vc_rat = 1.168
/

&rkpr
    ac = 20.886898681151983
    b = 0.08248503361615593
    del1 = 1.8789329510882713
    k = 2.0560034538034735
/

&soaveredlichkwong
    ac = 20.059344189721866
    b = 0.08788972845835197
    k = 0.7765885002768
/
