&names
    formula_extended = 'CO'
    iupac = 'Carbon Monoxide'
/

&pengrobinson
    ac = 1.5960483454382266
    b = 0.024571900353298707
    k = 0.44829237718639936
/

&pure
    a = 2.897
    acentric_factor = 0.0481621
    b = 0.27532
    c = 132.92
    d = 0.2813
    pc = 34.99
    tc = 132.92
    vc = 0.0944
    vc_rat = 1.168
/

&rkpr
    ac = 1.4726171811716888
    b = 0.027917471432946556
    del1 = 0.41421356237309515
    k = 1.721721426234226
/

&soaveredlichkwong
    ac = 1.492183079165138
    b = 0.02736536613073811
    k = 0.5554012175216282
/
