&names
    formula_extended = 'OCO'
    iupac = 'Carbon Dioxide'
/

&pengrobinson
    ac = 3.9620816697281276
    b = 0.026652194440782505
    k = 0.7060240090250612
/

&pure
    a = 2.768
    acentric_factor = 0.223621
    b = 0.26212
    c = 304.21
    d = 0.2908
    pc = 73.83
    tc = 304.21
    vc = 0.094
    vc_rat = 1.168
/

&rkpr
    ac = 3.8302428437303
    b = 0.028170912768849334
    del1 = 1.7388486312261242
    k = 2.218508663536885
/

&soaveredlichkwong
    ac = 3.7042431971040144
    b = 0.029682159237705164
    k = 0.823228342462825
/
