&names
    formula_extended = 'ClCONH2'
    iupac = 'Carbamyl Chloride'
/

&pengrobinson
    ac = 11.448116595724949
    b = 0.0453133881871315
    k = 1.006967425090372
/

&pure
    a = 1.7168
    acentric_factor = 0.444595
    b = 0.345
    c = 517.0
    d = 0.28571
    pc = 73.8
    tc = 517.0
    vc = 0.201
    vc_rat = 1.168
/

&rkpr
    ac = 10.562771008225578
    b = 0.05148300302603312
    del1 = 0.41421356237309515
    k = 3.340515730339829
/

&soaveredlichkwong
    ac = 10.70311304872158
    b = 0.05046485784721359
    k = 1.145201205045625
/
