&names
    formula_extended = 'CF4'
    iupac = 'Carbon Tetrafluoride'
/

&pengrobinson
    ac = 4.374218966654624
    b = 0.039346141921608846
    k = 0.6422034845930323
/

&pure
    a = 2.0185
    acentric_factor = 0.179102
    b = 0.28266
    c = 227.5
    d = 0.29309
    pc = 37.4
    tc = 227.5
    vc = 0.14
    vc_rat = 1.168
/

&rkpr
    ac = 4.197606018799366
    b = 0.042078703959411184
    del1 = 1.5886133007212073
    k = 2.0776464053814254
/

&soaveredlichkwong
    ac = 4.08956003448197
    b = 0.04381922293495964
    k = 0.7562929808793
/
