&names
    formula_extended = 'C'
    iupac = 'Carbon'
/

&pengrobinson
    ac = 65.73530470136227
    b = 0.019753070064716393
    k = 0.8498795860572724
/

&pure
    a = 14.434
    acentric_factor = 0.326841
    b = 0.27136
    c = 6810.0
    d = 0.28571
    pc = 2230.0
    tc = 6810.0
    vc = 0.0188
    vc_rat = 1.168
/

&rkpr
    ac = 114.65842009380606
    b = 0.0035148910407864216
    del1 = 55.46072059530343
    k = -0.8109282566381864
/

&soaveredlichkwong
    ac = 61.457480069129744
    b = 0.021998705299751856
    k = 0.9757533521258249
/
