&names
    formula_extended = 'OCS'
    iupac = 'Carbonyl Sulfide'
/

&pengrobinson
    ac = 7.143711927372318
    b = 0.03859197444889395
    k = 0.5217172724384647
/

&pure
    a = 2.143
    acentric_factor = 0.0970119
    b = 0.28943
    c = 378.8
    d = 0.2714
    pc = 63.49
    tc = 378.8
    vc = 0.1351
    vc_rat = 1.168
/

&rkpr
    ac = 6.9487558216921945
    b = 0.040388856934934665
    del1 = 1.8628149283360744
    k = 1.6672576084886048
/

&soaveredlichkwong
    ac = 6.678824041215563
    b = 0.042979317648107626
    k = 0.6310497515702183
/
