&names
    formula_extended = 'FCOF'
    iupac = 'Carbonyl Fluoride'
/

&pengrobinson
    ac = 4.84060600002296
    b = 0.03335234090635277
    k = 0.7894027555820698
/

&pure
    a = 2.3326
    acentric_factor = 0.282943
    b = 0.32913
    c = 297.0
    d = 0.2857
    pc = 57.6
    tc = 297.0
    vc = 0.141
    vc_rat = 1.168
/

&rkpr
    ac = 4.466255413434449
    b = 0.03789340714748581
    del1 = 0.41421356237309515
    k = 2.7117067398478167
/

&soaveredlichkwong
    ac = 4.525596224440348
    b = 0.03714401438621373
    k = 0.911342352281425
/
