&names
    formula_extended = 'CH2C(CH3)COO(CH2)15CH3'
    iupac = 'Cetyl Methacrylate'
/

&pengrobinson
    ac = 161.60343313278972
    b = 0.4170234061786686
    k = 1.68819977644542
/

&pure
    a = 0.18655
    acentric_factor = 0.976247
    b = 0.23576
    c = 793.0
    d = 0.2857
    pc = 12.3
    tc = 793.0
    vc = 1.26
    vc_rat = 1.168
/

&rkpr
    ac = 175.82437160390649
    b = 0.358635022880383
    del1 = 4.2556423274212305
    k = 3.9905486980173834
/

&soaveredlichkwong
    ac = 151.08684467169655
    b = 0.46443286970414366
    k = 1.8498275921234248
/
