&names
    formula_extended = 'CF2CFCl'
    iupac = 'Chlorotrifluoroethylene'
/

&pengrobinson
    ac = 11.211270637768742
    b = 0.06050995248541624
    k = 0.7351805050251956
/

&pure
    a = 1.226
    acentric_factor = 0.244212
    b = 0.25932
    c = 379.15
    d = 0.30738
    pc = 40.53
    tc = 379.15
    vc = 0.212
    vc_rat = 1.168
/

&rkpr
    ac = 10.898045536657627
    b = 0.06339539793454373
    del1 = 1.8494861654298076
    k = 2.2705932527774983
/

&soaveredlichkwong
    ac = 10.481680200624568
    b = 0.06738904930056357
    k = 0.8539527753348001
/
