&names
    formula_extended = 'SO2(OH)Cl'
    iupac = 'Chlorosulfonic Acid'
/

&pengrobinson
    ac = 18.221598535650024
    b = 0.05326862290925504
    k = 0.8143390085864243
/

&pure
    a = 1.4605
    acentric_factor = 0.300952
    b = 0.2852
    c = 700.0
    d = 0.28571
    pc = 85.0
    tc = 700.0
    vc = 0.195
    vc_rat = 1.168
/

&rkpr
    ac = 17.067000600084736
    b = 0.0591587770945768
    del1 = 1.0476166075791489
    k = 2.7002745070473866
/

&soaveredlichkwong
    ac = 17.035800380327252
    b = 0.05932448643502228
    k = 0.9378483293968
/
