&names
    formula_extended = 'CHClF2'
    iupac = 'Chlorodifluoromethane'
/

&pengrobinson
    ac = 8.67209789456997
    b = 0.048053818071470834
    k = 0.69980387486965
/

&pure
    a = 1.5963
    acentric_factor = 0.219249
    b = 0.26566
    c = 369.3
    d = 0.28449
    pc = 49.71
    tc = 369.3
    vc = 0.166
    vc_rat = 1.168
/

&rkpr
    ac = 8.527797011635382
    b = 0.04940906908431497
    del1 = 2.0797169728289497
    k = 2.1086708895500266
/

&soaveredlichkwong
    ac = 8.10774797400507
    b = 0.05351683453856847
    k = 0.816685654299825
/
