&names
    formula_extended = 'CH2ClCOOH'
    iupac = 'Chloroacetic Acid'
/

&pengrobinson
    ac = 25.735328284762183
    b = 0.07676948595745581
    k = 1.1442973575330548
/

&pure
    a = 1.1032
    acentric_factor = 0.546101
    b = 0.24382
    c = 686.0
    d = 0.28584
    pc = 57.8
    tc = 686.0
    vc = 0.221
    vc_rat = 1.168
/

&rkpr
    ac = 28.940052265858508
    b = 0.06188261986942862
    del1 = 5.105030942984846
    k = 2.4962935547614196
/

&soaveredlichkwong
    ac = 24.06056277245043
    b = 0.08549705397988505
    k = 1.287373371114825
/
