&names
    formula_extended = 'ClCH2COCl'
    iupac = 'Chloroacetyl Chloride'
/

&pengrobinson
    ac = 20.880489914927413
    b = 0.07354405765651553
    k = 0.8867396150248941
/

&pure
    a = 1.0578
    acentric_factor = 0.353974
    b = 0.25676
    c = 581.0
    d = 0.28571
    pc = 51.1
    tc = 581.0
    vc = 0.245
    vc_rat = 1.168
/

&rkpr
    ac = 21.135012846184193
    b = 0.072051266834145
    del1 = 2.658987838278123
    k = 2.463919791321641
/

&soaveredlichkwong
    ac = 19.52166037124526
    b = 0.08190494164365601
    k = 1.0152279972817
/
