&names
    formula_extended = 'CH2ClCHO'
    iupac = 'Chloroacetaldehyde'
/

&pengrobinson
    ac = 18.130968363934397
    b = 0.0668514840581034
    k = 0.8537849824156243
/

&pure
    a = 1.1637
    acentric_factor = 0.329702
    b = 0.23552
    c = 555.0
    d = 0.28571
    pc = 53.7
    tc = 555.0
    vc = 0.201
    vc_rat = 1.168
/

&rkpr
    ac = 19.79405380143045
    b = 0.05711650429186454
    del1 = 4.339404415920914
    k = 1.9400981972072067
/

&soaveredlichkwong
    ac = 16.951068104464547
    b = 0.07445152028657025
    k = 0.9799278514593
/
