&names
    formula_extended = 'CH2CHCClCH2'
    iupac = 'Chloroprene'
/

&pengrobinson
    ac = 20.451177933938187
    b = 0.07971536879025844
    k = 0.6686072867653919
/

&pure
    a = 0.95722
    acentric_factor = 0.19743
    b = 0.25962
    c = 525.0
    d = 0.27655
    pc = 42.6
    tc = 525.0
    vc = 0.273
    vc_rat = 1.168
/

&rkpr
    ac = 20.252128478639246
    b = 0.08102479973528114
    del1 = 2.218890148604141
    k = 1.984092715371321
/

&soaveredlichkwong
    ac = 19.120286518413067
    b = 0.08877784061579037
    k = 0.7839335641424999
/
