&names
    formula_extended = 'CClF3'
    iupac = 'Chlorotrifluoromethane'
/

&pengrobinson
    ac = 7.449244697139752
    b = 0.05047639535181163
    k = 0.6314334761414996
/

&pure
    a = 1.4973
    acentric_factor = 0.171662
    b = 0.27237
    c = 302.0
    d = 0.28569
    pc = 38.7
    tc = 302.0
    vc = 0.180276
    vc_rat = 1.168
/

&rkpr
    ac = 7.12601542916871
    b = 0.054250817063664795
    del1 = 1.5234065344136356
    k = 2.0637396266962154
/

&soaveredlichkwong
    ac = 6.964473802690829
    b = 0.05621482343252203
    k = 0.7450391156073
/
