&names
    formula_extended = 'Cl2'
    iupac = 'Chlorine'
/

&pengrobinson
    ac = 7.134104020141243
    b = 0.034996952269050176
    k = 0.47949738146265286
/

&pure
    a = 2.23
    acentric_factor = 0.0688183
    b = 0.27645
    c = 417.15
    d = 0.2926
    pc = 77.1
    tc = 417.15
    vc = 0.124
    vc_rat = 1.168
/

&rkpr
    ac = 6.87033113482921
    b = 0.03721793563966902
    del1 = 1.6611115488402146
    k = 1.5987163561885671
/

&soaveredlichkwong
    ac = 6.669841383116656
    b = 0.038975594013181604
    k = 0.5874912114773942
/
