&names
    formula_extended = 'CClF2CF3'
    iupac = 'Chloropentafluoroethane'
/

&pengrobinson
    ac = 12.486857594201094
    b = 0.0723564055085882
    k = 0.7453229759860954
/

&pure
    a = 1.1128
    acentric_factor = 0.251413
    b = 0.27998
    c = 353.15
    d = 0.29291
    pc = 31.57
    tc = 353.15
    vc = 0.252
    vc_rat = 1.168
/

&rkpr
    ac = 12.197586003710065
    b = 0.07520892860925679
    del1 = 1.9472576836871018
    k = 2.272203974661687
/

&soaveredlichkwong
    ac = 11.674256401610197
    b = 0.08058227081247521
    k = 0.864662575100425
/
