&names
    formula_extended = 'CHCl3'
    iupac = 'Chloroform'
/

&pengrobinson
    ac = 16.620373117820844
    b = 0.06340668319038677
    k = 0.7035795834067283
/

&pure
    a = 1.0841
    acentric_factor = 0.221902
    b = 0.2581
    c = 536.4
    d = 0.2741
    pc = 54.72
    tc = 536.4
    vc = 0.239
    vc_rat = 1.168
/

&rkpr
    ac = 15.33502859154735
    b = 0.07203977881946265
    del1 = 0.41421356237309515
    k = 2.463060035045756
/

&soaveredlichkwong
    ac = 15.538777134607342
    b = 0.0706150959304095
    k = 0.8206566609193
/
