&names
    formula_extended = 'ClCH2F'
    iupac = 'Chlorofluoromethane'
/

&pengrobinson
    ac = 10.254836820014354
    b = 0.049145517755246865
    k = 0.6877697831775477
/

&pure
    a = 1.5898
    acentric_factor = 0.210811
    b = 0.24456
    c = 427.0
    d = 0.30369
    pc = 56.2
    tc = 427.0
    vc = 0.154
    vc_rat = 1.168
/

&rkpr
    ac = 10.870335309039362
    b = 0.0443734952952182
    del1 = 3.6451495342393665
    k = 1.6678485494218211
/

&soaveredlichkwong
    ac = 9.587487763864422
    b = 0.054732644513450265
    k = 0.8040392903988249
/
