&names
    formula_extended = 'Polyring compound, see refs. 1115, 633'
    iupac = 'Chrysene'
/

&pengrobinson
    ac = 126.75841562454875
    b = 0.2649580666702725
    k = 1.2189939709882667
/

&pure
    a = 0.29362
    acentric_factor = 0.603008
    b = 0.22
    c = 979.0
    d = 0.28571
    pc = 23.9
    tc = 979.0
    vc = 0.749
    vc_rat = 1.168
/

&rkpr
    ac = 144.26071304469625
    b = 0.20843636442170776
    del1 = 5.437750042979466
    k = 2.601621242241698
/

&soaveredlichkwong
    ac = 118.50941951560966
    b = 0.29507992460791266
    k = 1.3655013285888
/
