&names
    formula_extended = 'C6H5CHCHCO2H'
    iupac = 'Cinnamic Acid'
/

&pengrobinson
    ac = 56.718234040107
    b = 0.1456288482238694
    k = 1.359711965544283
/

&pure
    a = 0.58525
    acentric_factor = 0.712052
    b = 0.25224
    c = 797.0
    d = 0.27352
    pc = 35.4
    tc = 797.0
    vc = 0.431
    vc_rat = 1.168
/

&rkpr
    ac = 62.59996559832764
    b = 0.12182258042148372
    del1 = 4.612797153741331
    k = 3.1351313409849935
/

&soaveredlichkwong
    ac = 53.02720895433646
    b = 0.16218471886765878
    k = 1.5120416891268
/
