&names
    formula_extended = 'CH3CHCHCHCHCH3'
    iupac = 'Cis,Trans-2,4-Hexadiene'
/

&pengrobinson
    ac = 27.310463061649603
    b = 0.10387949363071358
    k = 0.778860289712745
/

&pure
    a = 0.784
    acentric_factor = 0.275367
    b = 0.2602
    c = 538.0
    d = 0.2891
    pc = 33.5
    tc = 538.0
    vc = 0.331
    vc_rat = 1.168
/

&rkpr
    ac = 28.59559642227991
    b = 0.0959097201605113
    del1 = 3.3719152018303573
    k = 1.9790971652007943
/

&soaveredlichkwong
    ac = 25.533193265250837
    b = 0.11568907312040805
    k = 0.900157935679425
/
