&names
    formula_extended = 'CH2(CH)3CH3'
    iupac = 'Cis-1,3-Pentadiene'
/

&pengrobinson
    ac = 21.044509540702187
    b = 0.0863020871159684
    k = 0.595512204195652
/

&pure
    a = 0.90145
    acentric_factor = 0.146995
    b = 0.25594
    c = 499.0
    d = 0.2857
    pc = 37.4
    tc = 499.0
    vc = 0.276
    vc_rat = 1.168
/

&rkpr
    ac = 21.97484623791097
    b = 0.08007099957997062
    del1 = 3.31258036128122
    k = 1.502103572275065
/

&soaveredlichkwong
    ac = 19.675006171158937
    b = 0.09611337250349389
    k = 0.707588812245625
/
