&names
    formula_extended = 'HOCH2CHCHCH2OH'
    iupac = 'Cis-2-Butene-1,4-Diol'
/

&pengrobinson
    ac = 27.942506695731883
    b = 0.08433710819396617
    k = 1.92459358035257
/

&pure
    a = 0.84912
    acentric_factor = 1.17501
    b = 0.23696
    c = 678.0
    d = 0.28571
    pc = 52.0
    tc = 678.0
    vc = 0.279
    vc_rat = 1.168
/

&rkpr
    ac = 28.437038325053685
    b = 0.08185994057051466
    del1 = 2.770057653515299
    k = 4.9686624145100176
/

&soaveredlichkwong
    ac = 26.124105701435635
    b = 0.09392500421017401
    k = 2.0878522524825005
/
