&names
    formula_extended = 'CH3CHCHCH2CH3'
    iupac = 'Cis-2-Pentene'
/

&pengrobinson
    ac = 19.32725482089006
    b = 0.0832644463786749
    k = 0.748664789842128
/

&pure
    a = 0.89072
    acentric_factor = 0.25379
    b = 0.26007
    c = 475.0
    d = 0.30613
    pc = 36.9
    tc = 475.0
    vc = 0.292
    vc_rat = 1.168
/

&rkpr
    ac = 18.77249021114827
    b = 0.0873456550945211
    del1 = 1.8337139505470001
    k = 2.3127910887162386
/

&soaveredlichkwong
    ac = 18.069504406225523
    b = 0.09273039643105013
    k = 0.8681938212825
/
