&names
    formula_extended = '(C6H5)CHCH(C6H5)'
    iupac = 'Cis-Stilbene'
/

&pengrobinson
    ac = 70.90728913376454
    b = 0.18507930295478398
    k = 1.0473451522611548
/

&pure
    a = 0.42034
    acentric_factor = 0.475803
    b = 0.25063
    c = 784.0
    d = 0.28571
    pc = 27.4
    tc = 784.0
    vc = 0.596
    vc_rat = 1.168
/

&rkpr
    ac = 73.65999515650972
    b = 0.17330655914181198
    del1 = 3.2009930823649304
    k = 2.74753024092143
/

&soaveredlichkwong
    ac = 66.29288977197128
    b = 0.20612011345307013
    k = 1.189295935408425
/
