&names
    formula_extended = 'CH3CHCH(CH2)3CH3'
    iupac = 'Cis-2-Heptene'
/

&pengrobinson
    ac = 33.54560805696274
    b = 0.12503924990243395
    k = 0.8049466947227373
/

&pure
    a = 0.58649
    acentric_factor = 0.294154
    b = 0.24867
    c = 549.0
    d = 0.28858
    pc = 28.4
    tc = 549.0
    vc = 0.424
    vc_rat = 1.168
/

&rkpr
    ac = 33.48340272965136
    b = 0.1254286836939324
    del1 = 2.377026190379175
    k = 2.318281522853159
/

&soaveredlichkwong
    ac = 31.36257674523112
    b = 0.13925438428019693
    k = 0.9278562452497
/
