&names
    formula_extended = 'CH3CHCH(CH2)2CH3'
    iupac = 'Cis-2-Hexene'
/

&pengrobinson
    ac = 26.324308223160738
    b = 0.10500806066718203
    k = 0.7744231028331879
/

&pure
    a = 0.71382
    acentric_factor = 0.272185
    b = 0.25626
    c = 513.0
    d = 0.27838
    pc = 31.6
    tc = 513.0
    vc = 0.359
    vc_rat = 1.168
/

&rkpr
    ac = 26.104248644980007
    b = 0.10648831657283565
    del1 = 2.2464864280945287
    k = 2.270258837447903
/

&soaveredlichkwong
    ac = 24.61121394824846
    b = 0.11694594172690535
    k = 0.895454372010625
/
