&names
    formula_extended = 'NCCHCHCH2CH2CN'
    iupac = 'Cis-Dicyano-1-Butene'
/

&pengrobinson
    ac = 67.89119281286588
    b = 0.17453535235061482
    k = 1.2980102072058404
/

&pure
    a = 0.57958
    acentric_factor = 0.66394
    b = 0.2272
    c = 796.0
    d = 0.28571
    pc = 29.5
    tc = 796.0
    vc = 0.392
    vc_rat = 1.168
/

&rkpr
    ac = 88.26513824758726
    b = 0.10074556884681919
    del1 = 10.460408762837632
    k = 1.9255452399931658
/

&soaveredlichkwong
    ac = 63.473070492661485
    b = 0.19437746983988413
    k = 1.44789870337
/
