&names
    formula_extended = '-CH2CH(CH3)CH2CH(CH3)CH2-'
    iupac = 'Cis-1,3-Dimethylcyclopentane'
/

&pengrobinson
    ac = 27.856291024961347
    b = 0.10345577250487083
    k = 0.7773172372318079
/

&pure
    a = 0.77614
    acentric_factor = 0.27426
    b = 0.27941
    c = 551.0
    d = 0.31401
    pc = 34.45
    tc = 551.0
    vc = 0.36
    vc_rat = 1.168
/

&rkpr
    ac = 27.230271833650445
    b = 0.10741064361581588
    del1 = 1.9613809851601052
    k = 2.3578562778248213
/

&soaveredlichkwong
    ac = 26.04350064617502
    b = 0.11521718109824873
    k = 0.89852199417
/
