&names
    formula_extended = 'CH3CH2CHCHCH2CH2CH3'
    iupac = 'Cis-3-Heptene'
/

&pengrobinson
    ac = 33.0585639500843
    b = 0.12412821711625956
    k = 0.8059952052761394
/

&pure
    a = 0.60442
    acentric_factor = 0.294912
    b = 0.25446
    c = 545.0
    d = 0.27941
    pc = 28.4
    tc = 545.0
    vc = 0.421
    vc_rat = 1.168
/

&rkpr
    ac = 32.99169433630562
    b = 0.12454996758931104
    del1 = 2.373648724174162
    k = 2.322125269614042
/

&soaveredlichkwong
    ac = 30.907227772144996
    b = 0.13823978038744503
    k = 0.9289711976448
/
