&names
    formula_extended = '-CH(CH3)CH2CH2CH(CH3)(CH2)2-'
    iupac = 'Cis-1,4-Dimethylcyclohexane'
/

&pengrobinson
    ac = 38.48701103803367
    b = 0.13167008414209175
    k = 0.716697311563968
/

&pure
    a = 0.53329
    acentric_factor = 0.23114
    b = 0.24531
    c = 598.15
    d = 0.27709
    pc = 29.3843
    tc = 598.15
    vc = 0.46
    vc_rat = 1.168
/

&rkpr
    ac = 37.49975674266079
    b = 0.13742674063899715
    del1 = 1.896452469601242
    k = 2.2058979406574246
/

&soaveredlichkwong
    ac = 35.98241043433261
    b = 0.1466390474161969
    k = 0.8344648625700001
/
