&names
    formula_extended = 'CH3CHC(C6H5)CH3'
    iupac = 'Cis-2-Phenylbutene-2'
/

&pengrobinson
    ac = 49.27469751818309
    b = 0.14720292211159824
    k = 0.8899997681056435
/

&pure
    a = 0.5285
    acentric_factor = 0.356388
    b = 0.24825
    c = 685.0
    d = 0.28571
    pc = 30.1
    tc = 685.0
    vc = 0.47
    vc_rat = 1.168
/

&rkpr
    ac = 51.51542567921851
    b = 0.1362786643695423
    del1 = 3.338926596398628
    k = 2.2860184300701483
/

&soaveredlichkwong
    ac = 46.06807185870361
    b = 0.16393774194016003
    k = 1.0187275408548
/
