&names
    formula_extended = 'HO(C6H10)CH3'
    iupac = 'Cis-3-Methylcyclohexanol'
/

&pengrobinson
    ac = 32.57842948031903
    b = 0.10666775695643327
    k = 1.3369862812529014
/

&pure
    a = 0.72553
    acentric_factor = 0.694277
    b = 0.27135
    c = 625.0
    d = 0.27186
    pc = 37.9
    tc = 625.0
    vc = 0.374
    vc_rat = 1.168
/

&rkpr
    ac = 31.64841250451668
    b = 0.11186702578353347
    del1 = 1.8369461931963413
    k = 3.900498024989688
/

&soaveredlichkwong
    ac = 30.458338781059357
    b = 0.11879432121600297
    k = 1.488438401272425
/
