&names
    formula_extended = 'CH3CHCHCN'
    iupac = 'Cis-Crotonitrile'
/

&pengrobinson
    ac = 26.28295947333642
    b = 0.09469105721866104
    k = 0.9199956791766645
/

&pure
    a = 0.8866
    acentric_factor = 0.378709
    b = 0.23495
    c = 568.0
    d = 0.28223
    pc = 38.8
    tc = 568.0
    vc = 0.265
    vc_rat = 1.168
/

&rkpr
    ac = 30.107759871610476
    b = 0.07349368260109594
    del1 = 5.6251247645419244
    k = 1.8300557671236797
/

&soaveredlichkwong
    ac = 24.5725560310188
    b = 0.10545604584252119
    k = 1.050989377330825
/
