&names
    formula_extended = 'CH3(CH2)2CHCH(CH2)2CH3'
    iupac = 'Cis-4-Octene'
/

&pengrobinson
    ac = 39.373699906002045
    b = 0.14185378455922967
    k = 0.928936267658194
/

&pure
    a = 0.57347
    acentric_factor = 0.385401
    b = 0.26437
    c = 568.0
    d = 0.27981
    pc = 25.9
    tc = 568.0
    vc = 0.461
    vc_rat = 1.168
/

&rkpr
    ac = 40.62070842670869
    b = 0.1344606133314923
    del1 = 3.0540437604338977
    k = 2.4683317706745846
/

&soaveredlichkwong
    ac = 36.81139667967295
    b = 0.15798048566369968
    k = 1.060627736109825
/
