&names
    formula_extended = 'CH3CHCHCOOH'
    iupac = 'Cis-Crotonic Acid'
/

&pengrobinson
    ac = 28.15269809031017
    b = 0.08904279382658
    k = 1.178769324704338
/

&pure
    a = 0.9232
    acentric_factor = 0.57228
    b = 0.24926
    c = 647.0
    d = 0.28571
    pc = 47.0
    tc = 647.0
    vc = 0.27
    vc_rat = 1.168
/

&rkpr
    ac = 30.55320546023938
    b = 0.0769431393283944
    del1 = 4.194641888498066
    k = 2.8029350108828055
/

&soaveredlichkwong
    ac = 26.320618572284626
    b = 0.09916565749222037
    k = 1.32345545028
/
