&names
    formula_extended = '-CH(CH3)CH2CH(CH3)(CH2)3-'
    iupac = 'Cis-1,3-Dimethylcyclohexane'
/

&pengrobinson
    ac = 37.591474253925874
    b = 0.13012918204563664
    k = 0.7243891060052147
/

&pure
    a = 0.5685
    acentric_factor = 0.236572
    b = 0.25583
    c = 591.15
    d = 0.28393
    pc = 29.3843
    tc = 591.15
    vc = 0.45
    vc_rat = 1.168
/

&rkpr
    ac = 36.934313526522324
    b = 0.1339868938026867
    del1 = 2.0626914300893433
    k = 2.1819212643251005
/

&soaveredlichkwong
    ac = 35.145152064412294
    b = 0.14492296728259602
    k = 0.8425702235428
/
