&names
    formula_extended = 'CHClCHCl'
    iupac = 'Cis-1,2-Dichloroethylene'
/

&pengrobinson
    ac = 18.023526155515732
    b = 0.06779909505433399
    k = 0.577727436564708
/

&pure
    a = 1.1314
    acentric_factor = 0.134865
    b = 0.25341
    c = 544.0
    d = 0.30129
    pc = 51.9
    tc = 544.0
    vc = 0.224
    vc_rat = 1.168
/

&rkpr
    ac = 18.36086120957731
    b = 0.06569442209251537
    del1 = 2.7906332293764637
    k = 1.5838395486855164
/

&soaveredlichkwong
    ac = 16.850617860680458
    b = 0.07550686079701156
    k = 0.689094510560625
/
