&names
    formula_extended = 'CH3(CH2)3CHCHCH2CH3'
    iupac = 'Cis-3-Octene'
/

&pengrobinson
    ac = 39.51246173647072
    b = 0.14210352713767901
    k = 0.9217143292654828
/

&pure
    a = 0.57308
    acentric_factor = 0.379994
    b = 0.26419
    c = 569.0
    d = 0.28123
    pc = 25.9
    tc = 569.0
    vc = 0.461
    vc_rat = 1.168
/

&rkpr
    ac = 40.81827681221589
    b = 0.13438174736639616
    del1 = 3.082249305465359
    k = 2.4409928075644647
/

&soaveredlichkwong
    ac = 36.94112837361013
    b = 0.15825862032155832
    k = 1.0528413539937
/
