&names
    formula_extended = 'CH3CHCHCH3'
    iupac = 'Cis-2-Butene'
/

&pengrobinson
    ac = 14.2397886161247
    b = 0.06691113839644888
    k = 0.6749864151210203
/

&pure
    a = 1.1591
    acentric_factor = 0.201877
    b = 0.27085
    c = 435.5
    d = 0.28116
    pc = 42.1
    tc = 435.5
    vc = 0.234
    vc_rat = 1.168
/

&rkpr
    ac = 13.86277109533725
    b = 0.06993211137788502
    del1 = 1.8795407624413278
    k = 2.0934270504830175
/

&soaveredlichkwong
    ac = 13.313112779196848
    b = 0.07451795645091405
    k = 0.790622391452425
/
