&names
    formula_extended = 'HO(C6H10)CH3'
    iupac = 'Cis-2-Methylcyclohexanol'
/

&pengrobinson
    ac = 31.441760256927626
    b = 0.10479040443400005
    k = 1.31930291875872
/

&pure
    a = 0.70973
    acentric_factor = 0.68049
    b = 0.26544
    c = 614.0
    d = 0.26016
    pc = 37.9
    tc = 614.0
    vc = 0.374
    vc_rat = 1.168
/

&rkpr
    ac = 30.094967777066962
    b = 0.11252304816461993
    del1 = 1.5355157724290351
    k = 3.949200218625282
/

&soaveredlichkwong
    ac = 29.395640030986893
    b = 0.11670354116260132
    k = 1.4700545979825002
/
