&names
    formula_extended = '(CH2)4CHCH(CH2)4'
    iupac = 'Cis-Decahydronaphthalene'
/

&pengrobinson
    ac = 48.90024137343386
    b = 0.14222246704066552
    k = 0.7840045865986677
/

&pure
    a = 0.5533
    acentric_factor = 0.279061
    b = 0.26543
    c = 703.6
    d = 0.2876
    pc = 32.0
    tc = 703.6
    vc = 0.48
    vc_rat = 1.168
/

&rkpr
    ac = 48.99244568095053
    b = 0.14177309274214414
    del1 = 2.4520289059362144
    k = 2.239567884422373
/

&soaveredlichkwong
    ac = 45.71798401538656
    b = 0.1583910819523635
    k = 0.905613881698825
/
