&names
    formula_extended = '(C6H5)(CHCHCH3)'
    iupac = 'Cis-1-Propenylbenzene'
/

&pengrobinson
    ac = 42.356013935533056
    b = 0.12917414573254088
    k = 0.8692904003795419
/

&pure
    a = 0.6226
    acentric_factor = 0.341093
    b = 0.2534
    c = 671.0
    d = 0.32177
    pc = 33.6
    tc = 671.0
    vc = 0.407
    vc_rat = 1.168
/

&rkpr
    ac = 44.718477183351126
    b = 0.11748858695920943
    del1 = 3.555098476882213
    k = 2.173936392475815
/

&soaveredlichkwong
    ac = 39.599632101452166
    b = 0.1438593573053357
    k = 0.996520105936425
/
