&names
    formula_extended = '-CH(CH3)CH(CH3)(CH2)3-'
    iupac = 'Cis-1,2-Dimethylcyclopentane'
/

&pengrobinson
    ac = 29.304968169109497
    b = 0.10611103675290082
    k = 0.7661225595435739
/

&pure
    a = 0.73316
    acentric_factor = 0.266243
    b = 0.2698
    c = 565.15
    d = 0.28571
    pc = 34.4505
    tc = 565.15
    vc = 0.37
    vc_rat = 1.168
/

&rkpr
    ac = 28.598108659564144
    b = 0.11046925297524668
    del1 = 1.9277703700515894
    k = 2.335846952504182
/

&soaveredlichkwong
    ac = 27.397902928442736
    b = 0.11817431006574615
    k = 0.8866615483664251
/
