&names
    formula_extended = 'CH3CHCH(CH2)6CH3'
    iupac = 'Cis-2-Decene'
/

&pengrobinson
    ac = 55.91599100125089
    b = 0.18425847052850772
    k = 1.0465378130337
/

&pure
    a = 0.42221
    acentric_factor = 0.475175
    b = 0.241
    c = 621.0
    d = 0.28571
    pc = 21.8
    tc = 621.0
    vc = 0.571
    vc_rat = 1.168
/

&rkpr
    ac = 59.75162109235478
    b = 0.16391505773952061
    del1 = 3.829052711331002
    k = 2.574532765056218
/

&soaveredlichkwong
    ac = 52.277173097728095
    b = 0.20520596438221828
    k = 1.188411975890625
/
