&names
    formula_extended = '-CH(CH3)CH(CH3)(CH2)4-'
    iupac = 'Cis-1,2-Dimethylcyclohexane'
/

&pengrobinson
    ac = 39.52339013171523
    b = 0.1334311151094691
    k = 0.7185438315326299
/

&pure
    a = 0.52953
    acentric_factor = 0.232443
    b = 0.24358
    c = 606.15
    d = 0.26809
    pc = 29.3843
    tc = 606.15
    vc = 0.46
    vc_rat = 1.168
/

&rkpr
    ac = 38.929656617510744
    b = 0.13682508509335697
    del1 = 2.1123792622980173
    k = 2.1519856598971927
/

&soaveredlichkwong
    ac = 36.95134558696266
    b = 0.14860028185459798
    k = 0.836410076056425
/
