&names
    formula_extended = 'CH3(CH2)4CHCHCH3'
    iupac = 'Cis-2-Octene'
/

&pengrobinson
    ac = 39.93021173268379
    b = 0.14285275487302707
    k = 0.9336439805995699
/

&pure
    a = 0.55913
    acentric_factor = 0.388932
    b = 0.25776
    c = 572.0
    d = 0.30292
    pc = 25.9
    tc = 572.0
    vc = 0.461
    vc_rat = 1.168
/

&rkpr
    ac = 41.414015594867664
    b = 0.13414613202046125
    del1 = 3.1667371062034704
    k = 2.4500414722054282
/

&soaveredlichkwong
    ac = 37.33169265535768
    b = 0.1590930242951342
    k = 1.0657070503908
/
