&names
    formula_extended = 'HO(C6H10)CH3'
    iupac = 'Cis-4-Methylcyclohexanol'
/

&pengrobinson
    ac = 32.2664271643232
    b = 0.10615575172304238
    k = 1.328945307596998
/

&pure
    a = 0.73285
    acentric_factor = 0.688003
    b = 0.26991
    c = 622.0
    d = 0.28571
    pc = 37.9
    tc = 622.0
    vc = 0.374
    vc_rat = 1.168
/

&rkpr
    ac = 31.220634625528618
    b = 0.11204458393707849
    del1 = 1.7568720380008551
    k = 3.9053012530451845
/

&soaveredlichkwong
    ac = 30.166640488886706
    b = 0.11822410847416615
    k = 1.4800807995984249
/
