&names
    formula_extended = 'HO2CCH2C(OH)(CO2H)CH2CO2H'
    iupac = 'Citric Acid'
/

&pengrobinson
    ac = 56.2353534644969
    b = 0.1399976183330506
    k = 2.6648588966335023
/

&pure
    a = 0.5557
    acentric_factor = 1.84535
    b = 0.23915
    c = 822.0
    d = 0.2857
    pc = 37.979
    tc = 822.0
    vc = 0.41968
    vc_rat = 1.168
/

&rkpr
    ac = 61.520392533896214
    b = 0.11913777381258933
    del1 = 4.390370420592316
    k = 5.801367612944603
/

&soaveredlichkwong
    ac = 52.575752564407956
    b = 0.15591330047864824
    k = 2.7886504910625
/
