&names
    formula_extended = 'CH3(COOH)CCH(COOH)'
    iupac = 'Citraconic Acid'
/

&pengrobinson
    ac = 51.23332286943042
    b = 0.12646811028641028
    k = 1.628092117293068
/

&pure
    a = 0.61515
    acentric_factor = 0.926873
    b = 0.21484
    c = 829.0
    d = 0.2857
    pc = 42.4
    tc = 829.0
    vc = 0.34
    vc_rat = 1.168
/

&rkpr
    ac = 60.19609361614313
    b = 0.09300849272052485
    del1 = 6.398899209846487
    k = 3.3313123335969164
/

&soaveredlichkwong
    ac = 47.89923669522532
    b = 0.14084568519689505
    k = 1.788556729327425
/
