&names
    formula_extended = '(C6H5)CH(CH3)2'
    iupac = 'Cumene'
/

&pengrobinson
    ac = 39.219163006913
    b = 0.1271897159657167
    k = 0.8506511871493868
/

&pure
    a = 0.58711
    acentric_factor = 0.327406
    b = 0.25583
    c = 631.0
    d = 0.28498
    pc = 32.09
    tc = 631.0
    vc = 0.434
    vc_rat = 1.168
/

&rkpr
    ac = 38.95127145555318
    b = 0.12865335914272372
    del1 = 2.2771890398167667
    k = 2.472963190131882
/

&soaveredlichkwong
    ac = 36.666916503626645
    b = 0.14164932689054976
    k = 0.9765779734537
/
