&names
    formula_extended = '(C6H5)C(CH3)2OOH'
    iupac = 'Cumene Hydroperoxide'
/

&pengrobinson
    ac = 34.63965852016135
    b = 0.11716590817401375
    k = 1.7108812272917502
/

&pure
    a = 0.664
    acentric_factor = 0.995
    b = 0.278
    c = 605.0
    d = 0.286
    pc = 33.4
    tc = 605.0
    vc = 0.419
    vc_rat = 1.168
/

&rkpr
    ac = 33.100362705562
    b = 0.12614427874574693
    del1 = 1.5005275441512458
    k = 4.923273865503801
/

&soaveredlichkwong
    ac = 32.38543021555598
    b = 0.13048595872202826
    k = 1.8728756249999998
/
