&names
    formula_extended = 'ClCN'
    iupac = 'Cyanogen Chloride'
/

&pengrobinson
    ac = 10.638372162542142
    b = 0.048485499483227265
    k = 0.8434173324053996
/

&pure
    a = 1.4095
    acentric_factor = 0.322114
    b = 0.22974
    c = 449.0
    d = 0.2386
    pc = 59.9
    tc = 449.0
    vc = 0.163
    vc_rat = 1.168
/

&rkpr
    ac = 10.691383763140317
    b = 0.04808140391081206
    del1 = 2.514171695154613
    k = 2.385826941607039
/

&soaveredlichkwong
    ac = 9.9460639623972
    b = 0.05399759181475377
    k = 0.9688498859257001
/
