&names
    formula_extended = 'NCCN'
    iupac = 'Cyanogen'
/

&pengrobinson
    ac = 8.463573654996628
    b = 0.04328266492729968
    k = 0.7839280471381229
/

&pure
    a = 1.0743
    acentric_factor = 0.279006
    b = 0.20948
    c = 400.15
    d = 0.20724
    pc = 59.8
    tc = 400.15
    vc = 0.195
    vc_rat = 1.168
/

&rkpr
    ac = 7.8090391272189015
    b = 0.04917578796413563
    del1 = 0.41421356237309515
    k = 2.6958549123628766
/

&soaveredlichkwong
    ac = 7.912793765521064
    b = 0.04820327104617306
    k = 0.9055326830937
/
