&names
    formula_extended = '(C6H11)OOH'
    iupac = 'Cyclohexyl Peroxide'
/

&pengrobinson
    ac = 35.229653094948006
    b = 0.10524484455009755
    k = 1.416906749539497
/

&pure
    a = 0.7392
    acentric_factor = 0.757071
    b = 0.2632
    c = 685.0
    d = 0.2857
    pc = 42.1
    tc = 685.0
    vc = 0.356
    vc_rat = 1.168
/

&rkpr
    ac = 35.23325986490618
    b = 0.10522676926326892
    del1 = 2.416266679150109
    k = 3.914324059799365
/

&soaveredlichkwong
    ac = 32.93702999874059
    b = 0.11720964447503128
    k = 1.5713273666678251
/
