&names
    formula_extended = '(C6H11)NH2'
    iupac = 'Cyclohexylamine'
/

&pengrobinson
    ac = 28.464939213917866
    b = 0.09471487287691523
    k = 0.89537874685739
/

&pure
    a = 0.70886
    acentric_factor = 0.360376
    b = 0.25517
    c = 615.0
    d = 0.2707
    pc = 42.0
    tc = 615.0
    vc = 0.36
    vc_rat = 1.168
/

&rkpr
    ac = 26.263589487894734
    b = 0.10761071466991641
    del1 = 0.41421356237309515
    k = 3.0182877369913266
/

&soaveredlichkwong
    ac = 26.612540131301678
    b = 0.10548256899288401
    k = 1.0245044232591998
/
