&names
    formula_extended = '(C6H10)NOH'
    iupac = 'Cyclohexanone Oxime'
/

&pengrobinson
    ac = 34.45470695217585
    b = 0.0986110434757836
    k = 1.0295616583340852
/

&pure
    a = 0.78892
    acentric_factor = 0.462008
    b = 0.291
    c = 715.0
    d = 0.28571
    pc = 46.9
    tc = 715.0
    vc = 0.369
    vc_rat = 1.168
/

&rkpr
    ac = 31.790135665394587
    b = 0.11203736583762686
    del1 = 0.41421356237309515
    k = 3.4056805199858813
/

&soaveredlichkwong
    ac = 32.21251465131144
    b = 0.10982167721865609
    k = 1.1698465983888
/
