&names
    formula_extended = '-(CH2)5-'
    iupac = 'Cyclopentane'
/

&pengrobinson
    ac = 18.351163797876296
    b = 0.07338904400147588
    k = 0.6649359268235501
/

&pure
    a = 1.0897
    acentric_factor = 0.194874
    b = 0.28356
    c = 511.7
    d = 0.25142
    pc = 45.1
    tc = 511.7
    vc = 0.26
    vc_rat = 1.168
/

&rkpr
    ac = 17.674335200100405
    b = 0.07803468812346288
    del1 = 1.663046455438952
    k = 2.1226397199888782
/

&soaveredlichkwong
    ac = 17.156933986645775
    b = 0.08173230520266318
    k = 0.7800858977217
/
