&names
    formula_extended = '-CH2CO(CH2)2CH2-'
    iupac = 'Cyclopentanone'
/

&pengrobinson
    ac = 26.79886329484326
    b = 0.08781464830995439
    k = 0.7959330663992987
/

&pure
    a = 1.0649
    acentric_factor = 0.287647
    b = 0.27474
    c = 624.5
    d = 0.30013
    pc = 46.0
    tc = 624.5
    vc = 0.258
    vc_rat = 1.168
/

&rkpr
    ac = 29.72597735416806
    b = 0.07274371905440855
    del1 = 4.741228071490753
    k = 1.6988651166132334
/

&soaveredlichkwong
    ac = 25.05488662904199
    b = 0.09779788978841832
    k = 0.918276738593425
/
