&names
    formula_extended = '-CH(OH)(CH2)4CH2-'
    iupac = 'Cyclohexanol'
/

&pengrobinson
    ac = 31.35884457045651
    b = 0.09871040238199431
    k = 0.9070444860586268
/

&pure
    a = 0.8243
    acentric_factor = 0.369047
    b = 0.26545
    c = 650.1
    d = 0.28495
    pc = 42.6
    tc = 650.1
    vc = 0.322
    vc_rat = 1.168
/

&rkpr
    ac = 32.25961792140714
    b = 0.09403607024218433
    del1 = 2.993838858316727
    k = 2.425631322039652
/

&soaveredlichkwong
    ac = 29.318120208543423
    b = 0.10993233177966728
    k = 1.037045732563425
/
