&names
    formula_extended = '-(CH2)4-'
    iupac = 'Cyclobutane'
/

&pengrobinson
    ac = 13.426519704168221
    b = 0.05973856016768682
    k = 0.6503450484574079
/

&pure
    a = 1.3931
    acentric_factor = 0.18474
    b = 0.29255
    c = 459.93
    d = 0.24913
    pc = 49.8
    tc = 459.93
    vc = 0.21
    vc_rat = 1.168
/

&rkpr
    ac = 13.015282537892178
    b = 0.0628667527686129
    del1 = 1.793911551073748
    k = 2.046994004198904
/

&soaveredlichkwong
    ac = 12.55276857489939
    b = 0.06652996095568224
    k = 0.76480820817
/
