&names
    formula_extended = '(C5H9)NH2'
    iupac = 'Cyclopentylamine'
/

&pengrobinson
    ac = 23.233628094864784
    b = 0.08141177466796247
    k = 0.8533101824892652
/

&pure
    a = 0.83867
    acentric_factor = 0.329354
    b = 0.25831
    c = 584.0
    d = 0.24869
    pc = 46.4
    tc = 584.0
    vc = 0.308
    vc_rat = 1.168
/

&rkpr
    ac = 21.436844323194318
    b = 0.09249634179365397
    del1 = 0.41421356237309515
    k = 2.8966487822337648
/

&soaveredlichkwong
    ac = 21.721664515904113
    b = 0.09066710303677666
    k = 0.9794202359697
/
