&names
    formula_extended = '-CHCH(CH2)5CH2-'
    iupac = 'Cyclooctene'
/

&pengrobinson
    ac = 34.30802022780587
    b = 0.11108658473156759
    k = 0.7859022427856999
/

&pure
    a = 0.70032
    acentric_factor = 0.280425
    b = 0.26997
    c = 632.0
    d = 0.28571
    pc = 36.8
    tc = 632.0
    vc = 0.387
    vc_rat = 1.168
/

&rkpr
    ac = 33.5052785491739
    b = 0.1155104686501448
    del1 = 1.9425253846261028
    k = 2.3871434710946993
/

&soaveredlichkwong
    ac = 32.075373787960615
    b = 0.12371550509663809
    k = 0.907627268390625
/
