&names
    formula_extended = '(C6H11)OOCH'
    iupac = 'Cyclohexyl Formate'
/

&pengrobinson
    ac = 37.35821226330433
    b = 0.11852484784902222
    k = 0.905490234777168
/

&pure
    a = 0.69878
    acentric_factor = 0.36789
    b = 0.26832
    c = 645.0
    d = 0.30625
    pc = 35.2
    tc = 645.0
    vc = 0.384
    vc_rat = 1.168
/

&rkpr
    ac = 38.6314842464919
    b = 0.1118868383743434
    del1 = 3.1034694803016647
    k = 2.391272540257557
/

&soaveredlichkwong
    ac = 34.927069951541036
    b = 0.13199938996753638
    k = 1.0353738258825
/
