&names
    formula_extended = '-CH(CH)3CH2-'
    iupac = 'Cyclopentadiene'
/

&pengrobinson
    ac = 15.776766909814771
    b = 0.06367853826003735
    k = 0.675169870374852
/

&pure
    a = 1.2384
    acentric_factor = 0.202005
    b = 0.27865
    c = 507.0
    d = 0.27795
    pc = 51.5
    tc = 507.0
    vc = 0.225
    vc_rat = 1.168
/

&rkpr
    ac = 15.228582073450832
    b = 0.06747102479546671
    del1 = 1.7080441200709555
    k = 2.139691667178343
/

&soaveredlichkwong
    ac = 14.750069879803167
    b = 0.07091785694638794
    k = 0.790814816495625
/
