&names
    formula_extended = '-CH2CHCHCH2CH2CH2-'
    iupac = 'Cyclohexene'
/

&pengrobinson
    ac = 22.820035507964562
    b = 0.08332996990671444
    k = 0.6898990107060563
/

&pure
    a = 0.92997
    acentric_factor = 0.212302
    b = 0.27056
    c = 560.4
    d = 0.28943
    pc = 43.5
    tc = 560.4
    vc = 0.291
    vc_rat = 1.168
/

&rkpr
    ac = 22.242202212870648
    b = 0.08692553293447332
    del1 = 1.9032178563293138
    k = 2.1288939134067864
/

&soaveredlichkwong
    ac = 21.334987093754222
    b = 0.09280336902613633
    k = 0.8062757236393
/
