&names
    formula_extended = '(C6H11)OOCCH3'
    iupac = 'Cyclohexyl Acetate'
/

&pengrobinson
    ac = 42.54071032696592
    b = 0.1343422962381762
    k = 0.975960382885874
/

&pure
    a = 0.62338
    acentric_factor = 0.420901
    b = 0.27179
    c = 648.0
    d = 0.29824
    pc = 31.2
    tc = 648.0
    vc = 0.436
    vc_rat = 1.168
/

&rkpr
    ac = 43.93298329666414
    b = 0.12711157768781628
    del1 = 3.0756876236879847
    k = 2.589672122276678
/

&soaveredlichkwong
    ac = 39.77230909514518
    b = 0.14961505095425948
    k = 1.111495584934825
/
