&names
    formula_extended = '-CH2CHCHCH2CH2-'
    iupac = 'Cyclopentene'
/

&pengrobinson
    ac = 16.927156163655432
    b = 0.06832176500816507
    k = 0.666711719663568
/

&pure
    a = 1.1035
    acentric_factor = 0.19611
    b = 0.27035
    c = 507.0
    d = 0.28699
    pc = 48.0
    tc = 507.0
    vc = 0.245
    vc_rat = 1.168
/

&rkpr
    ac = 16.13737186183427
    b = 0.0738264777871301
    del1 = 1.4515059156570076
    k = 2.182121409961412
/

&soaveredlichkwong
    ac = 15.825595808538814
    b = 0.07608895068206206
    k = 0.7819467918825
/
