&names
    formula_extended = '-CH2CH2CH2-'
    iupac = 'Cyclopropane'
/

&pengrobinson
    ac = 9.037861859113463
    b = 0.04646924994894529
    k = 0.5673749923851892
/

&pure
    a = 1.7411
    acentric_factor = 0.127829
    b = 0.28205
    c = 398.0
    d = 0.29598
    pc = 55.4
    tc = 398.0
    vc = 0.162
    vc_rat = 1.168
/

&rkpr
    ac = 8.821392121682553
    b = 0.048364244437761494
    del1 = 1.9312299878086963
    k = 1.777844819061757
/

&soaveredlichkwong
    ac = 8.4497092939238
    b = 0.05175212419022186
    k = 0.6783433016828251
/
