&names
    formula_extended = '-(CH2)8-'
    iupac = 'Cyclooctane'
/

&pengrobinson
    ac = 37.19087008128099
    b = 0.1175928364158884
    k = 0.7466448824584987
/

&pure
    a = 0.64345
    acentric_factor = 0.252353
    b = 0.26381
    c = 647.2
    d = 0.29368
    pc = 35.6
    tc = 647.2
    vc = 0.41
    vc_rat = 1.168
/

&rkpr
    ac = 36.296415448915546
    b = 0.12240832393747182
    del1 = 1.9292090000834556
    k = 2.2808793285501063
/

&soaveredlichkwong
    ac = 34.770617815764886
    b = 0.13096142246241754
    k = 0.866059265593425
/
