&names
    formula_extended = '-CHCH(CH2)4CH2-'
    iupac = 'Cycloheptene'
/

&pengrobinson
    ac = 28.188198098280843
    b = 0.09646042402840876
    k = 0.7457350682151148
/

&pure
    a = 0.80053
    acentric_factor = 0.251706
    b = 0.26897
    c = 598.0
    d = 0.31687
    pc = 40.1
    tc = 598.0
    vc = 0.336
    vc_rat = 1.168
/

&rkpr
    ac = 27.53172815657328
    b = 0.10028364383086806
    del1 = 1.9447542366470554
    k = 2.2740478465635787
/

&soaveredlichkwong
    ac = 26.353808363405594
    b = 0.10742656378668267
    k = 0.8650979596737
/
