&names
    formula_extended = '(C6H11)SH'
    iupac = 'Cyclohexyl Mercaptan'
/

&pengrobinson
    ac = 35.10386789584053
    b = 0.10818571705643593
    k = 0.7631718562934765
/

&pure
    a = 0.78578
    acentric_factor = 0.264134
    b = 0.27882
    c = 664.0
    d = 0.31067
    pc = 39.7
    tc = 664.0
    vc = 0.355
    vc_rat = 1.168
/

&rkpr
    ac = 35.94945025608393
    b = 0.10387754770511362
    del1 = 2.8994653096090217
    k = 2.0604978307775044
/

&soaveredlichkwong
    ac = 32.81943046220146
    b = 0.12048485118361486
    k = 0.8835377312577
/
