&names
    formula_extended = '-CH2CO(CH2)3CH2-'
    iupac = 'Cyclohexanone'
/

&pengrobinson
    ac = 33.69579371678465
    b = 0.10559553266350719
    k = 0.8116529071573227
/

&pure
    a = 0.86464
    acentric_factor = 0.299006
    b = 0.26888
    c = 653.0
    d = 0.29943
    pc = 40.0
    tc = 653.0
    vc = 0.311
    vc_rat = 1.168
/

&rkpr
    ac = 37.31405842080196
    b = 0.08775979299922726
    del1 = 4.69816892937207
    k = 1.7489731874214378
/

&soaveredlichkwong
    ac = 31.502988845503666
    b = 0.1176002006991397
    k = 0.9349896410937
/
