&names
    formula_extended = '(C6H5)(C6H11)'
    iupac = 'Cyclohexylbenzene'
/

&pengrobinson
    ac = 60.75229699528866
    b = 0.16709859686415124
    k = 0.9194404383303149
/

&pure
    a = 0.49269
    acentric_factor = 0.378294
    b = 0.26063
    c = 744.0
    d = 0.33747
    pc = 28.8
    tc = 744.0
    vc = 0.529
    vc_rat = 1.168
/

&rkpr
    ac = 63.91700438977225
    b = 0.15294955340205826
    del1 = 3.477406492908922
    k = 2.3282802460982133
/

&soaveredlichkwong
    ac = 56.798749145593135
    b = 0.18609526399557583
    k = 1.0503911446737
/
