&names
    formula_extended = '(C6H11)NCO'
    iupac = 'Cyclohexyl Isocyanate'
/

&pengrobinson
    ac = 36.4995293848345
    b = 0.11799581126523127
    k = 1.1160331227389688
/

&pure
    a = 0.53921
    acentric_factor = 0.524742
    b = 0.21989
    c = 633.0
    d = 0.28571
    pc = 34.7
    tc = 633.0
    vc = 0.408
    vc_rat = 1.168
/

&rkpr
    ac = 35.86442905870183
    b = 0.12147736141841793
    del1 = 2.0643383217228553
    k = 3.255396878118537
/

&soaveredlichkwong
    ac = 34.12426716346529
    b = 0.13141020965979308
    k = 1.2577569288513002
/
