&names
    formula_extended = '-(CH2)6-'
    iupac = 'Cyclohexane'
/

&pengrobinson
    ac = 23.760471763588452
    b = 0.08779810525936144
    k = 0.6838294788900333
/

&pure
    a = 0.88998
    acentric_factor = 0.208054
    b = 0.27376
    c = 553.8
    d = 0.28571
    pc = 40.8
    tc = 553.8
    vc = 0.308
    vc_rat = 1.168
/

&rkpr
    ac = 23.07220777643838
    b = 0.09214167376059533
    del1 = 1.828286932130327
    k = 2.1320312067637883
/

&soaveredlichkwong
    ac = 22.214223033997676
    b = 0.09777946603486708
    k = 0.7999018642897
/
