&names
    formula_extended = '-(CH2)7-'
    iupac = 'Cycloheptane'
/

&pengrobinson
    ac = 30.206986294925084
    b = 0.10230802792635048
    k = 0.730424308689237
/

&pure
    a = 0.76991
    acentric_factor = 0.240842
    b = 0.27177
    c = 604.2
    d = 0.29653
    pc = 38.2
    tc = 604.2
    vc = 0.353
    vc_rat = 1.168
/

&rkpr
    ac = 29.73297493791789
    b = 0.10502749659962242
    del1 = 2.098859468022162
    k = 2.1888093282118515
/

&soaveredlichkwong
    ac = 28.24122085693111
    b = 0.11393895474358412
    k = 0.8489344559313
/
