&names
    formula_extended = 'CH2C(CH3)(C6H8)(CH3)'
    iupac = 'D-Limonene'
/

&pengrobinson
    ac = 47.79545208054561
    b = 0.14978089739504566
    k = 0.9228760862223514
/

&pure
    a = 0.59659
    acentric_factor = 0.380863
    b = 0.2804
    c = 653.0
    d = 0.29257
    pc = 28.2
    tc = 653.0
    vc = 0.47
    vc_rat = 1.168
/

&rkpr
    ac = 50.612700998313116
    b = 0.1354888270298165
    del1 = 3.6222510034819573
    k = 2.299509193025365
/

&soaveredlichkwong
    ac = 44.685090560998106
    b = 0.16680879531792867
    k = 1.054093452665425
/
