&names
    formula_extended = '(CH3)3SiO(Si(CH3)2O)2Si(CH3)3'
    iupac = 'Decamethyltetrasiloxane'
/

&pengrobinson
    ac = 92.55464812824114
    b = 0.3159835916408936
    k = 1.309165975501265
/

&pure
    a = 0.21136
    acentric_factor = 0.672604
    b = 0.2445
    c = 599.4
    d = 0.29451
    pc = 12.27
    tc = 599.4
    vc = 1.157
    vc_rat = 1.168
/

&rkpr
    ac = 86.6716935509529
    b = 0.3510367266096337
    del1 = 1.0422152801326963
    k = 4.061072037335489
/

&soaveredlichkwong
    ac = 86.53151405455974
    b = 0.3519063056674759
    k = 1.4595093713572
/
