&names
    formula_extended = '-((CH3)2SiO)5-'
    iupac = 'Decamethylcyclopentasiloxane'
/

&pengrobinson
    ac = 104.45833155787123
    b = 0.3452472622306093
    k = 1.3004377200074053
/

&pure
    a = 0.20314
    acentric_factor = 0.665824
    b = 0.24701
    c = 619.15
    d = 0.30999
    pc = 11.6
    tc = 619.15
    vc = 1.216
    vc_rat = 1.168
/

&rkpr
    ac = 101.09682678457062
    b = 0.36426021410905984
    del1 = 1.76167932836772
    k = 3.8306488643927628
/

&soaveredlichkwong
    ac = 97.66054723466398
    b = 0.3844968277069882
    k = 1.4504256961792
/
