&names
    formula_extended = 'HOCH2(CH2)8CH2OH'
    iupac = 'Decan-1,10-Diol'
/

&pengrobinson
    ac = 83.59264513674053
    b = 0.22899737384042987
    k = 1.6189654825308597
/

&pure
    a = 0.42675
    acentric_factor = 0.919417
    b = 0.25972
    c = 747.0
    d = 0.26968
    pc = 21.1
    tc = 747.0
    vc = 0.609
    vc_rat = 1.168
/

&rkpr
    ac = 98.87318941239263
    b = 0.1659758808052432
    del1 = 6.6153308052633815
    k = 3.2656764077813785
/

&soaveredlichkwong
    ac = 78.15272699740909
    b = 0.25503102682408524
    k = 1.7792300245194252
/
