&names
    formula_extended = 'F3CCF2CF2CF3'
    iupac = 'Decafluorobutane'
/

&pengrobinson
    ac = 20.310562107098363
    b = 0.10757814766522407
    k = 0.9103467154328538
/

&pure
    a = 0.66283
    acentric_factor = 0.371507
    b = 0.26303
    c = 386.35
    d = 0.25572
    pc = 23.23
    tc = 386.35
    vc = 0.397
    vc_rat = 1.168
/

&rkpr
    ac = 18.890351634213864
    b = 0.12075969617857603
    del1 = 0.8511334960841738
    k = 3.0158060672979614
/

&soaveredlichkwong
    ac = 18.98882147972993
    b = 0.1198082100365613
    k = 1.040598964066425
/
