&names
    formula_extended = 'D2'
    iupac = 'Deuterium'
/

&pengrobinson
    ac = 0.2797611704450128
    b = 0.014928119527200556
    k = 0.145564101861568
/

&pure
    a = 5.2115
    acentric_factor = -0.14486
    b = 0.315
    c = 38.35
    d = 0.28571
    pc = 16.617
    tc = 38.35
    vc = 0.060263
    vc_rat = 1.168
/

&rkpr
    ac = 0.2581257061539133
    b = 0.016960647913106357
    del1 = 0.41421356237309515
    k = 0.8397586830698702
/

&soaveredlichkwong
    ac = 0.2615552880579327
    b = 0.016625228437019218
    k = 0.24831808656999996
/
