&names
    formula_extended = 'DOD'
    iupac = 'Deuterium Oxide'
/

&pengrobinson
    ac = 5.972776484505139
    b = 0.0189822469117075
    k = 0.9051852104428955
/

&pure
    a = 4.045
    acentric_factor = 0.367663
    b = 0.232
    c = 643.89
    d = 0.2703
    pc = 219.41
    tc = 643.89
    vc = 0.0562995
    vc_rat = 1.168
/

&rkpr
    ac = 6.582512478291116
    b = 0.015924596911687173
    del1 = 4.5755313732368466
    k = 2.019241879149197
/

&soaveredlichkwong
    ac = 5.584088997859842
    b = 0.021140250825297403
    k = 1.035045747725425
/
