&names
    formula_extended = 'HOCH2(CH(OH))4CHO'
    iupac = 'Dextrose'
/

&pengrobinson
    ac = 37.38145355022152
    b = 0.10131932054538953
    k = 3.21393602449341
/

&pure
    a = 0.76784
    acentric_factor = 2.3867
    b = 0.318
    c = 755.0
    d = 0.28571
    pc = 48.2
    tc = 755.0
    vc = 0.414
    vc_rat = 1.168
/

&rkpr
    ac = 34.49054091159937
    b = 0.11511438660672163
    del1 = 0.41421356237309515
    k = 7.5276303793565695
/

&soaveredlichkwong
    ac = 34.94879877646979
    b = 0.11283784579038394
    k = 3.2398068442500003
/
