&names
    formula_extended = 'C4H8(COOCH2CH(C2H5)C4H9)2'
    iupac = 'Di(2-Ethylhexyl)Adipate'
/

&pengrobinson
    ac = 201.5137638530409
    b = 0.4880126072011791
    k = 1.594326777215773
/

&pure
    a = 0.20297
    acentric_factor = 0.899342
    b = 0.2557
    c = 845.0
    d = 0.41066
    pc = 11.2
    tc = 845.0
    vc = 1.26
    vc_rat = 1.168
/

&rkpr
    ac = 242.62842122652108
    b = 0.339921676373907
    del1 = 7.222531542612846
    k = 3.0901189304010193
/

&soaveredlichkwong
    ac = 188.39995010165256
    b = 0.543492504871872
    k = 1.7540215022313
/
