&names
    formula_extended = 'ClCH2CH2OCH2CH2Cl'
    iupac = 'Di(2-Chloroethyl)Ether'
/

&pengrobinson
    ac = 39.053802831373794
    b = 0.11999748280513045
    k = 0.9403306375836747
/

&pure
    a = 0.71517
    acentric_factor = 0.393956
    b = 0.26032
    c = 666.0
    d = 0.29732
    pc = 35.9
    tc = 666.0
    vc = 0.364
    vc_rat = 1.168
/

&rkpr
    ac = 42.372540547995186
    b = 0.10374396939724395
    del1 = 4.188211485468443
    k = 2.203016512283801
/

&soaveredlichkwong
    ac = 36.51231739225723
    b = 0.13363944198514172
    k = 1.0729265112611999
/
