&names
    formula_extended = '(C6H4)(COO(CH2)10CH3)2'
    iupac = 'Di-N-Undecyl Phthalate'
/

&pengrobinson
    ac = 320.48286314356403
    b = 0.6761080601705787
    k = 1.4047448215541523
/

&pure
    a = 0.17556
    acentric_factor = 0.747464
    b = 0.27737
    c = 970.0
    d = 0.28571
    pc = 9.28
    tc = 970.0
    vc = 1.58
    vc_rat = 1.168
/

&rkpr
    ac = 408.10932144760386
    b = 0.41175334768384153
    del1 = 9.470005335570896
    k = 2.296504288779632
/

&soaveredlichkwong
    ac = 299.62695485512904
    b = 0.7529716604937788
    k = 1.5587354105232
/
