&names
    formula_extended = '(CH3CH2CH2CH2CH2)20'
    iupac = 'Di-N-Pentyl Ether'
/

&pengrobinson
    ac = 58.5118463888923
    b = 0.19250253542121085
    k = 1.2165990025993831
/

&pure
    a = 0.45792
    acentric_factor = 0.601173
    b = 0.27155
    c = 622.0
    d = 0.2994
    pc = 20.9
    tc = 622.0
    vc = 0.593
    vc_rat = 1.168
/

&rkpr
    ac = 62.79391149071678
    b = 0.1698897166789318
    del1 = 3.928528509626481
    k = 2.966937721361074
/

&soaveredlichkwong
    ac = 54.704099259751494
    b = 0.21438725890769844
    k = 1.3629997312124251
/
