&names
    formula_extended = '(C8H17)2O'
    iupac = 'Di-N-Octyl Ether'
/

&pengrobinson
    ac = 109.71996365475071
    b = 0.31757717199719065
    k = 1.6363432375916378
/

&pure
    a = 0.29861
    acentric_factor = 0.933623
    b = 0.27174
    c = 707.0
    d = 0.30391
    pc = 14.4
    tc = 707.0
    vc = 0.91
    vc_rat = 1.168
/

&rkpr
    ac = 123.76264384497722
    b = 0.25441035538684803
    del1 = 5.189026700777669
    k = 3.6282248827413683
/

&soaveredlichkwong
    ac = 102.57977064427818
    b = 0.353681052808796
    k = 1.796983518427425
/
