&names
    formula_extended = 'C3H7SO2C3H7'
    iupac = 'Di-N-Propyl Sulfone'
/

&pengrobinson
    ac = 59.1695145889869
    b = 0.15869253738078715
    k = 1.1916035009464754
/

&pure
    a = 0.55385
    acentric_factor = 0.582063
    b = 0.25643
    c = 763.0
    d = 0.30567
    pc = 31.1
    tc = 763.0
    vc = 0.463
    vc_rat = 1.168
/

&rkpr
    ac = 65.94298922833194
    b = 0.1302360923850674
    del1 = 4.864699037820177
    k = 2.667854163450813
/

&soaveredlichkwong
    ac = 55.31896870445913
    b = 0.17673355846317731
    k = 1.336877628205425
/
