&names
    formula_extended = 'C6H4(COOC7H15)2'
    iupac = 'Di-N-Heptyl Phthalate'
/

&pengrobinson
    ac = 165.3182563753948
    b = 0.41509379662976875
    k = 1.8418842519344782
/

&pure
    a = 0.22478
    acentric_factor = 1.10463
    b = 0.26075
    c = 815.0
    d = 0.34625
    pc = 12.7
    tc = 815.0
    vc = 1.16
    vc_rat = 1.168
/

&rkpr
    ac = 189.55182718560005
    b = 0.3215503878548459
    del1 = 5.652147411478293
    k = 3.9612549863017668
/

&soaveredlichkwong
    ac = 154.55992015875688
    b = 0.46228389176447343
    k = 2.0051513185425
/
