&names
    formula_extended = 'C4H9SO2C4H9'
    iupac = 'Di-N-Butyl Sulfone'
/

&pengrobinson
    ac = 73.20931290212249
    b = 0.19532327730983592
    k = 1.3285900591292437
/

&pure
    a = 0.45353
    acentric_factor = 0.687726
    b = 0.25806
    c = 767.0
    d = 0.30522
    pc = 25.4
    tc = 767.0
    vc = 0.569
    vc_rat = 1.168
/

&rkpr
    ac = 81.67442315206031
    b = 0.1599693932353718
    del1 = 4.892004238937942
    k = 2.9912557716586017
/

&soaveredlichkwong
    ac = 68.44510585289241
    b = 0.2175286779038964
    k = 1.4797114900617
/
