&names
    formula_extended = 'C6H4(CO2CH2C2H5)2'
    iupac = 'Di-N-Propyl Phthalate'
/

&pengrobinson
    ac = 93.6868599578254
    b = 0.24963213952018448
    k = 1.5391973230346139
/

&pure
    a = 0.31165
    acentric_factor = 0.854706
    b = 0.2459
    c = 768.0
    d = 0.28571
    pc = 19.9
    tc = 768.0
    vc = 0.789
    vc_rat = 1.168
/

&rkpr
    ac = 98.68538739758179
    b = 0.22799904684121405
    del1 = 3.503959953866448
    k = 3.8676625573228014
/

&soaveredlichkwong
    ac = 87.59004548248612
    b = 0.2780116636380656
    k = 1.6974658333737
/
