&names
    formula_extended = 'CH3CH2CH2OCH2CH2CH3'
    iupac = 'Di-N-Propyl Ether'
/

&pengrobinson
    ac = 29.38921188864478
    b = 0.11334535581384753
    k = 0.9066536404042829
/

&pure
    a = 0.7239
    acentric_factor = 0.368756
    b = 0.27653
    c = 530.6
    d = 0.2794
    pc = 30.28
    tc = 530.6
    vc = 0.382
    vc_rat = 1.168
/

&rkpr
    ac = 29.47753922834109
    b = 0.11277491188908109
    del1 = 2.474491962649519
    k = 2.571207861202783
/

&soaveredlichkwong
    ac = 27.476664360184934
    b = 0.1262310654230015
    k = 1.0366252711812
/
