&names
    formula_extended = 'C3H7NHC3H7'
    iupac = 'Di-N-Propylamine'
/

&pengrobinson
    ac = 30.451244790582425
    b = 0.11329882261181408
    k = 1.0135875841348683
/

&pure
    a = 0.659
    acentric_factor = 0.449684
    b = 0.26428
    c = 550.0
    d = 0.2766
    pc = 31.4
    tc = 550.0
    vc = 0.402
    vc_rat = 1.168
/

&rkpr
    ac = 29.29096255846282
    b = 0.12071387269777402
    del1 = 1.6371599444988407
    k = 3.114082181100155
/

&soaveredlichkwong
    ac = 28.469583860598238
    b = 0.1261792420763099
    k = 1.1524148685252
/
