&names
    formula_extended = 'C6H4(COOC6H13)2'
    iupac = 'Di-N-Hexyl Phthalate'
/

&pengrobinson
    ac = 141.9801591095224
    b = 0.366384849714116
    k = 1.86539034305912
/

&pure
    a = 0.25225
    acentric_factor = 1.12454
    b = 0.26738
    c = 793.0
    d = 0.28571
    pc = 14.0
    tc = 793.0
    vc = 1.06
    vc_rat = 1.168
/

&rkpr
    ac = 159.13065488064666
    b = 0.29731499935249917
    del1 = 5.015184798461717
    k = 4.1701017746465885
/

&soaveredlichkwong
    ac = 132.74058496156198
    b = 0.40803744981149764
    k = 2.0287226729700003
/
