&names
    formula_extended = '(H3CCH2CH2CH2O)2SO2'
    iupac = 'Di-N-Butyl Sulfate'
/

&pengrobinson
    ac = 34.90654611506269
    b = 0.0877537147402704
    k = 0.9017178044410444
/

&pure
    a = 0.43358
    acentric_factor = 0.365084
    b = 0.26404
    c = 814.0
    d = 0.38245
    pc = 60.0
    tc = 814.0
    vc = 0.609
    vc_rat = 1.168
/

&rkpr
    ac = 32.20703162991544
    b = 0.0997017645836071
    del1 = 0.41421356237309515
    k = 3.036609416823312
/

&soaveredlichkwong
    ac = 32.63494969551979
    b = 0.09773002896283788
    k = 1.0313171087652
/
