&names
    formula_extended = 'CH3(CH2)4CH2OCH2(CH2)4CH3'
    iupac = 'Di-N-Hexyl Ether'
/

&pengrobinson
    ac = 75.36075878956667
    b = 0.23437020762386998
    k = 1.3577449977159002
/

&pure
    a = 0.3898
    acentric_factor = 0.710511
    b = 0.27208
    c = 658.0
    d = 0.3025
    pc = 18.16
    tc = 658.0
    vc = 0.698
    vc_rat = 1.168
/

&rkpr
    ac = 82.81792985361757
    b = 0.19770889704125708
    del1 = 4.503597011953017
    k = 3.1584679195325203
/

&soaveredlichkwong
    ac = 70.45654313683143
    b = 0.2610146732466013
    k = 1.509999784803825
/
