&names
    formula_extended = '(C6H4)(COO(CH2)9CH3)2'
    iupac = 'Di-N-Decyl Phthalate'
/

&pengrobinson
    ac = 260.1856841259696
    b = 0.588325745483768
    k = 1.5835599972663386
/

&pure
    a = 0.18874
    acentric_factor = 0.890594
    b = 0.27934
    c = 905.0
    d = 0.28571
    pc = 9.95
    tc = 905.0
    vc = 1.48
    vc_rat = 1.168
/

&rkpr
    ac = 318.06557591201613
    b = 0.39570299938958037
    del1 = 7.7778947507020195
    k = 2.962923449975577
/

&soaveredlichkwong
    ac = 243.25370619470618
    b = 0.6552097801886704
    k = 1.7429923632537
/
