&names
    formula_extended = 'C4H9NHC4H9'
    iupac = 'Di-N-Butylamine'
/

&pengrobinson
    ac = 44.61715997372634
    b = 0.15159053830743563
    k = 1.1225098238810085
/

&pure
    a = 0.5199
    acentric_factor = 0.529628
    b = 0.26526
    c = 602.3
    d = 0.2815
    pc = 25.7
    tc = 602.3
    vc = 0.512
    vc_rat = 1.168
/

&rkpr
    ac = 44.67481877247739
    b = 0.15126214568392513
    del1 = 2.4401303354144357
    k = 3.1575743390997193
/

&soaveredlichkwong
    ac = 41.713630632484694
    b = 0.16882416594131086
    k = 1.2645459537827999
/
