&names
    formula_extended = '(C4H9)2O'
    iupac = 'Di-N-Butyl Ether'
/

&pengrobinson
    ac = 43.837787280858336
    b = 0.1535834625151074
    k = 1.0109380767599854
/

&pure
    a = 0.55941
    acentric_factor = 0.447646
    b = 0.27243
    c = 584.1
    d = 0.29932
    pc = 24.6
    tc = 584.1
    vc = 0.487
    vc_rat = 1.168
/

&rkpr
    ac = 46.06641740824353
    b = 0.1408822816849089
    del1 = 3.4510653251158074
    k = 2.580445730470277
/

&soaveredlichkwong
    ac = 40.98497679941945
    b = 0.17104365649066225
    k = 1.1495270892697
/
