&names
    formula_extended = 'CH3CH2CH2SCH2CH2CH3'
    iupac = 'Di-N-Propyl Sulfide'
/

&pengrobinson
    ac = 37.93724258494667
    b = 0.1276865691999212
    k = 0.9137462047171411
/

&pure
    a = 0.66295
    acentric_factor = 0.374042
    b = 0.27313
    c = 608.0
    d = 0.29224
    pc = 30.8
    tc = 608.0
    vc = 0.412
    vc_rat = 1.168
/

&rkpr
    ac = 39.35110316488342
    b = 0.11988209165649254
    del1 = 3.1689717678447136
    k = 2.395705066961847
/

&soaveredlichkwong
    ac = 35.46841899698052
    b = 0.14220266507244675
    k = 1.0442583098912999
/
