&names
    formula_extended = 'C6H4(COOC9H19)2'
    iupac = 'Di-N-Nonyl Phthalate'
/

&pengrobinson
    ac = 221.54468012000103
    b = 0.5235117933711968
    k = 1.7122055275802817
/

&pure
    a = 0.18842
    acentric_factor = 0.996097
    b = 0.25814
    c = 866.0
    d = 0.38799
    pc = 10.7
    tc = 866.0
    vc = 1.37
    vc_rat = 1.168
/

&rkpr
    ac = 264.61065298914957
    b = 0.3713172164790072
    del1 = 6.942684383824247
    k = 3.400717919758537
/

&soaveredlichkwong
    ac = 207.12732411833682
    b = 0.5830274294368478
    k = 1.874220062153425
/
