&names
    formula_extended = 'C6H4(COOC4H9)2'
    iupac = 'Di-N-Butyl Phthalate'
/

&pengrobinson
    ac = 110.17253404948201
    b = 0.2886724515780324
    k = 1.6646830447710275
/

&pure
    a = 0.3087
    acentric_factor = 0.956874
    b = 0.26113
    c = 781.0
    d = 0.31804
    pc = 17.5
    tc = 781.0
    vc = 0.846
    vc_rat = 1.168
/

&rkpr
    ac = 122.41412554534054
    b = 0.23832958292956544
    del1 = 4.785457287368928
    k = 3.7943355517024067
/

&soaveredlichkwong
    ac = 103.0028893343099
    b = 0.3214902883256289
    k = 1.8258883019217
/
