&names
    formula_extended = 'C6H4(COO(CH2)7CH3)2'
    iupac = 'Di-N-Octyl Terephthalate'
/

&pengrobinson
    ac = 199.1973514970976
    b = 0.47676073521306783
    k = 1.8239755252819416
/

&pure
    a = 0.16318
    acentric_factor = 1.08951
    b = 0.23418
    c = 855.0
    d = 0.28571
    pc = 11.6
    tc = 855.0
    vc = 1.44
    vc_rat = 1.168
/

&rkpr
    ac = 216.7783056774107
    b = 0.40982148409604857
    del1 = 4.261465148859247
    k = 4.2871220577220654
/

&soaveredlichkwong
    ac = 186.2342817923016
    b = 0.5309614595646852
    k = 1.9871581329825
/
