&names
    formula_extended = 'CH3CH2CH2SSCH2CH2CH3'
    iupac = 'Di-N-Propyl Disulfide'
/

&pengrobinson
    ac = 47.5307028886961
    b = 0.14409652236768072
    k = 0.9970364467740789
/

&pure
    a = 0.5909
    acentric_factor = 0.436981
    b = 0.27356
    c = 675.0
    d = 0.31323
    pc = 30.3
    tc = 675.0
    vc = 0.463
    vc_rat = 1.168
/

&rkpr
    ac = 49.45796378814655
    b = 0.13453298568479566
    del1 = 3.2366709942202583
    k = 2.601836626635772
/

&soaveredlichkwong
    ac = 44.437570324264925
    b = 0.16047818996744004
    k = 1.1343914249868252
/
