&names
    formula_extended = 'CH3(CH2)7S(CH2)7CH3'
    iupac = 'Di-N-Octyl Sulfide'
/

&pengrobinson
    ac = 125.04998626031221
    b = 0.33670773384910724
    k = 1.5702176687435012
/

&pure
    a = 0.28391
    acentric_factor = 0.879774
    b = 0.26688
    c = 760.0
    d = 0.3355
    pc = 14.6
    tc = 760.0
    vc = 0.94
    vc_rat = 1.168
/

&rkpr
    ac = 143.4736408093605
    b = 0.2604773289960455
    del1 = 5.67106666827702
    k = 3.3646643219706176
/

&soaveredlichkwong
    ac = 116.9121687828553
    b = 0.3749864798143287
    k = 1.7293138750617
/
