&names
    formula_extended = 'C2H5(CH3)CHOCH(CH3)C2H5'
    iupac = 'Di-Sec-Butyl Ether'
/

&pengrobinson
    ac = 39.04023418742991
    b = 0.1429169179860674
    k = 0.9904298260718134
/

&pure
    a = 0.54435
    acentric_factor = 0.431929
    b = 0.26874
    c = 559.0
    d = 0.28571
    pc = 25.3
    tc = 559.0
    vc = 0.494
    vc_rat = 1.168
/

&rkpr
    ac = 38.37171923536429
    b = 0.14706606849497394
    del1 = 2.0699304981145756
    k = 2.9217231266150296
/

&soaveredlichkwong
    ac = 36.49963174839303
    b = 0.1591644818159279
    k = 1.1272077803178249
/
