&names
    formula_extended = '(CH3)3COOC(CH3)3'
    iupac = 'Di-T-Butyl Peroxide'
/

&pengrobinson
    ac = 38.13574995733469
    b = 0.14266846901876806
    k = 0.9525293930707123
/

&pure
    a = 0.5453
    acentric_factor = 0.403148
    b = 0.27942
    c = 547.0
    d = 0.2857
    pc = 24.8
    tc = 547.0
    vc = 0.508
    vc_rat = 1.168
/

&rkpr
    ac = 36.574054949243795
    b = 0.15272142267495717
    del1 = 1.576251598474532
    k = 2.9591127982802052
/

&soaveredlichkwong
    ac = 35.65400820110053
    b = 0.15888778783389176
    k = 1.0861124977668
/
