&names
    formula_extended = '(CH3)3COC(CH3)3'
    iupac = 'Di-Tert-Butyl Ether'
/

&pengrobinson
    ac = 37.79324452269913
    b = 0.14061593003995895
    k = 0.8758628212610075
/

&pure
    a = 0.55326
    acentric_factor = 0.345937
    b = 0.2701
    c = 550.0
    d = 0.28571
    pc = 25.3
    tc = 550.0
    vc = 0.487
    vc_rat = 1.168
/

&rkpr
    ac = 37.08688055277444
    b = 0.14507604436628826
    del1 = 2.0382237172000153
    k = 2.6115087882126566
/

&soaveredlichkwong
    ac = 35.33379182698753
    b = 0.1566019051856178
    k = 1.0035621666054249
/
