&names
    formula_extended = '(CH3)2C(OH)CH2COCH3'
    iupac = 'Diacetone Alcohol'
/

&pengrobinson
    ac = 32.244234216906335
    b = 0.10888360182760824
    k = 1.4311580501788028
/

&pure
    a = 0.67266
    acentric_factor = 0.768352
    b = 0.26031
    c = 606.0
    d = 0.2511
    pc = 36.0
    tc = 606.0
    vc = 0.387
    vc_rat = 1.168
/

&rkpr
    ac = 30.970908170315834
    b = 0.11627549754686067
    del1 = 1.6075913248859537
    k = 4.211355744625964
/

&soaveredlichkwong
    ac = 30.145891781175628
    b = 0.12126207524873006
    k = 1.5860722087168
/
