&names
    formula_extended = '(CH2CHCH2COOCH)2'
    iupac = 'Diallyl Maleate'
/

&pengrobinson
    ac = 65.1508172363605
    b = 0.1923843183611078
    k = 1.4566607955843427
/

&pure
    a = 0.40438
    acentric_factor = 0.788603
    b = 0.245
    c = 693.0
    d = 0.28571
    pc = 23.3
    tc = 693.0
    vc = 0.606
    vc_rat = 1.168
/

&rkpr
    ac = 68.79815221913036
    b = 0.17491823243570498
    del1 = 3.559468507597098
    k = 3.655661510976137
/

&soaveredlichkwong
    ac = 60.91102901220999
    b = 0.21425560229644308
    k = 1.612429550968425
/
