&names
    formula_extended = '(CH2CHCH2)2NH'
    iupac = 'Diallylamine'
/

&pengrobinson
    ac = 29.43207076579296
    b = 0.1083250911657226
    k = 1.011850966896248
/

&pure
    a = 0.57652
    acentric_factor = 0.448348
    b = 0.226
    c = 556.0
    d = 0.33671
    pc = 33.2
    tc = 556.0
    vc = 0.392
    vc_rat = 1.168
/

&rkpr
    ac = 27.842319444204254
    b = 0.11847569483142574
    del1 = 1.2831809753353056
    k = 3.2076808436152846
/

&soaveredlichkwong
    ac = 27.516734130912944
    b = 0.12064007009118556
    k = 1.1505219644068
/
