&names
    formula_extended = 'Polyring compound, see ref. 8675'
    iupac = 'Diamantane'
/

&pengrobinson
    ac = 87.50922696745926
    b = 0.22639164736433398
    k = 0.6192771358731316
/

&pure
    a = 0.34364
    acentric_factor = 0.163289
    b = 0.228
    c = 791.0
    d = 0.28571
    pc = 22.6
    tc = 791.0
    vc = 0.663
    vc_rat = 1.168
/

&rkpr
    ac = 97.27996644206287
    b = 0.1867306092389431
    del1 = 4.798164405607971
    k = 1.2314531865915272
/

&soaveredlichkwong
    ac = 81.81443132652164
    b = 0.2521290673488447
    k = 0.732350808933825
/
