&names
    formula_extended = '(CH3(CH2)4)2NH'
    iupac = 'Diamylamine'
/

&pengrobinson
    ac = 60.88007446403428
    b = 0.19496531356578087
    k = 1.3144125797119555
/

&pure
    a = 0.41433
    acentric_factor = 0.676684
    b = 0.2606
    c = 639.0
    d = 0.2788
    pc = 21.2
    tc = 639.0
    vc = 0.629
    vc_rat = 1.168
/

&rkpr
    ac = 63.15540612717598
    b = 0.1830156135362562
    del1 = 3.1711472385645454
    k = 3.4248406946935495
/

&soaveredlichkwong
    ac = 56.91821130180269
    b = 0.2171300189163231
    k = 1.4649678997252
/
