&names
    formula_extended = '(C6H4)NH(C6H4)'
    iupac = 'Dibenzopyrrole'
/

&pengrobinson
    ac = 78.3630088543524
    b = 0.17837518929056637
    k = 1.0748665459434656
/

&pure
    a = 0.43614
    acentric_factor = 0.493802
    b = 0.21
    c = 899.0
    d = 0.28571
    pc = 32.6
    tc = 899.0
    vc = 0.482
    vc_rat = 1.168
/

&rkpr
    ac = 91.78135927492245
    b = 0.13208380252252128
    del1 = 6.298271282856896
    k = 2.0759431671299406
/

&soaveredlichkwong
    ac = 73.26341722614083
    b = 0.19865384009343678
    k = 1.2145722753393
/
