&names
    formula_extended = 'Polyring compound, see refs. 5112, 2867'
    iupac = 'Dibenzothiophene'
/

&pengrobinson
    ac = 65.88808739423287
    b = 0.15031332915307738
    k = 0.9460707424286683
/

&pure
    a = 0.51756
    acentric_factor = 0.398277
    b = 0.265
    c = 897.0
    d = 0.28571
    pc = 38.6
    tc = 897.0
    vc = 0.512
    vc_rat = 1.168
/

&rkpr
    ac = 65.53040357754985
    b = 0.1516868593489716
    del1 = 2.305327590143255
    k = 2.7291121775618823
/

&soaveredlichkwong
    ac = 61.60032019658729
    b = 0.16740175678157934
    k = 1.0791286984724249
/
