&names
    formula_extended = 'Polyring compound, see refs. 3940, 3212, 1115'
    iupac = 'Dibenzofuran'
/

&pengrobinson
    ac = 58.96066312088071
    b = 0.14642599484161004
    k = 0.946775438272389
/

&pure
    a = 0.49697
    acentric_factor = 0.398808
    b = 0.24608
    c = 824.0
    d = 0.3066
    pc = 36.4
    tc = 824.0
    vc = 0.495
    vc_rat = 1.168
/

&rkpr
    ac = 58.99494264297673
    b = 0.1462832247040546
    del1 = 2.425873071315739
    k = 2.695869708239451
/

&soaveredlichkwong
    ac = 55.12370856233525
    b = 0.1630724893998807
    k = 1.0798904233488
/
