&names
    formula_extended = '(C6H5CH2)2O'
    iupac = 'Dibenzyl Ether'
/

&pengrobinson
    ac = 74.54377665003219
    b = 0.19632400669875835
    k = 1.202989909503355
/

&pure
    a = 0.39627
    acentric_factor = 0.590759
    b = 0.25136
    c = 777.0
    d = 0.2857
    pc = 25.6
    tc = 777.0
    vc = 0.634
    vc_rat = 1.168
/

&rkpr
    ac = 77.27311176989309
    b = 0.18453035570190748
    del1 = 3.1554923361483334
    k = 3.150357352560957
/

&soaveredlichkwong
    ac = 69.6927273488712
    b = 0.21864317559157626
    k = 1.3487803316858251
/
