&names
    formula_extended = 'See refs. 3130, 398.'
    iupac = 'Diborane'
/

&pengrobinson
    ac = 6.549821705462203
    b = 0.046250255124023816
    k = 0.5637550553863002
/

&pure
    a = 1.5611
    acentric_factor = 0.125373
    b = 0.2704
    c = 289.8
    d = 0.2879
    pc = 40.53
    tc = 289.8
    vc = 0.1731
    vc_rat = 1.168
/

&rkpr
    ac = 6.043288102545893
    b = 0.052547428470182865
    del1 = 0.41421356237309515
    k = 2.057318965581511
/

&soaveredlichkwong
    ac = 6.123582126051282
    b = 0.05150823285587057
    k = 0.674586383902425
/
