&names
    formula_extended = 'CH2Br2'
    iupac = 'Dibromomethane'
/

&pengrobinson
    ac = 16.4578304696106
    b = 0.055120660107434966
    k = 0.6858251548691999
/

&pure
    a = 1.1136
    acentric_factor = 0.20945
    b = 0.24834
    c = 611.0
    d = 0.27583
    pc = 71.7
    tc = 611.0
    vc = 0.223
    vc_rat = 1.168
/

&rkpr
    ac = 15.18505625699264
    b = 0.06262557766346667
    del1 = 0.41421356237309515
    k = 2.4115833318022974
/

&soaveredlichkwong
    ac = 15.386812195703552
    b = 0.06138707318196617
    k = 0.8019971720625
/
