&names
    formula_extended = 'CBr2F2'
    iupac = 'Dibromodifluoromethane'
/

&pengrobinson
    ac = 17.74478344204253
    b = 0.07596715159013803
    k = 0.5387353289347411
/

&pure
    a = 1.1715
    acentric_factor = 0.108458
    b = 0.29169
    c = 478.0
    d = 0.21724
    pc = 40.7
    tc = 478.0
    vc = 0.249
    vc_rat = 1.168
/

&rkpr
    ac = 18.18778453343716
    b = 0.07283349986975199
    del1 = 2.917285531885403
    k = 1.4459348441118993
/

&soaveredlichkwong
    ac = 16.590014751962535
    b = 0.08460350592681486
    k = 0.6486543428913001
/
