&names
    formula_extended = 'C4H9OOC(CH2)8COOC4H9'
    iupac = 'Dibutyl Sebacate'
/

&pengrobinson
    ac = 141.24003887581253
    b = 0.3763393618523993
    k = 1.8652960658465978
/

&pure
    a = 0.25234
    acentric_factor = 1.12446
    b = 0.26502
    c = 768.0
    d = 0.30986
    pc = 13.2
    tc = 768.0
    vc = 1.05
    vc_rat = 1.168
/

&rkpr
    ac = 162.11261666288462
    b = 0.2908981688099375
    del1 = 5.682556789028239
    k = 4.00318279879959
/

&soaveredlichkwong
    ac = 132.0486291743541
    b = 0.4191236444240535
    k = 2.02862823897
/
