&names
    formula_extended = '(CH3CH2CH2CH2COOCH)2'
    iupac = 'Dibutyl Maleate'
/

&pengrobinson
    ac = 85.28678889428969
    b = 0.24375401430505733
    k = 1.5943845739876328
/

&pure
    a = 0.36324
    acentric_factor = 0.899389
    b = 0.26117
    c = 716.0
    d = 0.3074
    pc = 19.0
    tc = 716.0
    vc = 0.719
    vc_rat = 1.168
/

&rkpr
    ac = 94.34671496424707
    b = 0.20299630530956247
    del1 = 4.671383390283135
    k = 3.666115626030853
/

&soaveredlichkwong
    ac = 79.73662178099346
    b = 0.27146528153650046
    k = 1.7540806856688251
/
