&names
    formula_extended = 'H2SiCl2'
    iupac = 'Dichlorosilane'
/

&pengrobinson
    ac = 14.508482997313997
    b = 0.06468332781838114
    k = 0.5240021271477138
/

&pure
    a = 1.1294
    acentric_factor = 0.0985459
    b = 0.26767
    c = 459.0
    d = 0.2275
    pc = 45.9
    tc = 459.0
    vc = 0.237
    vc_rat = 1.168
/

&rkpr
    ac = 13.578500591664774
    b = 0.07192197515371411
    del1 = 1.0274149414358096
    k = 1.8697353446171066
/

&soaveredlichkwong
    ac = 13.564321466091181
    b = 0.0720368763853842
    k = 0.6334117700788082
/
