&names
    formula_extended = 'CHCl2COCl'
    iupac = 'Dichloroacetyl Chloride'
/

&pengrobinson
    ac = 23.46497664807387
    b = 0.08208188020336868
    k = 0.8253256992324762
/

&pure
    a = 0.94779
    acentric_factor = 0.308927
    b = 0.26863
    c = 585.0
    d = 0.28571
    pc = 46.1
    tc = 585.0
    vc = 0.283
    vc_rat = 1.168
/

&rkpr
    ac = 23.110820419060822
    b = 0.08417963387080896
    del1 = 2.1109537852607767
    k = 2.449857328138428
/

&soaveredlichkwong
    ac = 21.937957711203996
    b = 0.09141338977320988
    k = 0.9495498170174251
/
