&names
    formula_extended = 'CHCl2CHO'
    iupac = 'Dichloroacetaldehyde'
/

&pengrobinson
    ac = 19.669353558450045
    b = 0.07252373119030611
    k = 0.8728007048993333
/

&pure
    a = 1.0727
    acentric_factor = 0.343679
    b = 0.2561
    c = 555.0
    d = 0.28571
    pc = 49.5
    tc = 555.0
    vc = 0.239
    vc_rat = 1.168
/

&rkpr
    ac = 20.076936494104963
    b = 0.07003421100935558
    del1 = 2.831205086683172
    k = 2.3775782839909327
/

&soaveredlichkwong
    ac = 18.38934054969184
    b = 0.08076861897755197
    k = 1.000280576367825
/
