&names
    formula_extended = 'Cl2CF2'
    iupac = 'Dichlorodifluoromethane'
/

&pengrobinson
    ac = 11.355179781885141
    b = 0.06036326556045047
    k = 0.6430938554932818
/

&pure
    a = 1.2414
    acentric_factor = 0.179718
    b = 0.2702
    c = 384.95
    d = 0.2842
    pc = 41.25
    tc = 384.95
    vc = 0.217
    vc_rat = 1.168
/

&rkpr
    ac = 10.802553380795244
    b = 0.06544261367450893
    del1 = 1.4065136965190213
    k = 2.126117427705552
/

&soaveredlichkwong
    ac = 10.61622423896864
    b = 0.06722568621709975
    k = 0.7572238840832999
/
