&names
    formula_extended = 'CHCl2COOH'
    iupac = 'Dichloroacetic Acid'
/

&pengrobinson
    ac = 28.771798353177058
    b = 0.08582739435862563
    k = 1.156023193481043
/

&pure
    a = 0.9328
    acentric_factor = 0.55499
    b = 0.2472
    c = 686.0
    d = 0.3255
    pc = 51.7
    tc = 686.0
    vc = 0.265
    vc_rat = 1.168
/

&rkpr
    ac = 30.826406004699443
    b = 0.07597923619276797
    del1 = 3.889991962222364
    k = 2.826377975039521
/

&soaveredlichkwong
    ac = 26.899429946762762
    b = 0.09558471412064518
    k = 1.2996518274825002
/
