&names
    formula_extended = 'CHCl2F'
    iupac = 'Dichlorofluoromethane'
/

&pengrobinson
    ac = 12.434081944592451
    b = 0.056345866466482535
    k = 0.6792265552020955
/

&pure
    a = 1.3746
    acentric_factor = 0.204837
    b = 0.27023
    c = 451.58
    d = 0.28651
    pc = 51.84
    tc = 451.58
    vc = 0.196
    vc_rat = 1.168
/

&rkpr
    ac = 12.158173428068768
    b = 0.05847229352041991
    del1 = 1.9671542287354167
    k = 2.0817147637536157
/

&soaveredlichkwong
    ac = 11.624915207427044
    b = 0.06275156758895022
    k = 0.795070753600425
/
