&names
    formula_extended = 'ClHCHCl'
    iupac = 'Dichloromethane'
/

&pengrobinson
    ac = 13.52216068828607
    b = 0.05425739668976049
    k = 0.6703182330772307
/

&pure
    a = 1.3897
    acentric_factor = 0.198622
    b = 0.25678
    c = 510.0
    d = 0.2902
    pc = 60.8
    tc = 510.0
    vc = 0.185
    vc_rat = 1.168
/

&rkpr
    ac = 13.43784715678863
    b = 0.054827132754980044
    del1 = 2.2891409792937956
    k = 1.9699018614205022
/

&soaveredlichkwong
    ac = 12.642185576949018
    b = 0.060425669336424244
    k = 0.7857271556952999
/
