&names
    formula_extended = 'C6H5C(CH3)2O2C(CH3)2C6H5'
    iupac = 'Dicumyl Peroxide'
/

&pengrobinson
    ac = 113.30716045200978
    b = 0.26229386142866473
    k = 1.01367205066277
/

&pure
    a = 0.2966
    acentric_factor = 0.449749
    b = 0.25899
    c = 884.0
    d = 0.28571
    pc = 21.8
    tc = 884.0
    vc = 0.873
    vc_rat = 1.168
/

&rkpr
    ac = 114.76915013664006
    b = 0.25666071132506224
    del1 = 2.673350028324021
    k = 2.807499567993248
/

&soaveredlichkwong
    ac = 105.9335251704518
    b = 0.2921128381866038
    k = 1.1525069474748248
/
