&names
    formula_extended = '(C6H11)NH(C6H11)'
    iupac = 'Dicyclohexylamine'
/

&pengrobinson
    ac = 68.13084172950207
    b = 0.18917306588153532
    k = 1.1008720986277412
/

&pure
    a = 0.4307
    acentric_factor = 0.513324
    b = 0.26661
    c = 737.0
    d = 0.298
    pc = 25.2
    tc = 737.0
    vc = 0.619
    vc_rat = 1.168
/

&rkpr
    ac = 69.92315485719057
    b = 0.1809569443271188
    del1 = 2.9445745814132978
    k = 2.9507070250058454
/

&soaveredlichkwong
    ac = 63.69712389265209
    b = 0.2106792773651911
    k = 1.2418592084292002
/
