&names
    formula_extended = 'Polycyclic Compound, see ref 1774'
    iupac = 'Dicyclopentadiene'
/

&pengrobinson
    ac = 44.99619230231945
    b = 0.1395130600004299
    k = 0.7964378901342196
/

&pure
    a = 0.49184
    acentric_factor = 0.288011
    b = 0.21889
    c = 660.0
    d = 0.387
    pc = 30.6
    tc = 660.0
    vc = 0.445
    vc_rat = 1.168
/

&rkpr
    ac = 47.07753138355042
    b = 0.12898646212025236
    del1 = 3.3552149294158733
    k = 2.030545716758401
/

&soaveredlichkwong
    ac = 42.06799685754281
    b = 0.15537365494886785
    k = 0.918813005178825
/
