&names
    formula_extended = 'HNC(NH2)NHCN'
    iupac = 'Dicyandiamide'
/

&pengrobinson
    ac = 41.17182932967667
    b = 0.1010222760309548
    k = 1.3345509738569041
/

&pure
    a = 0.77009
    acentric_factor = 0.692376
    b = 0.253
    c = 834.0
    d = 0.28571
    pc = 53.4
    tc = 834.0
    vc = 0.329
    vc_rat = 1.168
/

&rkpr
    ac = 42.40755367424482
    b = 0.09602767540068761
    del1 = 3.02015659041024
    k = 3.520364360259598
/

&soaveredlichkwong
    ac = 38.49251010447935
    b = 0.11250703165807195
    k = 1.4859075320592
/
