&names
    formula_extended = '(C6H11)S(C6H11)'
    iupac = 'Dicyclohexyl Sulfide'
/

&pengrobinson
    ac = 76.7206338455572
    b = 0.19575859966166667
    k = 0.9424134373026523
/

&pure
    a = 0.34398
    acentric_factor = 0.395523
    b = 0.24327
    c = 802.0
    d = 0.28571
    pc = 26.5
    tc = 802.0
    vc = 0.707
    vc_rat = 1.168
/

&rkpr
    ac = 72.69940517645057
    b = 0.2135407983874706
    del1 = 1.3207242287584757
    k = 3.0002028612720455
/

&soaveredlichkwong
    ac = 71.72792226148486
    b = 0.21801349004180423
    k = 1.0751764743824253
/
