&names
    formula_extended = 'C2H5SSC2H5'
    iupac = 'Diethyl Disulfide'
/

&pengrobinson
    ac = 33.66420871180988
    b = 0.10730412521808963
    k = 0.8772018010377
/

&pure
    a = 0.7759
    acentric_factor = 0.346925
    b = 0.27772
    c = 642.0
    d = 0.30045
    pc = 38.7
    tc = 642.0
    vc = 0.358
    vc_rat = 1.168
/

&rkpr
    ac = 34.03487595082367
    b = 0.10533528896945384
    del1 = 2.6352679798377796
    k = 2.444477680869012
/

&soaveredlichkwong
    ac = 31.47345928262206
    b = 0.11950303524397066
    k = 1.004997482765625
/
