&names
    formula_extended = '(CH2COOCH2CH3)2'
    iupac = 'Diethyl Succinate'
/

&pengrobinson
    ac = 54.91814446809368
    b = 0.16950611202998692
    k = 1.3436839824176436
/

&pure
    a = 0.41671
    acentric_factor = 0.699509
    b = 0.23644
    c = 663.0
    d = 0.28596
    pc = 25.3
    tc = 663.0
    vc = 0.5674
    vc_rat = 1.168
/

&rkpr
    ac = 55.379147963362925
    b = 0.16713121541552847
    del1 = 2.5826699872867804
    k = 3.679090304917545
/

&soaveredlichkwong
    ac = 51.344262940816805
    b = 0.18877647843284476
    k = 1.4953974188108252
/
