&names
    formula_extended = '(C2H5O)2SO2'
    iupac = 'Diethyl Sulfate'
/

&pengrobinson
    ac = 27.36515731318805
    b = 0.07476514280241893
    k = 0.9304422411922719
/

&pure
    a = 0.66221
    acentric_factor = 0.38653
    b = 0.26355
    c = 749.0
    d = 0.36406
    pc = 64.8
    tc = 749.0
    vc = 0.398
    vc_rat = 1.168
/

&rkpr
    ac = 25.24885974791828
    b = 0.08494474209791807
    del1 = 0.41421356237309515
    k = 3.119606498374291
/

&soaveredlichkwong
    ac = 25.58432820543391
    b = 0.08326484631582218
    k = 1.0622522678425
/
