&names
    formula_extended = 'CH2(COOCH2CH3)2'
    iupac = 'Diethyl Malonate'
/

&pengrobinson
    ac = 48.48315642702828
    b = 0.15193601822087363
    k = 1.235232378421855
/

&pure
    a = 0.54977
    acentric_factor = 0.615468
    b = 0.25784
    c = 653.0
    d = 0.30842
    pc = 27.8
    tc = 653.0
    vc = 0.469
    vc_rat = 1.168
/

&rkpr
    ac = 51.95461644155126
    b = 0.1344576924545957
    del1 = 3.894136573710705
    k = 3.0223572462521444
/

&soaveredlichkwong
    ac = 45.32804150432182
    b = 0.16920892186926575
    k = 1.3824564816708003
/
