&names
    formula_extended = '(CH3CH2O)2CO'
    iupac = 'Diethyl Carbonate'
/

&pengrobinson
    ac = 30.935318249348317
    b = 0.10990441540822281
    k = 1.060030101564229
/

&pure
    a = 0.74917
    acentric_factor = 0.485692
    b = 0.2667
    c = 576.0
    d = 0.2857
    pc = 33.9
    tc = 576.0
    vc = 0.356
    vc_rat = 1.168
/

&rkpr
    ac = 31.99452556025757
    b = 0.10372149327203464
    del1 = 3.1066842963150116
    k = 2.8085324135849024
/

&soaveredlichkwong
    ac = 28.922155505002326
    b = 0.12239894040702445
    k = 1.2031972821988
/
