&names
    formula_extended = 'CH3CH2OCH2CH3'
    iupac = 'Diethyl Ether'
/

&pengrobinson
    ac = 18.914006663008653
    b = 0.08293326673856724
    k = 0.786792292461988
/

&pure
    a = 0.9554
    acentric_factor = 0.281065
    b = 0.26847
    c = 466.7
    d = 0.2814
    pc = 36.4
    tc = 466.7
    vc = 0.28
    vc_rat = 1.168
/

&rkpr
    ac = 18.944273821729645
    b = 0.08271083713134579
    del1 = 2.446306580370785
    k = 2.248842520686491
/

&soaveredlichkwong
    ac = 17.683148998853767
    b = 0.0923615665084033
    k = 0.908571741510625
/
