&names
    formula_extended = 'C2H5NHC2H5'
    iupac = 'Diethylamine'
/

&pengrobinson
    ac = 21.011102450546304
    b = 0.08658151103667944
    k = 0.8183436542787789
/

&pure
    a = 0.85379
    acentric_factor = 0.303856
    b = 0.25675
    c = 496.6
    d = 0.27027
    pc = 37.1
    tc = 496.6
    vc = 0.301
    vc_rat = 1.168
/

&rkpr
    ac = 20.5546585424011
    b = 0.08977948995913144
    del1 = 1.9766342182470926
    k = 2.4683567545055065
/

&soaveredlichkwong
    ac = 19.64377309805233
    b = 0.09642456283822586
    k = 0.9421118619712001
/
