&names
    formula_extended = '(CH3CH2CH2CH2OCH2CH2)2O'
    iupac = 'Diethylene Glycol Di-N-Butyl Ether'
/

&pengrobinson
    ac = 83.04518887351442
    b = 0.24991285748010889
    k = 1.5278080742576776
/

&pure
    a = 0.3113
    acentric_factor = 0.845533
    b = 0.24994
    c = 680.0
    d = 0.28571
    pc = 17.6
    tc = 680.0
    vc = 0.803
    vc_rat = 1.168
/

&rkpr
    ac = 86.41256214124991
    b = 0.23332600887438593
    del1 = 3.2366912927516474
    k = 3.9222184765403654
/

&soaveredlichkwong
    ac = 77.64089728065656
    b = 0.27832429512534795
    k = 1.685756882534425
/
