&names
    formula_extended = 'CH3CH2SCH2CH3'
    iupac = 'Diethyl Sulfide'
/

&pengrobinson
    ac = 24.777552405225386
    b = 0.09100584872225012
    k = 0.799222842020032
/

&pure
    a = 0.82227
    acentric_factor = 0.29002
    b = 0.26314
    c = 557.15
    d = 0.27369
    pc = 39.6
    tc = 557.15
    vc = 0.318
    vc_rat = 1.168
/

&rkpr
    ac = 24.137984341586133
    b = 0.09500998925783166
    del1 = 1.8931578383366727
    k = 2.438251600871988
/

&soaveredlichkwong
    ac = 23.165115610613423
    b = 0.10135188302554748
    k = 0.9217719499299999
/
