&names
    formula_extended = '(H2NCH2CH2)2NH'
    iupac = 'Diethylenetriamine'
/

&pengrobinson
    ac = 34.22868860897148
    b = 0.10361594693181432
    k = 1.3445936158364367
/

&pure
    a = 0.75082
    acentric_factor = 0.70022
    b = 0.25671
    c = 676.0
    d = 0.28571
    pc = 42.2
    tc = 676.0
    vc = 0.342
    vc_rat = 1.168
/

&rkpr
    ac = 34.895676404977195
    b = 0.10026868305440051
    del1 = 2.8062009577336173
    k = 3.6112092387350154
/

&soaveredlichkwong
    ac = 32.00120479451766
    b = 0.11539556501544955
    k = 1.49634237153
/
