&names
    formula_extended = 'C6H4(COOC2H5)2'
    iupac = 'Diethyl Phthalate'
/

&pengrobinson
    ac = 77.74011120581024
    b = 0.2101514126974872
    k = 1.421741215325643
/

&pure
    a = 0.3963
    acentric_factor = 0.760895
    b = 0.25165
    c = 757.0
    d = 0.3516
    pc = 23.3
    tc = 757.0
    vc = 0.635
    vc_rat = 1.168
/

&rkpr
    ac = 84.57689075922202
    b = 0.18074505686955708
    del1 = 4.254412107739662
    k = 3.376537731496804
/

&soaveredlichkwong
    ac = 72.68105558661846
    b = 0.2340425554666774
    k = 1.576330519820625
/
