&names
    formula_extended = '(C2H5O)2SO'
    iupac = 'Diethylsulfite'
/

&pengrobinson
    ac = 32.64653915825624
    b = 0.10706205983732049
    k = 1.0918057878165368
/

&pure
    a = 0.73196
    acentric_factor = 0.506509
    b = 0.27301
    c = 624.0
    d = 0.30031
    pc = 37.7
    tc = 624.0
    vc = 0.373
    vc_rat = 1.168
/

&rkpr
    ac = 31.881234684028914
    b = 0.11133381644849201
    del1 = 1.9416265055947093
    k = 3.228491258456799
/

&soaveredlichkwong
    ac = 30.52201611842559
    b = 0.11923345056891177
    k = 1.2323486767608252
/
