&names
    formula_extended = '(HOCH2CH2)2NH'
    iupac = 'Diethanolamine'
/

&pengrobinson
    ac = 40.16473201058256
    b = 0.11158252756679048
    k = 1.6598263375242022
/

&pure
    a = 0.68184
    acentric_factor = 0.952882
    b = 0.23796
    c = 736.6
    d = 0.2062
    pc = 42.7
    tc = 736.6
    vc = 0.349
    vc_rat = 1.168
/

&rkpr
    ac = 42.63314456147295
    b = 0.10049802643898015
    del1 = 3.675778684904516
    k = 4.094871274579045
/

&soaveredlichkwong
    ac = 37.550951170553574
    b = 0.12426782938050115
    k = 1.8209390494633002
/
