&names
    formula_extended = 'C2H5OCO(CH)2CO2C2H5'
    iupac = 'Diethyl Maleate'
/

&pengrobinson
    ac = 55.99982084957294
    b = 0.16852361270689334
    k = 1.3004145316155027
/

&pure
    a = 0.55665
    acentric_factor = 0.665806
    b = 0.28278
    c = 680.0
    d = 0.33357
    pc = 26.1
    tc = 680.0
    vc = 0.508
    vc_rat = 1.168
/

&rkpr
    ac = 61.02671990166381
    b = 0.14447952726078497
    del1 = 4.295283316037205
    k = 3.0747931728165283
/

&soaveredlichkwong
    ac = 52.35554759155386
    b = 0.18768228330291664
    k = 1.4504015588137
/
