&names
    formula_extended = 'HOCH2CH2N(CH2CH3)2'
    iupac = 'Diethylethanolamine'
/

&pengrobinson
    ac = 34.83578592490273
    b = 0.12041676122164036
    k = 1.4480509165535556
/

&pure
    a = 0.64606
    acentric_factor = 0.781757
    b = 0.25922
    c = 592.0
    d = 0.28571
    pc = 31.8
    tc = 592.0
    vc = 0.401
    vc_rat = 1.168
/

&rkpr
    ac = 35.270618996416154
    b = 0.1179142762277804
    del1 = 2.6648831320523456
    k = 3.910709691191362
/

&soaveredlichkwong
    ac = 32.56879433203285
    b = 0.13410638622687876
    k = 1.603535316766425
/
