&names
    formula_extended = 'HOCH2CH2OCH2CH2OH'
    iupac = 'Diethylene Glycol'
/

&pengrobinson
    ac = 38.09759420799033
    b = 0.10470262150775345
    k = 1.2438650499143817
/

&pure
    a = 0.83692
    acentric_factor = 0.622105
    b = 0.26112
    c = 744.6
    d = 0.2422
    pc = 46.0
    tc = 744.6
    vc = 0.312
    vc_rat = 1.168
/

&rkpr
    ac = 41.85123350436551
    b = 0.08839095138505046
    del1 = 4.4938505658428465
    k = 2.8862869159352833
/

&soaveredlichkwong
    ac = 35.618335495002846
    b = 0.11660577860121102
    k = 1.391465709570625
/
