&names
    formula_extended = '(COOCH2CH3)2'
    iupac = 'Diethyl Oxalate'
/

&pengrobinson
    ac = 39.06859473786513
    b = 0.12936665563676228
    k = 1.4812435725375896
/

&pure
    a = 0.52803
    acentric_factor = 0.808201
    b = 0.23868
    c = 618.0
    d = 0.26952
    pc = 30.9
    tc = 618.0
    vc = 0.4522
    vc_rat = 1.168
/

&rkpr
    ac = 38.049293754861864
    b = 0.13512083508674033
    del1 = 1.8874659733298496
    k = 4.24585508890865
/

&soaveredlichkwong
    ac = 36.5261466930037
    b = 0.1440737527707684
    k = 1.637800324129825
/
