&names
    formula_extended = 'CH2F2'
    iupac = 'Difluoromethane'
/

&pengrobinson
    ac = 6.742579336534777
    b = 0.03928136637767196
    k = 0.7813275191358036
/

&pure
    a = 1.9973
    acentric_factor = 0.277138
    b = 0.24653
    c = 351.26
    d = 0.28153
    pc = 57.84
    tc = 351.255
    vc = 0.123
    vc_rat = 1.168
/

&rkpr
    ac = 7.15109023558399
    b = 0.03543246007234801
    del1 = 3.6572149773287106
    k = 1.9136716744297337
/

&soaveredlichkwong
    ac = 6.30379576199066
    b = 0.04374708335883147
    k = 0.9027742545673
/
