&names
    formula_extended = '2(CH2COOH)O'
    iupac = 'Diglycolic Acid'
/

&pengrobinson
    ac = 48.08556850616591
    b = 0.12000074391645367
    k = 1.8134580524336268
/

&pure
    a = 0.6483
    acentric_factor = 1.08065
    b = 0.215
    c = 820.0
    d = 0.28571
    pc = 44.2
    tc = 820.0
    vc = 0.331
    vc_rat = 1.168
/

&rkpr
    ac = 55.5964537133991
    b = 0.09134509173880817
    del1 = 5.8995103791557435
    k = 3.8427818530942264
/

&soaveredlichkwong
    ac = 44.95632722029844
    b = 0.13364307383713808
    k = 1.9765773260625004
/
