&names
    formula_extended = '2(CH2CH2COO(CH2)5CH3)'
    iupac = 'Dihexyl Adipate'
/

&pengrobinson
    ac = 140.87246573590238
    b = 0.375849336641654
    k = 1.8286944556112248
/

&pure
    a = 0.24975
    acentric_factor = 1.09349
    b = 0.26224
    c = 767.0
    d = 0.3311
    pc = 13.2
    tc = 767.0
    vc = 1.05
    vc_rat = 1.168
/

&rkpr
    ac = 161.55522564598883
    b = 0.2910274178291959
    del1 = 5.658043010951179
    k = 3.93197457102269
/

&soaveredlichkwong
    ac = 131.70497641389903
    b = 0.41857791051204307
    k = 1.9919021934824999
/
