&names
    formula_extended = 'CH2I2'
    iupac = 'Diiodomethane'
/

&pengrobinson
    ac = 32.24506055548858
    b = 0.08833353908652779
    k = 0.5859537826737268
/

&pure
    a = 0.9191
    acentric_factor = 0.140469
    b = 0.24998
    c = 747.0
    d = 0.2654
    pc = 54.7
    tc = 747.0
    vc = 0.272
    vc_rat = 1.168
/

&rkpr
    ac = 34.61482418721736
    b = 0.0779152536741749
    del1 = 3.935268728865859
    k = 1.33066104321248
/

&soaveredlichkwong
    ac = 30.146664344521604
    b = 0.09837577085901643
    k = 0.6976451865068249
/
