&names
    formula_extended = '(CH3)2CHCH2OCH2CH(CH3)2'
    iupac = 'Diisobutyl Ether'
/

&pengrobinson
    ac = 39.4603951174459
    b = 0.1436839139681035
    k = 0.9804375937690291
/

&pure
    a = 0.54144
    acentric_factor = 0.424308
    b = 0.27028
    c = 562.0
    d = 0.28571
    pc = 25.3
    tc = 562.0
    vc = 0.487
    vc_rat = 1.168
/

&rkpr
    ac = 39.40155942157212
    b = 0.14404365186027432
    del1 = 2.3843128949708374
    k = 2.8009479683168097
/

&soaveredlichkwong
    ac = 36.892450068770415
    b = 0.1600186740260313
    k = 1.1163542681988
/
