&names
    formula_extended = '((CH3)2CH)2NH'
    iupac = 'Diisopropylamine'
/

&pengrobinson
    ac = 27.028925505028926
    b = 0.10573702744310991
    k = 0.932821849392388
/

&pure
    a = 0.6181
    acentric_factor = 0.388315
    b = 0.25786
    c = 523.1
    d = 0.271
    pc = 32.0
    tc = 523.1
    vc = 0.418
    vc_rat = 1.168
/

&rkpr
    ac = 24.938630587901454
    b = 0.12013358350818076
    del1 = 0.41421356237309515
    k = 3.126480359167999
/

&soaveredlichkwong
    ac = 25.269977192041274
    b = 0.11775778136623273
    k = 1.064819815635625
/
