&names
    formula_extended = '(C6H4)(COO(CH2)6CH(CH3)2)2'
    iupac = 'Diisononyl Phthalate'
/

&pengrobinson
    ac = 204.06029730094107
    b = 0.5000979511884096
    k = 1.7544369986965522
/

&pure
    a = 0.15556
    acentric_factor = 1.0312
    b = 0.213
    c = 835.0
    d = 0.28571
    pc = 10.8
    tc = 835.0
    vc = 1.37
    vc_rat = 1.168
/

&rkpr
    ac = 236.96041468273492
    b = 0.37718990647856454
    del1 = 6.0312561649165435
    k = 3.686676665511445
/

&soaveredlichkwong
    ac = 190.7807640239535
    b = 0.5569517757573685
    k = 1.9170184479999999
/
