&names
    formula_extended = 'C6H4(COO(CH2)5CH(CH3)CH3)2'
    iupac = 'Diisooctyl Phthalate'
/

&pengrobinson
    ac = 193.993166706137
    b = 0.46648738960544356
    k = 1.8221486732017937
/

&pure
    a = 0.16677
    acentric_factor = 1.08797
    b = 0.23675
    c = 851.0
    d = 0.28571
    pc = 11.8
    tc = 851.0
    vc = 1.42
    vc_rat = 1.168
/

&rkpr
    ac = 209.9599049015207
    b = 0.4051925846327743
    del1 = 4.1288633302136395
    k = 4.321255775828591
/

&soaveredlichkwong
    ac = 181.36876721806246
    b = 0.5195201847793385
    k = 1.9853210038425
/
