&names
    formula_extended = 'C6H4(COO(CH2)7CH(CH3)2)2'
    iupac = 'Diisodecyl Phthalate'
/

&pengrobinson
    ac = 260.60396352717834
    b = 0.5873246165909007
    k = 1.883583481504
/

&pure
    a = 0.13246
    acentric_factor = 1.14
    b = 0.22861
    c = 908.0
    d = 0.28571
    pc = 10.0
    tc = 908.0
    vc = 1.73
    vc_rat = 1.168
/

&rkpr
    ac = 288.56366676894083
    b = 0.48820166301995044
    del1 = 4.696021296810771
    k = 4.293331881374621
/

&soaveredlichkwong
    ac = 243.64476542961657
    b = 0.6540948375792885
    k = 2.0469299999999997
/
