&names
    formula_extended = '(CH3)2CHCH2NHCH2CH(CH3)2'
    iupac = 'Diisobutylamine'
/

&pengrobinson
    ac = 41.37444520990844
    b = 0.14597793826716365
    k = 1.0596076510398034
/

&pure
    a = 0.5024
    acentric_factor = 0.485362
    b = 0.26249
    c = 580.0
    d = 0.272
    pc = 25.7
    tc = 580.0
    vc = 0.524
    vc_rat = 1.168
/

&rkpr
    ac = 39.41036447753757
    b = 0.15795048484684665
    del1 = 1.4333788872094875
    k = 3.302358684618281
/

&soaveredlichkwong
    ac = 38.681940449065166
    b = 0.16257349534444684
    k = 1.2027339405673
/
