&names
    formula_extended = 'C6H4(CO2CH2CH(CH3)2)2'
    iupac = 'Diisobutyl Phthalate'
/

&pengrobinson
    ac = 103.10963748124142
    b = 0.27690278537981133
    k = 1.6145786494590209
/

&pure
    a = 0.28095
    acentric_factor = 0.915837
    b = 0.2503
    c = 762.0
    d = 0.2857
    pc = 17.8
    tc = 762.0
    vc = 0.891
    vc_rat = 1.168
/

&rkpr
    ac = 107.1751157758393
    b = 0.2590201519452621
    del1 = 3.213537796777228
    k = 4.132747323816529
/

&soaveredlichkwong
    ac = 96.3996214701849
    b = 0.30838258317788064
    k = 1.774744891150425
/
