&names
    formula_extended = '(CH3)2CHCOCH(CH3)2'
    iupac = 'Diisopropyl Ketone'
/

&pengrobinson
    ac = 34.725406909036685
    b = 0.12336952590525672
    k = 0.9542231463670362
/

&pure
    a = 0.64619
    acentric_factor = 0.404427
    b = 0.26881
    c = 576.0
    d = 0.28036
    pc = 30.2
    tc = 576.0
    vc = 0.416
    vc_rat = 1.168
/

&rkpr
    ac = 34.81545850613121
    b = 0.12283365079965158
    del1 = 2.4662236711954755
    k = 2.704649000063175
/

&soaveredlichkwong
    ac = 32.4655983979993
    b = 0.13739483707940825
    k = 1.0879448882924252
/
