&names
    formula_extended = '(CH3)2CHCH2COCH2CH(CH3)2'
    iupac = 'Diisobutyl Ketone'
/

&pengrobinson
    ac = 48.20675189453832
    b = 0.1604042201947758
    k = 1.0985904395402941
/

&pure
    a = 0.52184
    acentric_factor = 0.511608
    b = 0.2724
    c = 615.0
    d = 0.2813
    pc = 24.8
    tc = 615.0
    vc = 0.522
    vc_rat = 1.168
/

&rkpr
    ac = 49.681805069720106
    b = 0.15232212248096152
    del1 = 3.0321041432636466
    k = 2.919362741308728
/

&soaveredlichkwong
    ac = 45.06962441591413
    b = 0.1786398345847229
    k = 1.2394660115088
/
