&names
    formula_extended = 'CH3CH(CH3)OCH(CH3)CH3'
    iupac = 'Diisopropyl Ether'
/

&pengrobinson
    ac = 27.443765203261705
    b = 0.11230867387354682
    k = 0.8660157529619291
/

&pure
    a = 0.69213
    acentric_factor = 0.338683
    b = 0.26974
    c = 500.05
    d = 0.28571
    pc = 28.8
    tc = 500.05
    vc = 0.386
    vc_rat = 1.168
/

&rkpr
    ac = 27.098400769287338
    b = 0.114698178349742
    del1 = 2.16152151396523
    k = 2.548679860963939
/

&soaveredlichkwong
    ac = 25.65782056786267
    b = 0.12507652790455334
    k = 0.993013461464425
/
