&names
    formula_extended = 'CH3CH(OH)CH2NHCH2CH(OH)CH3'
    iupac = 'Diisopropanolamine'
/

&pengrobinson
    ac = 39.65019841357445
    b = 0.12074221192764477
    k = 2.169943377467905
/

&pure
    a = 0.54249
    acentric_factor = 1.38914
    b = 0.24629
    c = 672.0
    d = 0.2229
    pc = 36.0
    tc = 672.0
    vc = 0.454
    vc_rat = 1.168
/

&rkpr
    ac = 36.58383130284451
    b = 0.1371817891076658
    del1 = 0.41421356237309515
    k = 6.153522402015826
/

&soaveredlichkwong
    ac = 37.0699016275921
    b = 0.13446883591938383
    k = 2.32880712057
/
