&names
    formula_extended = '-C(CH2)CH2C(O)O-'
    iupac = 'Diketene'
/

&pengrobinson
    ac = 20.124471510245428
    b = 0.0668539092887966
    k = 0.9245050674768979
/

&pure
    a = 1.1637
    acentric_factor = 0.382082
    b = 0.273
    c = 616.0
    d = 0.28571
    pc = 59.6
    tc = 616.0
    vc = 0.234
    vc_rat = 1.168
/

&rkpr
    ac = 19.57783869123632
    b = 0.06995185149069016
    del1 = 1.8654461280019452
    k = 2.797423463635775
/

&soaveredlichkwong
    ac = 18.814841010648678
    b = 0.07445422123053132
    k = 1.0558494034233
/
