&names
    formula_extended = 'HOOCCH(CH3)OCH(CH3)COOH'
    iupac = 'Dilactic Acid'
/

&pengrobinson
    ac = 39.5656173692809
    b = 0.12267527689692974
    k = 1.6035061578257992
/

&pure
    a = 0.63417
    acentric_factor = 0.906812
    b = 0.277
    c = 660.0
    d = 0.28571
    pc = 34.8
    tc = 660.0
    vc = 0.436
    vc_rat = 1.168
/

&rkpr
    ac = 38.00456754000737
    b = 0.1309958279686048
    del1 = 1.60834669048668
    k = 4.634380138697486
/

&soaveredlichkwong
    ac = 36.990824823011785
    b = 0.1366216621102114
    k = 1.7634181874147998
/
