&names
    formula_extended = 'C6H4(COOCH3)2'
    iupac = 'Dimethyl Terephthalate'
/

&pengrobinson
    ac = 67.76401412729567
    b = 0.17962420530859796
    k = 1.2633075371079252
/

&pure
    a = 0.50824
    acentric_factor = 0.637086
    b = 0.26885
    c = 772.0
    d = 0.2612
    pc = 27.8
    tc = 772.0
    vc = 0.529
    vc_rat = 1.168
/

&rkpr
    ac = 75.0433650262969
    b = 0.14927350920366111
    del1 = 4.699141801288133
    k = 2.8820987360916868
/

&soaveredlichkwong
    ac = 63.35416815290422
    b = 0.20004485096948416
    k = 1.4117446140057
/
