&names
    formula_extended = '(CH3)2Si(OCH3)2'
    iupac = 'Dimethyldimethoxysilane'
/

&pengrobinson
    ac = 32.62798522016223
    b = 0.12742129239410416
    k = 0.7614750598755666
/

&pure
    a = 0.55198
    acentric_factor = 0.262922
    b = 0.24342
    c = 524.0
    d = 0.24919
    pc = 26.6
    tc = 524.0
    vc = 0.441
    vc_rat = 1.168
/

&rkpr
    ac = 32.036050864665825
    b = 0.13134300049992215
    del1 = 2.049328423665201
    k = 2.289116276101006
/

&soaveredlichkwong
    ac = 30.504669605987612
    b = 0.1419072301727117
    k = 0.8817418318353001
/
