&names
    formula_extended = '(CH3)2AlCl'
    iupac = 'Dimethylaluminum Chloride'
/

&pengrobinson
    ac = 33.456618722744786
    b = 0.11060491690491137
    k = 0.6484288926460595
/

&pure
    a = 0.7034
    acentric_factor = 0.183412
    b = 0.22535
    c = 619.0
    d = 0.28571
    pc = 36.2
    tc = 619.0
    vc = 0.32
    vc_rat = 1.168
/

&rkpr
    ac = 37.497596719534485
    b = 0.08975597527443296
    del1 = 5.014887470004594
    k = 1.2621197003734965
/

&soaveredlichkwong
    ac = 31.279378526877807
    b = 0.12317907868108513
    k = 0.7628034946948
/
