&names
    formula_extended = 'CH3SOCH3'
    iupac = 'Dimethyl Sulfoxide'
/

&pengrobinson
    ac = 29.731438920992336
    b = 0.0834586654506192
    k = 0.7860774887968179
/

&pure
    a = 1.1096
    acentric_factor = 0.280551
    b = 0.25189
    c = 729.0
    d = 0.3311
    pc = 56.5
    tc = 729.0
    vc = 0.227
    vc_rat = 1.168
/

&rkpr
    ac = 34.680657708407445
    b = 0.062344951998460435
    del1 = 6.170178116577959
    k = 1.387984253014253
/

&soaveredlichkwong
    ac = 27.79662044946098
    b = 0.09294669537158422
    k = 0.9078132228698249
/
