&names
    formula_extended = '(CH3O)2SO2'
    iupac = 'Dimethyl Sulfate'
/

&pengrobinson
    ac = 23.11624805979321
    b = 0.06606742185158473
    k = 0.9999482876835317
/

&pure
    a = 0.89372
    acentric_factor = 0.439211
    b = 0.26187
    c = 716.0
    d = 0.33006
    pc = 70.1
    tc = 716.0
    vc = 0.293
    vc_rat = 1.168
/

&rkpr
    ac = 21.328541929431008
    b = 0.0750627886191324
    del1 = 0.41421356237309515
    k = 3.3202659880466987
/

&soaveredlichkwong
    ac = 21.611923164605933
    b = 0.0735783216718047
    k = 1.137559511058825
/
