&names
    formula_extended = '(CH3)2S'
    iupac = 'Dimethyl Sulfide'
/

&pengrobinson
    ac = 14.46402714934503
    b = 0.0588396043865433
    k = 0.6640477211367628
/

&pure
    a = 1.4029
    acentric_factor = 0.194256
    b = 0.27991
    c = 503.04
    d = 0.2741
    pc = 55.3
    tc = 503.04
    vc = 0.201
    vc_rat = 1.168
/

&rkpr
    ac = 14.352276297424215
    b = 0.05960589412005147
    del1 = 2.2592088062042874
    k = 1.9605751586427456
/

&soaveredlichkwong
    ac = 13.522758649840139
    b = 0.06552880704684207
    k = 0.7791552501312
/
