&names
    formula_extended = '(CH3)2NH'
    iupac = 'Dimethylamine'
/

&pengrobinson
    ac = 11.314317693901035
    b = 0.052957960528457367
    k = 0.812866461010308
/

&pure
    a = 1.5436
    acentric_factor = 0.299885
    b = 0.27784
    c = 437.2
    d = 0.2572
    pc = 53.4
    tc = 437.2
    vc = 0.18
    vc_rat = 1.168
/

&rkpr
    ac = 11.272186333313904
    b = 0.05328955092815985
    del1 = 2.33953295861615
    k = 2.3507013974388724
/

&soaveredlichkwong
    ac = 10.578021313321985
    b = 0.05897850628406362
    k = 0.936281062685625
/
