&names
    formula_extended = '(CH3O)2CO'
    iupac = 'Dimethyl Carbonate'
/

&pengrobinson
    ac = 21.09395051089509
    b = 0.07876991920993968
    k = 0.9278954234420212
/

&pure
    a = 1.0346
    acentric_factor = 0.384621
    b = 0.25968
    c = 548.0
    d = 0.27542
    pc = 45.0
    tc = 548.0
    vc = 0.251
    vc_rat = 1.168
/

&rkpr
    ac = 22.08598454888647
    b = 0.0727299718240126
    del1 = 3.3713488852592213
    k = 2.3791438084558734
/

&soaveredlichkwong
    ac = 19.721229695245924
    b = 0.08772490724264564
    k = 1.059505124112825
/
