&names
    formula_extended = '(CH3)2SiHCl'
    iupac = 'Dimethylchlorosilane'
/

&pengrobinson
    ac = 19.45291756083728
    b = 0.08433848268032014
    k = 0.7469331072151891
/

&pure
    a = 0.91364
    acentric_factor = 0.252558
    b = 0.27317
    c = 472.0
    d = 0.26019
    pc = 36.2
    tc = 472.0
    vc = 0.299
    vc_rat = 1.168
/

&rkpr
    ac = 18.724517362970882
    b = 0.0897605246091308
    del1 = 1.6511415040852497
    k = 2.3574992087367788
/

&soaveredlichkwong
    ac = 18.18698945281995
    b = 0.09392653495552857
    k = 0.8663638219113
/
