&names
    formula_extended = 'CH3OOC(C6H10)COOCH3'
    iupac = 'Dimethyl-1,4-Cyclohexanedicarboxylate'
/

&pengrobinson
    ac = 68.76470768225846
    b = 0.19119248704549605
    k = 1.2686388871902554
/

&pure
    a = 0.46518
    acentric_factor = 0.641202
    b = 0.26469
    c = 736.0
    d = 0.28571
    pc = 24.9
    tc = 736.0
    vc = 0.569
    vc_rat = 1.168
/

&rkpr
    ac = 75.60657673633264
    b = 0.16113051898182268
    del1 = 4.516050841053628
    k = 2.940863652622933
/

&soaveredlichkwong
    ac = 64.28974005735998
    b = 0.21292827718732038
    k = 1.4173024471593
/
