&names
    formula_extended = 'C6H4(CO2CH3)2'
    iupac = 'Dimethyl Isophthalate'
/

&pengrobinson
    ac = 66.12898143541116
    b = 0.17712567187542363
    k = 1.2472826105233095
/

&pure
    a = 0.43922
    acentric_factor = 0.624735
    b = 0.237
    c = 764.0
    d = 0.28571
    pc = 27.9
    tc = 764.0
    vc = 0.539
    vc_rat = 1.168
/

&rkpr
    ac = 71.58820834948388
    b = 0.15378513922077997
    del1 = 4.134369319986853
    k = 2.987631535297544
/

&soaveredlichkwong
    ac = 61.82553769275234
    b = 0.19726227081875816
    k = 1.3950314714606251
/
