&names
    formula_extended = '(CH3)2SiH2'
    iupac = 'Dimethyl Silane'
/

&pengrobinson
    ac = 14.348662739577554
    b = 0.07304128590727306
    k = 0.5705088520265179
/

&pure
    a = 1.0214
    acentric_factor = 0.129957
    b = 0.26351
    c = 402.0
    d = 0.28421
    pc = 35.6
    tc = 402.0
    vc = 0.258
    vc_rat = 1.168
/

&rkpr
    ac = 13.85377013093235
    b = 0.07735867057127654
    del1 = 1.7134115688033664
    k = 1.842860944267634
/

&soaveredlichkwong
    ac = 13.414901753972968
    b = 0.08134501209810238
    k = 0.681596774176425
/
