&names
    formula_extended = 'CH3O2CCHCHCO2CH3'
    iupac = 'Dimethyl Maleate'
/

&pengrobinson
    ac = 44.72609619650595
    b = 0.13559393253853186
    k = 1.1657315069168852
/

&pure
    a = 0.6228
    acentric_factor = 0.562362
    b = 0.25098
    c = 675.0
    d = 0.2912
    pc = 32.2
    tc = 675.0
    vc = 0.403
    vc_rat = 1.168
/

&rkpr
    ac = 49.22119970239508
    b = 0.1140711343651126
    del1 = 4.539127508097793
    k = 2.6835902372780063
/

&soaveredlichkwong
    ac = 41.815477665379724
    b = 0.15100898000041718
    k = 1.3098138596673001
/
