&names
    formula_extended = 'C6H4(COOCH3)2'
    iupac = 'Dimethyl Phthalate'
/

&pengrobinson
    ac = 66.71478072108563
    b = 0.17822816226215807
    k = 1.2888638858365518
/

&pure
    a = 0.47977
    acentric_factor = 0.656848
    b = 0.25428
    c = 766.0
    d = 0.30722
    pc = 27.8
    tc = 766.0
    vc = 0.53
    vc_rat = 1.168
/

&rkpr
    ac = 73.39249051433349
    b = 0.15004651054723755
    del1 = 4.529728894562048
    k = 2.986334736964921
/

&soaveredlichkwong
    ac = 62.373215201625335
    b = 0.19849009824174207
    k = 1.4383751253568
/
