&names
    formula_extended = 'HOCH2CH2N(CH3)2'
    iupac = 'Dimethylethanolamine'
/

&pengrobinson
    ac = 24.964775263644054
    b = 0.08934111235049928
    k = 1.3583220043388966
/

&pure
    a = 0.87078
    acentric_factor = 0.710963
    b = 0.2612
    c = 571.82
    d = 0.28571
    pc = 41.4
    tc = 571.82
    vc = 0.3
    vc_rat = 1.168
/

&rkpr
    ac = 25.11220262910308
    b = 0.08845918396696187
    del1 = 2.5326849126268614
    k = 3.731500856954054
/

&soaveredlichkwong
    ac = 23.340154657622094
    b = 0.09949789047026666
    k = 1.510598794210425
/
