&names
    formula_extended = 'CH3SSCH3'
    iupac = 'Dimethyl Disulfide'
/

&pengrobinson
    ac = 22.304616548219222
    b = 0.0742168780005679
    k = 0.6807710245268044
/

&pure
    a = 1.1058
    acentric_factor = 0.205916
    b = 0.27866
    c = 615.0
    d = 0.31082
    pc = 53.6
    tc = 615.0
    vc = 0.252
    vc_rat = 1.168
/

&rkpr
    ac = 22.23965814053881
    b = 0.07458014050506995
    del1 = 2.3558077310574905
    k = 1.9808652282631067
/

&soaveredlichkwong
    ac = 20.853109804378178
    b = 0.08265425182278224
    k = 0.7966915391652001
/
