&names
    formula_extended = 'CH3CCCH3'
    iupac = 'Dimethylacetylene'
/

&pengrobinson
    ac = 14.533487126412986
    b = 0.06285041216356868
    k = 0.7271747199465811
/

&pure
    a = 1.1717
    acentric_factor = 0.238542
    b = 0.25895
    c = 473.2
    d = 0.27289
    pc = 48.7
    tc = 473.2
    vc = 0.221
    vc_rat = 1.168
/

&rkpr
    ac = 14.08513036454773
    b = 0.06616577862252451
    del1 = 1.7893253201427355
    k = 2.2644648960092537
/

&soaveredlichkwong
    ac = 13.587698413573639
    b = 0.06999558502169158
    k = 0.8455072079913
/
