&names
    formula_extended = 'CH3OCH3'
    iupac = 'Dimethyl Ether'
/

&pengrobinson
    ac = 9.422629971620168
    b = 0.04819329508404896
    k = 0.6726121653488373
/

&pure
    a = 1.5693
    acentric_factor = 0.200221
    b = 0.2679
    c = 400.1
    d = 0.2882
    pc = 53.7
    tc = 400.1
    vc = 0.17
    vc_rat = 1.168
/

&rkpr
    ac = 9.107914650106524
    b = 0.05095000105250664
    del1 = 1.7362411108258922
    k = 2.1250090782282833
/

&soaveredlichkwong
    ac = 8.809438038059788
    b = 0.0536721680480302
    k = 0.788132375452825
/
