&names
    formula_extended = '(CH3)2SiCl2'
    iupac = 'Dimethyldichlorosilane'
/

&pengrobinson
    ac = 24.523079745890183
    b = 0.09644117372577257
    k = 0.767838151173072
/

&pure
    a = 0.70142
    acentric_factor = 0.26747
    b = 0.25095
    c = 520.35
    d = 0.28758
    pc = 34.9
    tc = 520.35
    vc = 0.358
    vc_rat = 1.168
/

&rkpr
    ac = 22.69080190765926
    b = 0.10910629426029857
    del1 = 0.6594446886407233
    k = 2.633724342740023
/

&soaveredlichkwong
    ac = 22.927203145458186
    b = 0.10740512500611654
    k = 0.8884782448424999
/
