&names
    formula_extended = '(CH2COOCH3)2'
    iupac = 'Dimethyl Succinate'
/

&pengrobinson
    ac = 41.59740273996751
    b = 0.12956386090450125
    k = 1.2440925113944983
/

&pure
    a = 0.58871
    acentric_factor = 0.62228
    b = 0.24961
    c = 657.0
    d = 0.2772
    pc = 32.8
    tc = 657.0
    vc = 0.424
    vc_rat = 1.168
/

&rkpr
    ac = 42.6878960545973
    b = 0.12395593599954326
    del1 = 2.942712342288916
    k = 3.3175134820715524
/

&soaveredlichkwong
    ac = 38.89038867977039
    b = 0.14429337739389458
    k = 1.3917030502800003
/
