&names
    formula_extended = '(C6H3)((CH2)8CH3)2OH'
    iupac = 'Dinonylphenol'
/

&pengrobinson
    ac = 207.39615926183598
    b = 0.4705190459046757
    k = 1.8654256966567586
/

&pure
    a = 0.16534
    acentric_factor = 1.12457
    b = 0.203
    c = 902.0
    d = 0.28571
    pc = 12.4
    tc = 902.0
    vc = 1.23
    vc_rat = 1.168
/

&rkpr
    ac = 247.87145699987255
    b = 0.3332492814369971
    del1 = 6.964773179431051
    k = 3.7190008145412614
/

&soaveredlichkwong
    ac = 193.899539709355
    b = 0.5240101814485205
    k = 2.0287580851425
/
