&names
    formula_extended = 'CH3(CH2)8O(CH2)8CH3'
    iupac = 'Dinonyl Ether'
/

&pengrobinson
    ac = 131.71086317601814
    b = 0.3662071482640655
    k = 1.7193992494917612
/

&pure
    a = 0.26117
    acentric_factor = 1.00206
    b = 0.2664
    c = 736.0
    d = 0.3303
    pc = 13.0
    tc = 736.0
    vc = 1.02
    vc_rat = 1.168
/

&rkpr
    ac = 151.33995006761535
    b = 0.28242346561748594
    del1 = 5.714518032681689
    k = 3.6841573519333735
/

&soaveredlichkwong
    ac = 123.13957903294333
    b = 0.4078395463049444
    k = 1.88152069737
/
