&names
    formula_extended = 'C6H4(COOCH2CH(C2H5)C4H9)2'
    iupac = 'Dioctyl Phthalate'
/

&pengrobinson
    ac = 174.01929139328445
    b = 0.44182001882724736
    k = 1.8859685385650058
/

&pure
    a = 0.19726
    acentric_factor = 1.14203
    b = 0.25052
    c = 806.0
    d = 0.38451
    pc = 11.8
    tc = 806.0
    vc = 1.27
    vc_rat = 1.168
/

&rkpr
    ac = 195.8825639742772
    b = 0.35543571904421895
    del1 = 5.131923640279379
    k = 4.183184986317764
/

&soaveredlichkwong
    ac = 162.69472212890233
    b = 0.49204849463236994
    k = 2.0493145288425
/
