&names
    formula_extended = '(CH2CH2COO(CH2)7CH3)2'
    iupac = 'Dioctyl Adipate'
/

&pengrobinson
    ac = 192.70237216051845
    b = 0.4751076291084631
    k = 1.775111716007493
/

&pure
    a = 0.21796
    acentric_factor = 1.04847
    b = 0.27462
    c = 830.0
    d = 0.28571
    pc = 11.3
    tc = 830.0
    vc = 1.26
    vc_rat = 1.168
/

&rkpr
    ac = 228.31506488247385
    b = 0.3430705067655379
    del1 = 6.671367044533902
    k = 3.5908473562274383
/

&soaveredlichkwong
    ac = 180.16197308481716
    b = 0.5291204194678661
    k = 1.9379161453425002
/
