&names
    formula_extended = '(CH3(CH2)7CHCH(CH2)7COOCH2)2CHOH'
    iupac = 'Diolein'
/

&pengrobinson
    ac = 419.3067645147834
    b = 0.8371264016899074
    k = 3.403756659237572
/

&pure
    a = 0.13004
    acentric_factor = 2.58102
    b = 0.27959
    c = 1025.0
    d = 0.28571
    pc = 7.92
    tc = 1025.0
    vc = 2.15
    vc_rat = 1.168
/

&rkpr
    ac = 506.4330377871574
    b = 0.578970446263199
    del1 = 7.333559649137377
    k = 5.979082436112348
/

&soaveredlichkwong
    ac = 392.01974099139676
    b = 0.9322954330179143
    k = 3.37673423793
/
