&names
    formula_extended = '-CH(CH3)OCH(CH3)OCH(OOCCH3)CH2-'
    iupac = 'Dioxin'
/

&pengrobinson
    ac = 49.81305930498672
    b = 0.1523702334876654
    k = 1.1915209351230878
/

&pure
    a = 0.58863
    acentric_factor = 0.582
    b = 0.28078
    c = 669.0
    d = 0.28571
    pc = 28.4
    tc = 669.0
    vc = 0.477
    vc_rat = 1.168
/

&rkpr
    ac = 52.83995835576741
    b = 0.1373981694440716
    del1 = 3.661018028701752
    k = 2.977507837651458
/

&soaveredlichkwong
    ac = 46.571398935877404
    b = 0.1696925010627536
    k = 1.3367913
/
