&names
    formula_extended = '(C6H5)CC(C6H5)'
    iupac = 'Diphenylacetylene'
/

&pengrobinson
    ac = 75.44977938796995
    b = 0.18557423705135553
    k = 0.926525812823172
/

&pure
    a = 0.41922
    acentric_factor = 0.383595
    b = 0.256
    c = 832.0
    d = 0.28571
    pc = 29.0
    tc = 832.0
    vc = 0.611
    vc_rat = 1.168
/

&rkpr
    ac = 77.06711226005929
    b = 0.1789873487689139
    del1 = 2.8456698905730913
    k = 2.5199562478338318
/

&soaveredlichkwong
    ac = 70.5397705848058
    b = 0.20667131431944705
    k = 1.058028133295625
/
