&names
    formula_extended = '(C6H5)CH2(C6H5)'
    iupac = 'Diphenylmethane'
/

&pengrobinson
    ac = 67.37010329891359
    b = 0.18139973853125335
    k = 1.054797818051973
/

&pure
    a = 0.44189
    acentric_factor = 0.481608
    b = 0.24877
    c = 760.0
    d = 0.28024
    pc = 27.1
    tc = 760.0
    vc = 0.563
    vc_rat = 1.168
/

&rkpr
    ac = 71.9122348976831
    b = 0.16170140974271313
    del1 = 3.803681845014818
    k = 2.6031518768224817
/

&soaveredlichkwong
    ac = 62.98589166899215
    b = 0.202022236357535
    k = 1.1974603955088001
/
