&names
    formula_extended = '(C6H5)O(C6H5)'
    iupac = 'Diphenyl Ether'
/

&pengrobinson
    ac = 60.34243224798825
    b = 0.1610362849712164
    k = 0.9995293046875681
/

&pure
    a = 0.52133
    acentric_factor = 0.43889
    b = 0.26218
    c = 766.8
    d = 0.31033
    pc = 30.8
    tc = 766.8
    vc = 0.503
    vc_rat = 1.168
/

&rkpr
    ac = 64.11368125695387
    b = 0.14477843386392256
    del1 = 3.697997980135522
    k = 2.4839520002878808
/

&soaveredlichkwong
    ac = 56.415556968228316
    b = 0.1793437558841318
    k = 1.1371035843825001
/
