&names
    formula_extended = '(C6H5)NH(C6H5)'
    iupac = 'Diphenylamine'
/

&pengrobinson
    ac = 66.34776727774434
    b = 0.1661832667535138
    k = 1.1225495704172792
/

&pure
    a = 0.4556
    acentric_factor = 0.529658
    b = 0.24546
    c = 817.0
    d = 0.2833
    pc = 31.8
    tc = 817.0
    vc = 0.539
    vc_rat = 1.168
/

&rkpr
    ac = 68.55175007464007
    b = 0.15710737333901
    del1 = 3.085743763742722
    k = 2.9655510228992092
/

&soaveredlichkwong
    ac = 62.03008571463624
    b = 0.1850758742354053
    k = 1.2645876125312998
/
