&names
    formula_extended = 'NCO(C6H4)CH2(C6H4)NCO'
    iupac = "Diphenylmethane-4,4'-Diisocyanate"
/

&pengrobinson
    ac = 89.17091214505551
    b = 0.2275264425892178
    k = 1.6562982702281475
/

&pure
    a = 0.34192
    acentric_factor = 0.949984
    b = 0.24341
    c = 802.0
    d = 0.28571
    pc = 22.8
    tc = 802.0
    vc = 0.712
    vc_rat = 1.168
/

&rkpr
    ac = 94.61638830088523
    b = 0.20506215081001133
    del1 = 3.667471898462176
    k = 4.0893365737054035
/

&soaveredlichkwong
    ac = 83.36797982146267
    b = 0.25339287219771106
    k = 1.8173426359552003
/
