&names
    formula_extended = 'CH3O(C3H6O)2H'
    iupac = 'Dipropylene Glycol Monomethyl Ether'
/

&pengrobinson
    ac = 40.82386939933869
    b = 0.13650412629258363
    k = 1.5708805166999413
/

&pure
    a = 0.56992
    acentric_factor = 0.880311
    b = 0.26585
    c = 612.0
    d = 0.28571
    pc = 29.0
    tc = 612.0
    vc = 0.466
    vc_rat = 1.168
/

&rkpr
    ac = 40.52987354465877
    b = 0.1381606375144402
    del1 = 2.26974186323722
    k = 4.336812597994939
/

&soaveredlichkwong
    ac = 38.16719419424277
    b = 0.15202264947536254
    k = 1.7299937090738249
/
