&names
    formula_extended = 'H3SiSiH3'
    iupac = 'Disilane'
/

&pengrobinson
    ac = 11.49898342821171
    b = 0.05447017079442621
    k = 0.5171492707507684
/

&pure
    a = 1.4282
    acentric_factor = 0.0939476
    b = 0.3179
    c = 432.0
    d = 0.28571
    pc = 51.3
    tc = 432.0
    vc = 0.223
    vc_rat = 1.168
/

&rkpr
    ac = 10.609704029826009
    b = 0.0618865214019545
    del1 = 0.41421356237309515
    k = 1.921914205081547
/

&soaveredlichkwong
    ac = 10.75066964495152
    b = 0.06066263274558669
    k = 0.6263289458794921
/
