&names
    formula_extended = 'CH2CHOCHCH2'
    iupac = 'Divinyl Ether'
/

&pengrobinson
    ac = 15.94345247546433
    b = 0.07046677830567169
    k = 0.800695531445001
/

&pure
    a = 1.104
    acentric_factor = 0.291083
    b = 0.276
    c = 463.0
    d = 0.28571
    pc = 42.5
    tc = 463.0
    vc = 0.25
    vc_rat = 1.168
/

&rkpr
    ac = 15.337292204744065
    b = 0.07506825247256865
    del1 = 1.638935766617081
    k = 2.512692661991263
/

&soaveredlichkwong
    ac = 14.90590812951173
    b = 0.0784778206269009
    k = 0.9233370122444251
/
