&names
    formula_extended = '-((CH3)2SiO)6-'
    iupac = 'Dodecamethylcyclohexasiloxane'
/

&pengrobinson
    ac = 137.1772250410883
    b = 0.4346773476078099
    k = 1.4031758784375965
/

&pure
    a = 0.14034
    acentric_factor = 0.746226
    b = 0.22595
    c = 645.8
    d = 0.28341
    pc = 9.61
    tc = 645.8
    vc = 1.61
    vc_rat = 1.168
/

&rkpr
    ac = 127.17544078999332
    b = 0.4903184582674565
    del1 = 0.7410276755280268
    k = 4.368070077132749
/

&soaveredlichkwong
    ac = 128.25020911063788
    b = 0.48409380613611974
    k = 1.5571104064616998
/
