&names
    formula_extended = '-CH2(CH2)4NHC(O)-'
    iupac = 'Epsilon-Caprolactam'
/

&pengrobinson
    ac = 43.048797451588186
    b = 0.10929719543315554
    k = 1.0476574891322095
/

&pure
    a = 0.71179
    acentric_factor = 0.476046
    b = 0.25363
    c = 806.0
    d = 0.28571
    pc = 47.7
    tc = 806.0
    vc = 0.356
    vc_rat = 1.168
/

&rkpr
    ac = 44.33602251563658
    b = 0.10391333015300745
    del1 = 3.017862586192913
    k = 2.8003840597322043
/

&soaveredlichkwong
    ac = 40.24733167968653
    b = 0.12172268839962191
    k = 1.1896379400297001
/
