&names
    formula_extended = '-(CH2)5COO-'
    iupac = 'Epsilon-Caprolactone'
/

&pengrobinson
    ac = 40.58233996059764
    b = 0.1077124098228334
    k = 1.001314490476245
/

&pure
    a = 0.72226
    acentric_factor = 0.440258
    b = 0.25405
    c = 771.0
    d = 0.28571
    pc = 46.3
    tc = 771.0
    vc = 0.352
    vc_rat = 1.168
/

&rkpr
    ac = 41.69059451973895
    b = 0.10285905677751019
    del1 = 2.9649737750968406
    k = 2.689666013762899
/

&soaveredlichkwong
    ac = 37.94138264997486
    b = 0.11995773583829637
    k = 1.1390463483513
/
