&names
    formula_extended = 'CH3CH2OH'
    iupac = 'Ethanol'
/

&pengrobinson
    ac = 13.607534192788155
    b = 0.05417505376999821
    k = 1.2716885353092735
/

&pure
    a = 1.6288
    acentric_factor = 0.643558
    b = 0.27469
    c = 514.0
    d = 0.23178
    pc = 61.37
    tc = 514.0
    vc = 0.168
    vc_rat = 1.168
/

&rkpr
    ac = 14.53369264061573
    b = 0.04823843427459019
    del1 = 3.8175205099605973
    k = 3.1332633868606163
/

&soaveredlichkwong
    ac = 12.722003271188136
    b = 0.060333965230711224
    k = 1.4204810846113
/
