&names
    formula_extended = 'CH3CH3'
    iupac = 'Ethane'
/

&pengrobinson
    ac = 6.048010651657905
    b = 0.04053594755646167
    k = 0.5254121746853339
/

&pure
    a = 1.9122
    acentric_factor = 0.099493
    b = 0.27937
    c = 305.32
    d = 0.29187
    pc = 48.72
    tc = 305.32
    vc = 0.1455
    vc_rat = 1.168
/

&rkpr
    ac = 5.761147125069429
    b = 0.04385767845691504
    del1 = 1.4342688371894046
    k = 1.7841784146579582
/

&soaveredlichkwong
    ac = 5.6544271875025975
    b = 0.04514429207304085
    k = 0.6348696820164249
/
