&names
    formula_extended = '(CH3)2CHCO2CH2CH3'
    iupac = 'Ethyl Isobutyrate'
/

&pengrobinson
    ac = 31.81424120438967
    b = 0.11769599599584712
    k = 0.9831377072983081
/

&pure
    a = 0.60731
    acentric_factor = 0.426365
    b = 0.24904
    c = 553.15
    d = 0.28571
    pc = 30.4
    tc = 553.15
    vc = 0.41
    vc_rat = 1.168
/

&rkpr
    ac = 31.071444049736627
    b = 0.12237290392853575
    del1 = 1.943548150256388
    k = 2.938782816374564
/

&soaveredlichkwong
    ac = 29.74388121597534
    b = 0.1310763097782081
    k = 1.119285765185625
/
