&names
    formula_extended = 'CH3CH2SH'
    iupac = 'Ethyl Mercaptan'
/

&pengrobinson
    ac = 14.344952879903438
    b = 0.05880998739625673
    k = 0.6546860590347701
/

&pure
    a = 1.3047
    acentric_factor = 0.187751
    b = 0.2694
    c = 499.15
    d = 0.27866
    pc = 54.9
    tc = 499.15
    vc = 0.207
    vc_rat = 1.168
/

&rkpr
    ac = 13.890866904070057
    b = 0.06199474807618459
    del1 = 1.772613355556563
    k = 2.0648547794592575
/

&soaveredlichkwong
    ac = 13.411433319042652
    b = 0.06549582303782245
    k = 0.769351247349825
/
