&names
    formula_extended = 'H3CCH2CH2OCH2CH3'
    iupac = 'Ethyl Propyl Ether'
/

&pengrobinson
    ac = 23.46982576861347
    b = 0.0960114806950265
    k = 0.8777478125314867
/

&pure
    a = 0.7908
    acentric_factor = 0.347328
    b = 0.266
    c = 500.23
    d = 0.292
    pc = 33.7007
    tc = 500.23
    vc = 0.339
    vc_rat = 1.168
/

&rkpr
    ac = 22.66793525102734
    b = 0.10163222330892817
    del1 = 1.7201949202164393
    k = 2.707520348070227
/

&soaveredlichkwong
    ac = 21.942491267871446
    b = 0.10692658216078818
    k = 1.0055828425728002
/
