&names
    formula_extended = 'CH3COCH2COOCH2CH3'
    iupac = 'Ethyl Acetoacetate'
/

&pengrobinson
    ac = 39.96534006753462
    b = 0.12719076387528766
    k = 1.1635493509992496
/

&pure
    a = 0.61165
    acentric_factor = 0.560704
    b = 0.2491
    c = 643.0
    d = 0.2857
    pc = 32.7
    tc = 643.0
    vc = 0.391
    vc_rat = 1.168
/

&rkpr
    ac = 42.953500875629786
    b = 0.11194058683512269
    del1 = 3.963114786841326
    k = 2.825735874806716
/

&soaveredlichkwong
    ac = 37.36453496055067
    b = 0.14165049393211632
    k = 1.3075300252672
/
