&names
    formula_extended = '(CH3)2CHCOCH2CH3'
    iupac = 'Ethyl Isopropyl Ketone'
/

&pengrobinson
    ac = 30.60816921492163
    b = 0.11046821347295811
    k = 0.9338158426722676
/

&pure
    a = 0.68162
    acentric_factor = 0.389061
    b = 0.25152
    c = 567.0
    d = 0.3182
    pc = 33.2
    tc = 567.0
    vc = 0.369
    vc_rat = 1.168
/

&rkpr
    ac = 30.916090648207177
    b = 0.10861523999399056
    del1 = 2.61614983279754
    k = 2.605179585328172
/

&soaveredlichkwong
    ac = 28.61629619006868
    b = 0.12302683406780975
    k = 1.065892533198825
/
