&names
    formula_extended = 'HOCH2CH2OCH2CH2CH3'
    iupac = 'Ethylene Glycol Monopropyl Ether'
/

&pengrobinson
    ac = 32.76650649814953
    b = 0.10899255895334999
    k = 1.0613956225840564
/

&pure
    a = 0.77226
    acentric_factor = 0.486759
    b = 0.26798
    c = 615.2
    d = 0.26277
    pc = 36.51
    tc = 615.2
    vc = 0.347
    vc_rat = 1.168
/

&rkpr
    ac = 34.32982708402439
    b = 0.10051753572612165
    del1 = 3.385582522973003
    k = 2.7338314368858985
/

&soaveredlichkwong
    ac = 30.634176401760914
    b = 0.12138341920648689
    k = 1.2046951592858248
/
