&names
    formula_extended = 'OHCH2CH2SCH2CH3'
    iupac = 'Ethylthioethanol'
/

&pengrobinson
    ac = 30.063644811684878
    b = 0.09597688224903311
    k = 1.3838998546362167
/

&pure
    a = 0.81058
    acentric_factor = 0.731041
    b = 0.26152
    c = 641.0
    d = 0.2857
    pc = 43.2
    tc = 641.0
    vc = 0.325
    vc_rat = 1.168
/

&rkpr
    ac = 30.041031055815573
    b = 0.09609805347796133
    del1 = 2.3991290543773833
    k = 3.837983498148717
/

&soaveredlichkwong
    ac = 28.107207538070934
    b = 0.1068880503773872
    k = 1.537134868855825
/
