&names
    formula_extended = '(HO2CCH2)2NCH2CH2N(CH2CO2H)2'
    iupac = 'Ethylenediaminetetraacetic Acid'
/

&pengrobinson
    ac = 92.76870620050471
    b = 0.23465835069538268
    k = 2.5026752801388636
/

&pure
    a = 0.33153
    acentric_factor = 1.69233
    b = 0.265
    c = 809.0
    d = 0.28571
    pc = 22.3
    tc = 809.0
    vc = 0.798
    vc_rat = 1.168
/

&rkpr
    ac = 92.3849495756825
    b = 0.2362910044920147
    del1 = 2.3312485897288684
    k = 6.212156100210153
/

&soaveredlichkwong
    ac = 86.73164197318036
    b = 0.26133557397208884
    k = 2.6425307749425
/
