&names
    formula_extended = 'C4H9CH(C2H5)CH2OC2H4OH'
    iupac = 'Ethylene Glycol 2-Ethylhexyl Ether'
/

&pengrobinson
    ac = 59.15200807474903
    b = 0.18737860883710408
    k = 1.6959798343896018
/

&pure
    a = 0.41518
    acentric_factor = 0.982672
    b = 0.25568
    c = 646.0
    d = 0.28571
    pc = 22.3
    tc = 646.0
    vc = 0.611
    vc_rat = 1.168
/

&rkpr
    ac = 60.869473205802656
    b = 0.17841138392739167
    del1 = 3.000165773581307
    k = 4.387884264655726
/

&soaveredlichkwong
    ac = 55.30260145318157
    b = 0.2086808167935345
    k = 1.8577379825727998
/
