&names
    formula_extended = 'CH2CHCOOCH2CH3'
    iupac = 'Ethyl Acrylate'
/

&pengrobinson
    ac = 26.267077986913872
    b = 0.09720076164012165
    k = 0.9107357873743067
/

&pure
    a = 0.817
    acentric_factor = 0.371797
    b = 0.26388
    c = 553.0
    d = 0.266
    pc = 36.8
    tc = 553.0
    vc = 0.323
    vc_rat = 1.168
/

&rkpr
    ac = 26.639092718469865
    b = 0.09491115526545449
    del1 = 2.6987294231261227
    k = 2.5183742937587104
/

&soaveredlichkwong
    ac = 24.557708056407346
    b = 0.10825106695955833
    k = 1.041017701388425
/
