&names
    formula_extended = 'C2H5O(C6H3)(OH)CHO'
    iupac = 'Ethyl Vanillin'
/

&pengrobinson
    ac = 54.083496704904086
    b = 0.14796063978027243
    k = 1.8041012498449727
/

&pure
    a = 0.52579
    acentric_factor = 1.07278
    b = 0.246
    c = 748.0
    d = 0.28571
    pc = 32.7
    tc = 748.0
    vc = 0.467
    vc_rat = 1.168
/

&rkpr
    ac = 57.027530787200654
    b = 0.1348869748848118
    del1 = 3.5267622594959405
    k = 4.462523756076268
/

&soaveredlichkwong
    ac = 50.5639311464484
    b = 0.16478160102834058
    k = 1.96715575753
/
