&names
    formula_extended = 'CH3CHOHCOOCH2CH3'
    iupac = 'Ethyl Lactate'
/

&pengrobinson
    ac = 28.312398802439013
    b = 0.09853315222074639
    k = 1.4616746727660965
/

&pure
    a = 0.69511
    acentric_factor = 0.792594
    b = 0.24607
    c = 588.0
    d = 0.31221
    pc = 38.6
    tc = 588.0
    vc = 0.354
    vc_rat = 1.168
/

&rkpr
    ac = 26.948532615216536
    b = 0.10673742991008026
    del1 = 1.4176631193666742
    k = 4.346596746660351
/

&soaveredlichkwong
    ac = 26.469926518406925
    b = 0.10973493086685468
    k = 1.6176070374537
/
