&names
    formula_extended = '(CH3COO)2CHCH3'
    iupac = 'Ethylidene Diacetate'
/

&pengrobinson
    ac = 39.57443772984093
    b = 0.12916065777746805
    k = 1.118104369169409
/

&pure
    a = 0.63225
    acentric_factor = 0.526304
    b = 0.26302
    c = 627.0
    d = 0.28202
    pc = 31.4
    tc = 627.0
    vc = 0.416
    vc_rat = 1.168
/

&rkpr
    ac = 41.10545268970275
    b = 0.1209725984266318
    del1 = 3.19822249388285
    k = 2.921765892714635
/

&soaveredlichkwong
    ac = 36.999071185233475
    b = 0.14384433596699328
    k = 1.2599282134272
/
