&names
    formula_extended = 'ClCO2C2H5'
    iupac = 'Ethyl Chloroformate'
/

&pengrobinson
    ac = 18.13763532059306
    b = 0.07304185117980083
    k = 1.514657561911676
/

&pure
    a = 0.952
    acentric_factor = 0.834962
    b = 0.2609
    c = 508.15
    d = 0.283
    pc = 45.0
    tc = 508.15
    vc = 0.274
    vc_rat = 1.168
/

&rkpr
    ac = 16.734952594182296
    b = 0.08298681682745282
    del1 = 0.41421356237309515
    k = 4.6813937929928535
/

&soaveredlichkwong
    ac = 16.9573011988091
    b = 0.08134564163385107
    k = 1.6722269182473
/
