&names
    formula_extended = 'CH3(CH2)5OCH2CH3'
    iupac = 'Ethyl N-Hexyl Ether'
/

&pengrobinson
    ac = 43.67282867911912
    b = 0.15329422812242358
    k = 1.0756353655373585
/

&pure
    a = 0.55729
    acentric_factor = 0.494378
    b = 0.2714
    c = 583.0
    d = 0.29538
    pc = 24.6
    tc = 583.0
    vc = 0.487
    vc_rat = 1.168
/

&rkpr
    ac = 45.82913970417819
    b = 0.14097118517854837
    del1 = 3.4203739174105943
    k = 2.7503417318010817
/

&soaveredlichkwong
    ac = 40.83075312882605
    b = 0.17072154037674384
    k = 1.2153792907953
/
