&names
    formula_extended = 'NCCH2CO2C2H5'
    iupac = 'Ethyl Cyanoacetate'
/

&pengrobinson
    ac = 43.631726804982456
    b = 0.13149694487628977
    k = 1.1605565517915664
/

&pure
    a = 0.67795
    acentric_factor = 0.558431
    b = 0.2427
    c = 679.0
    d = 0.27319
    pc = 33.4
    tc = 679.0
    vc = 0.358
    vc_rat = 1.168
/

&rkpr
    ac = 50.86455885143067
    b = 0.09835575176873951
    del1 = 6.1516603893781205
    k = 2.3101189370814827
/

&soaveredlichkwong
    ac = 40.792326021474324
    b = 0.14644622474753255
    k = 1.304397487191825
/
