&names
    formula_extended = '(C6H5)CCH'
    iupac = 'Ethynylbenzene'
/

&pengrobinson
    ac = 31.20270634233891
    b = 0.09823402589240127
    k = 0.7099198434989916
/

&pure
    a = 0.78929
    acentric_factor = 0.226363
    b = 0.26205
    c = 650.0
    d = 0.32087
    pc = 42.8
    tc = 650.0
    vc = 0.332
    vc_rat = 1.168
/

&rkpr
    ac = 31.227168175538925
    b = 0.09810488863239322
    del1 = 2.4299355303385397
    k = 2.0413177854651092
/

&soaveredlichkwong
    ac = 29.1721429123833
    b = 0.10940179824883116
    k = 0.827328325640425
/
