&names
    formula_extended = 'C2H5C(CH3)2OC2H5'
    iupac = 'Ethyl Tert-Pentyl Ether'
/

&pengrobinson
    ac = 34.390939659584134
    b = 0.12889451455779596
    k = 0.8653482100330291
/

&pure
    a = 0.57338
    acentric_factor = 0.338192
    b = 0.25916
    c = 546.0
    d = 0.27627
    pc = 27.4
    tc = 546.0
    vc = 0.452
    vc_rat = 1.168
/

&rkpr
    ac = 33.40501446918491
    b = 0.13520431167261826
    del1 = 1.8344478107456326
    k = 2.6403246212242033
/

&soaveredlichkwong
    ac = 32.15289711197969
    b = 0.14354793615481667
    k = 0.9922987879487998
/
