&names
    formula_extended = 'C2H5OCH2OC2H5'
    iupac = 'Ethylal'
/

&pengrobinson
    ac = 26.460500209034006
    b = 0.10333556029521863
    k = 0.9874764613251821
/

&pure
    a = 0.78925
    acentric_factor = 0.429674
    b = 0.27545
    c = 524.0
    d = 0.28259
    pc = 32.8
    tc = 524.0
    vc = 0.349
    vc_rat = 1.168
/

&rkpr
    ac = 26.495769898302573
    b = 0.10310467290938187
    del1 = 2.440944948989122
    k = 2.8036999435607592
/

&soaveredlichkwong
    ac = 24.738543034124106
    b = 0.11508330251811377
    k = 1.1239984204017
/
