&names
    formula_extended = 'ClCH2COOC2H5'
    iupac = 'Ethylchloroacetate'
/

&pengrobinson
    ac = 31.8527592981539
    b = 0.10547307807852122
    k = 0.9393731951662156
/

&pure
    a = 0.79273
    acentric_factor = 0.393236
    b = 0.25922
    c = 618.0
    d = 0.28886
    pc = 37.9
    tc = 618.0
    vc = 0.327
    vc_rat = 1.168
/

&rkpr
    ac = 34.02658942749826
    b = 0.09388513110732033
    del1 = 3.8214927127282294
    k = 2.292057306634446
/

&soaveredlichkwong
    ac = 29.779892686380325
    b = 0.11746382481838373
    k = 1.0718924174532
/
