&names
    formula_extended = 'C6H5COOCH2CH3'
    iupac = 'Ethyl Benzoate'
/

&pengrobinson
    ac = 48.42761095506616
    b = 0.14197787049443403
    k = 1.0489540531010921
/

&pure
    a = 0.48864
    acentric_factor = 0.477055
    b = 0.23894
    c = 698.0
    d = 0.28421
    pc = 31.8
    tc = 698.0
    vc = 0.489
    vc_rat = 1.168
/

&rkpr
    ac = 47.73683613017876
    b = 0.14540534695844964
    del1 = 2.127674990239348
    k = 3.067365917625027
/

&soaveredlichkwong
    ac = 45.276110738174914
    b = 0.15811867835534013
    k = 1.1910578122206252
/
