&names
    formula_extended = 'CH2C(CH3)COOCH2CH3'
    iupac = 'Ethyl Methacrylate'
/

&pengrobinson
    ac = 32.38005520906821
    b = 0.11483778508063358
    k = 0.872205049143808
/

&pure
    a = 0.71532
    acentric_factor = 0.34324
    b = 0.26825
    c = 577.0
    d = 0.2552
    pc = 32.5
    tc = 577.0
    vc = 0.375
    vc_rat = 1.168
/

&rkpr
    ac = 33.28364435540858
    b = 0.10955217837993762
    del1 = 2.9771380909118985
    k = 2.335684630587255
/

&soaveredlichkwong
    ac = 30.272874016318223
    b = 0.12789316207497442
    k = 0.9996423629200001
/
