&names
    formula_extended = 'O2NOCH2CH2ONO2'
    iupac = 'Ethylene Glycol Dinitrate'
/

&pengrobinson
    ac = 33.464431467887316
    b = 0.10471013958718134
    k = 1.4588761359611389
/

&pure
    a = 0.62361
    acentric_factor = 0.790366
    b = 0.22575
    c = 654.0
    d = 0.27279
    pc = 40.4
    tc = 654.0
    vc = 0.362
    vc_rat = 1.168
/

&rkpr
    ac = 32.88668323724629
    b = 0.10777533743270795
    del1 = 2.0670828884888164
    k = 4.131848580894113
/

&soaveredlichkwong
    ac = 31.28668284578321
    b = 0.11661415137633978
    k = 1.6147173615577
/
