&names
    formula_extended = 'CH3(CH2)2COOCH2CH3'
    iupac = 'Ethyl N-Butyrate'
/

&pengrobinson
    ac = 34.934901258648146
    b = 0.12520061079422246
    k = 0.9497822863737
/

&pure
    a = 0.63566
    acentric_factor = 0.401075
    b = 0.25613
    c = 571.0
    d = 0.27829
    pc = 29.5
    tc = 571.0
    vc = 0.403
    vc_rat = 1.168
/

&rkpr
    ac = 36.30303363281028
    b = 0.1171683726925566
    del1 = 3.2080363505263594
    k = 2.4822826750798854
/

&soaveredlichkwong
    ac = 32.661459585139646
    b = 0.13943408954594705
    k = 1.083141347765625
/
