&names
    formula_extended = '-CH2OCOOCH2-'
    iupac = 'Ethylene Carbonate'
/

&pengrobinson
    ac = 30.33127974063156
    b = 0.07700851140563544
    k = 1.0039408421460785
/

&pure
    a = 1.5239
    acentric_factor = 0.442272
    b = 0.29411
    c = 806.0
    d = 0.28571
    pc = 67.7
    tc = 806.0
    vc = 0.193
    vc_rat = 1.168
/

&rkpr
    ac = 37.15851183717194
    b = 0.0515350290714339
    del1 = 7.859524611084487
    k = 1.6362582532690415
/

&soaveredlichkwong
    ac = 28.357425718183865
    b = 0.08576325312646921
    k = 1.1419053366528
/
