&names
    formula_extended = 'CH3COOCH2CH2OOCCH3'
    iupac = 'Ethylene Glycol Diacetate'
/

&pengrobinson
    ac = 43.61915044243968
    b = 0.13669324616635234
    k = 1.1619984854425323
/

&pure
    a = 0.56913
    acentric_factor = 0.559526
    b = 0.24565
    c = 653.0
    d = 0.2857
    pc = 30.9
    tc = 653.0
    vc = 0.416
    vc_rat = 1.168
/

&rkpr
    ac = 47.217099450456864
    b = 0.11869490425478613
    del1 = 4.132847419226131
    k = 2.7773213917790605
/

&soaveredlichkwong
    ac = 40.78056808479439
    b = 0.15223326951344945
    k = 1.3059067886817
/
