&names
    formula_extended = 'CH3CH2S(CH2)7CH3'
    iupac = 'Ethyl N-Octyl Sulfide'
/

&pengrobinson
    ac = 64.53482814709383
    b = 0.18865970613694494
    k = 1.133446647504646
/

&pure
    a = 0.43068
    acentric_factor = 0.53789
    b = 0.26873
    c = 700.0
    d = 0.32594
    pc = 24.0
    tc = 700.0
    vc = 0.624
    vc_rat = 1.168
/

&rkpr
    ac = 65.68635031895562
    b = 0.18307337202571797
    del1 = 2.7729916601585307
    k = 3.08563531699156
/

&soaveredlichkwong
    ac = 60.335126346992354
    b = 0.21010755612403723
    k = 1.2760068708825
/
