&names
    formula_extended = 'CH2CH2'
    iupac = 'Ethylene'
/

&pengrobinson
    ac = 4.998474062831178
    b = 0.03622830941527818
    k = 0.5056495801312291
/

&pure
    a = 2.0961
    acentric_factor = 0.0862484
    b = 0.27657
    c = 282.34
    d = 0.29147
    pc = 50.41
    tc = 282.34
    vc = 0.131
    vc_rat = 1.168
/

&rkpr
    ac = 4.731595992373306
    b = 0.03958265801312994
    del1 = 1.2978524382604377
    k = 1.7595503265382826
/

&soaveredlichkwong
    ac = 4.673190783675534
    b = 0.04034693846191108
    k = 0.614453193962052
/
