&names
    formula_extended = 'CH3CH2OCH(CH3)2'
    iupac = 'Ethyl Isopropyl Ether'
/

&pengrobinson
    ac = 22.165251265346186
    b = 0.09275703021462865
    k = 0.8207864011437813
/

&pure
    a = 0.8185
    acentric_factor = 0.305629
    b = 0.26929
    c = 489.0
    d = 0.30621
    pc = 34.1
    tc = 489.0
    vc = 0.329
    vc_rat = 1.168
/

&rkpr
    ac = 21.326920357378235
    b = 0.09878184430199628
    del1 = 1.6431311419824126
    k = 2.5682960940894866
/

&soaveredlichkwong
    ac = 20.7228139286169
    b = 0.10330214824766237
    k = 0.9447134560128251
/
