&names
    formula_extended = 'CH3CH2F'
    iupac = 'Ethyl Fluoride'
/

&pengrobinson
    ac = 8.855117390800501
    b = 0.04828221910007283
    k = 0.7008545665167835
/

&pure
    a = 1.6525
    acentric_factor = 0.219987
    b = 0.27099
    c = 375.31
    d = 0.2442
    pc = 50.28
    tc = 375.31
    vc = 0.164
    vc_rat = 1.168
/

&rkpr
    ac = 8.826755914981039
    b = 0.048542161091257946
    del1 = 2.3499810485875336
    k = 2.037986502154639
/

&soaveredlichkwong
    ac = 8.278857198993832
    b = 0.05377120142442033
    k = 0.817790538970425
/
