&names
    formula_extended = 'C2H5OCH2CH2COOC2H5'
    iupac = 'Ethyl-3-Ethoxypropionate'
/

&pengrobinson
    ac = 45.825887361927414
    b = 0.1510088217113334
    k = 1.0797915254552284
/

&pure
    a = 0.56455
    acentric_factor = 0.497493
    b = 0.25856
    c = 621.0
    d = 0.33687
    pc = 26.6
    tc = 621.0
    vc = 0.458
    vc_rat = 1.168
/

&rkpr
    ac = 49.72543224662324
    b = 0.13052830256301576
    del1 = 4.190798360461667
    k = 2.5568440210639105
/

&soaveredlichkwong
    ac = 42.84369825302528
    b = 0.16817631667414878
    k = 1.219741607116425
/
