&names
    formula_extended = 'H2NCH2CH2NH2'
    iupac = 'Ethylenediamine'
/

&pengrobinson
    ac = 17.67128213861775
    b = 0.06098126136136727
    k = 1.0429253225405852
/

&pure
    a = 0.7842
    acentric_factor = 0.472367
    b = 0.20702
    c = 593.0
    d = 0.20254
    pc = 62.9
    tc = 593.0
    vc = 0.264
    vc_rat = 1.168
/

&rkpr
    ac = 16.30466505920016
    b = 0.06928412526190594
    del1 = 0.41421356237309515
    k = 3.4442099614254946
/

&soaveredlichkwong
    ac = 16.521296657313016
    b = 0.06791393910418574
    k = 1.184457806029425
/
