&names
    formula_extended = 'CH2OCH2'
    iupac = 'Ethylene Oxide'
/

&pengrobinson
    ac = 9.676178481280804
    b = 0.04220609630875313
    k = 0.6686316932369947
/

&pure
    a = 1.836
    acentric_factor = 0.197447
    b = 0.26024
    c = 469.15
    d = 0.2696
    pc = 71.9
    tc = 469.15
    vc = 0.140296
    vc_rat = 1.168
/

&rkpr
    ac = 9.810807041601132
    b = 0.04122927013236581
    del1 = 2.693704464147558
    k = 1.8572622094379385
/

&soaveredlichkwong
    ac = 9.046486493981877
    b = 0.04700431231738941
    k = 0.7839591473834251
/
