&names
    formula_extended = 'CH2CHCOOCH2CH2OCOCHCH2'
    iupac = 'Ethylene Glycol Diacrylate'
/

&pengrobinson
    ac = 55.57557941554019
    b = 0.1650622698772763
    k = 1.295207874925106
/

&pure
    a = 0.4713
    acentric_factor = 0.661766
    b = 0.24413
    c = 689.0
    d = 0.2857
    pc = 27.0
    tc = 689.0
    vc = 0.518
    vc_rat = 1.168
/

&rkpr
    ac = 58.847409146072195
    b = 0.14933065397974868
    del1 = 3.6207175353829335
    k = 3.246271805058621
/

&soaveredlichkwong
    ac = 51.958914312146135
    b = 0.18382743640566557
    k = 1.4449811922177
/
