&names
    formula_extended = '(C2H5)3Al2Cl3'
    iupac = 'Ethyl Aluminum Sesquichloride'
/

&pengrobinson
    ac = 25.34202316645439
    b = 0.0694230544257625
    k = 0.9932941251155539
/

&pure
    a = 1.1207
    acentric_factor = 0.434118
    b = 0.47952
    c = 747.0
    d = 0.28571
    pc = 69.6
    tc = 747.0
    vc = 0.428
    vc_rat = 1.168
/

&rkpr
    ac = 23.38218565072664
    b = 0.07887530515965699
    del1 = 0.41421356237309515
    k = 3.301066745744554
/

&soaveredlichkwong
    ac = 23.69285258111109
    b = 0.07731544060327873
    k = 1.1303215053632998
/
