&names
    formula_extended = '(CH3)3CSC2H5'
    iupac = 'Ethyl T-Butyl Sulfide'
/

&pengrobinson
    ac = 34.9156100247331
    b = 0.12151372765881185
    k = 0.7938408918055155
/

&pure
    a = 0.67446
    acentric_factor = 0.286139
    b = 0.27787
    c = 588.0
    d = 0.28728
    pc = 31.3
    tc = 588.0
    vc = 0.412
    vc_rat = 1.168
/

&rkpr
    ac = 34.85390531954319
    b = 0.12187438614048528
    del1 = 2.378772917486
    k = 2.287107664002068
/

&soaveredlichkwong
    ac = 32.6434237575242
    b = 0.1353280617080061
    k = 0.9160545687188251
/
