&names
    formula_extended = 'CH3CH2OCHCH2'
    iupac = 'Ethyl Vinyl Ether'
/

&pengrobinson
    ac = 17.53381328674639
    b = 0.07551420936831398
    k = 0.7664609883296679
/

&pure
    a = 0.9812
    acentric_factor = 0.266485
    b = 0.25805
    c = 475.15
    d = 0.29773
    pc = 40.7
    tc = 475.15
    vc = 0.263
    vc_rat = 1.168
/

&rkpr
    ac = 17.1275099355351
    b = 0.07849206754249557
    del1 = 1.9471255937633134
    k = 2.3314287550232247
/

&soaveredlichkwong
    ac = 16.3927737994303
    b = 0.08409907079733488
    k = 0.8870198953356251
/
