&names
    formula_extended = 'HOCH2CH2OH'
    iupac = 'Ethylene Glycol'
/

&pengrobinson
    ac = 19.9829894941484
    b = 0.05679511710882246
    k = 1.092161233290959
/

&pure
    a = 1.315
    acentric_factor = 0.506776
    b = 0.25125
    c = 720.0
    d = 0.21868
    pc = 82.0
    tc = 720.0
    vc = 0.191
    vc_rat = 1.168
/

&rkpr
    ac = 20.077221354729122
    b = 0.056347098726977
    del1 = 2.5088043842328496
    k = 3.057339946384303
/

&soaveredlichkwong
    ac = 18.68256615128771
    b = 0.06325189146033734
    k = 1.2327215890192
/
