&names
    formula_extended = 'HCOOCH2CH3'
    iupac = 'Ethyl Formate'
/

&pengrobinson
    ac = 17.236221307861648
    b = 0.06937764528030585
    k = 0.7918932901092557
/

&pure
    a = 1.1343
    acentric_factor = 0.284736
    b = 0.26168
    c = 508.4
    d = 0.2791
    pc = 47.4
    tc = 508.4
    vc = 0.229
    vc_rat = 1.168
/

&rkpr
    ac = 17.571577050197916
    b = 0.06713981666068544
    del1 = 2.805598831010804
    k = 2.1640147337116877
/

&soaveredlichkwong
    ac = 16.114548069829883
    b = 0.0772648691019606
    k = 0.9139864108032001
/
