&names
    formula_extended = '(C6H5)CH2CH3'
    iupac = 'Ethylbenzene'
/

&pengrobinson
    ac = 33.35829954530364
    b = 0.11061046207568277
    k = 0.817811618680272
/

&pure
    a = 0.70041
    acentric_factor = 0.30347
    b = 0.26162
    c = 617.15
    d = 0.28454
    pc = 36.09
    tc = 617.15
    vc = 0.374
    vc_rat = 1.168
/

&rkpr
    ac = 33.37230716019425
    b = 0.11053256049536331
    del1 = 2.4226346176789755
    k = 2.3410116050016985
/

&soaveredlichkwong
    ac = 31.187457618996515
    b = 0.12318525425669119
    k = 0.9415453228425
/
