&names
    formula_extended = '(C6H11)CH2CH3'
    iupac = 'Ethylcyclohexane'
/

&pengrobinson
    ac = 38.58195525750551
    b = 0.12961134585712786
    k = 0.7370319271832999
/

&pure
    a = 0.61587
    acentric_factor = 0.245525
    b = 0.26477
    c = 609.15
    d = 0.28054
    pc = 30.4
    tc = 609.15
    vc = 0.43
    vc_rat = 1.168
/

&rkpr
    ac = 39.17795774330856
    b = 0.12628390968594516
    del1 = 2.724633616967524
    k = 2.036100169296461
/

&soaveredlichkwong
    ac = 36.07117601475211
    b = 0.1443462606913052
    k = 0.855906908015625
/
