&names
    formula_extended = 'CH3CH2NH2'
    iupac = 'Ethylamine'
/

&pengrobinson
    ac = 11.702761718746391
    b = 0.052500533779990304
    k = 0.7919654938815155
/

&pure
    a = 1.0936
    acentric_factor = 0.284788
    b = 0.22636
    c = 456.15
    d = 0.25522
    pc = 56.2
    tc = 456.15
    vc = 0.207
    vc_rat = 1.168
/

&rkpr
    ac = 10.797723028529195
    b = 0.059648709743386256
    del1 = 0.41421356237309515
    k = 2.7191266041795137
/

&soaveredlichkwong
    ac = 10.941186754227157
    b = 0.05846907680283451
    k = 0.9140630761348
/
