&names
    formula_extended = 'CH3CH2COOCH2CH3'
    iupac = 'Ethyl Propionate'
/

&pengrobinson
    ac = 28.028308943266072
    b = 0.10504787920534235
    k = 0.9408850283402201
/

&pure
    a = 0.7405
    acentric_factor = 0.394373
    b = 0.25563
    c = 546.0
    d = 0.2795
    pc = 33.62
    tc = 546.0
    vc = 0.345
    vc_rat = 1.168
/

&rkpr
    ac = 28.684519073769913
    b = 0.10098032562290135
    del1 = 2.8857492871316883
    k = 2.547772747437651
/

&soaveredlichkwong
    ac = 26.204324237603913
    b = 0.11699028705062395
    k = 1.073525340952425
/
