&names
    formula_extended = 'CH3CH2I'
    iupac = 'Ethyl Iodide'
/

&pengrobinson
    ac = 16.607651377559755
    b = 0.060579877973475485
    k = 0.6929472414945874
/

&pure
    a = 1.0868
    acentric_factor = 0.214438
    b = 0.25912
    c = 561.0
    d = 0.29853
    pc = 59.9
    tc = 561.0
    vc = 0.238
    vc_rat = 1.168
/

&rkpr
    ac = 15.323290693170756
    b = 0.06882809178040827
    del1 = 0.41421356237309515
    k = 2.432234463465243
/

&soaveredlichkwong
    ac = 15.526883280884558
    b = 0.06746692429415782
    k = 0.8094782722273
/
