&names
    formula_extended = 'CH3COOC2H5'
    iupac = 'Ethyl Acetate'
/

&pengrobinson
    ac = 22.308946575367372
    b = 0.08723913775092486
    k = 0.9034996848585524
/

&pure
    a = 0.8996
    acentric_factor = 0.366409
    b = 0.25856
    c = 523.3
    d = 0.278
    pc = 38.8
    tc = 523.3
    vc = 0.286
    vc_rat = 1.168
/

&rkpr
    ac = 22.8626179699828
    b = 0.08366135597045442
    del1 = 2.914302296891709
    k = 2.438061239060062
/

&soaveredlichkwong
    ac = 20.857158048443758
    b = 0.09715695209399884
    k = 1.0332330438258248
/
