&names
    formula_extended = 'CH3CH2Cl'
    iupac = 'Ethyl Chloride'
/

&pengrobinson
    ac = 12.710861873001464
    b = 0.056502789300174106
    k = 0.6582722377091765
/

&pure
    a = 1.3
    acentric_factor = 0.190241
    b = 0.26019
    c = 460.35
    d = 0.27155
    pc = 52.7
    tc = 460.35
    vc = 0.2
    vc_rat = 1.168
/

&rkpr
    ac = 12.251058204050631
    b = 0.06000930173346313
    del1 = 1.6780016813304843
    k = 2.099891916320359
/

&soaveredlichkwong
    ac = 11.883683262295126
    b = 0.0629263302542915
    k = 0.773105797335825
/
