&names
    formula_extended = '-CH2CH2NH-'
    iupac = 'Ethyleneimine'
/

&pengrobinson
    ac = 13.306606661426581
    b = 0.050707951880979076
    k = 0.6733492588024679
/

&pure
    a = 1.3462
    acentric_factor = 0.200735
    b = 0.23289
    c = 537.0
    d = 0.23357
    pc = 68.5
    tc = 537.0
    vc = 0.173
    vc_rat = 1.168
/

&rkpr
    ac = 13.217364928496451
    b = 0.05128083515637676
    del1 = 2.279679433008618
    k = 1.9808538432417038
/

&soaveredlichkwong
    ac = 12.440659055246241
    b = 0.05647270455321359
    k = 0.7889053454606251
/
