&names
    formula_extended = '(C5H9)CH2CH3'
    iupac = 'Ethylcyclopentane'
/

&pengrobinson
    ac = 30.15212045136228
    b = 0.10834457409578839
    k = 0.7715056973679719
/

&pure
    a = 0.71751
    acentric_factor = 0.270095
    b = 0.26903
    c = 569.5
    d = 0.27733
    pc = 34.0
    tc = 569.5
    vc = 0.375
    vc_rat = 1.168
/

&rkpr
    ac = 29.603575850282645
    b = 0.11168856288554185
    del1 = 2.04830292473342
    k = 2.3173995830574645
/

&soaveredlichkwong
    ac = 28.189925491334865
    b = 0.12066176794551853
    k = 0.892363050920625
/
