&names
    formula_extended = 'CH3CH2CCH'
    iupac = 'Ethylacetylene'
/

&pengrobinson
    ac = 13.303222071990094
    b = 0.06187100921758194
    k = 0.739076856496046
/

&pure
    a = 1.3409
    acentric_factor = 0.246976
    b = 0.27892
    c = 440.0
    d = 0.29661
    pc = 46.0
    tc = 440.0
    vc = 0.208
    vc_rat = 1.168
/

&rkpr
    ac = 13.369502957060257
    b = 0.06135543008175547
    del1 = 2.5141568945237327
    k = 2.0987318557208736
/

&soaveredlichkwong
    ac = 12.43749472309961
    b = 0.06890483828167183
    k = 0.8580657236992
/
