&names
    formula_extended = '(CH3)2CHCH2COOCH2CH3'
    iupac = 'Ethyl Isovalerate'
/

&pengrobinson
    ac = 38.47439230180656
    b = 0.133910431657807
    k = 0.9483395577423835
/

&pure
    a = 0.60008
    acentric_factor = 0.399987
    b = 0.26524
    c = 587.95
    d = 0.30068
    pc = 28.4
    tc = 587.95
    vc = 0.442
    vc_rat = 1.168
/

&rkpr
    ac = 39.22353019924949
    b = 0.12958784080347283
    del1 = 2.8058946467732473
    k = 2.5906906390863984
/

&soaveredlichkwong
    ac = 35.9706128815001
    b = 0.14913408968586847
    k = 1.081581357970425
/
