&names
    formula_extended = '(C6H4)CH2(C6H4)'
    iupac = 'Fluorene'
/

&pengrobinson
    ac = 71.88663576961076
    b = 0.17809476259327603
    k = 0.9538736089448155
/

&pure
    a = 0.43683
    acentric_factor = 0.404163
    b = 0.229
    c = 826.0
    d = 0.28571
    pc = 30.0
    tc = 826.0
    vc = 0.524
    vc_rat = 1.168
/

&rkpr
    ac = 79.66014456458464
    b = 0.14781530484070843
    del1 = 4.715777164861271
    k = 2.1134070149462882
/

&soaveredlichkwong
    ac = 67.20850394044172
    b = 0.19834153298109117
    k = 1.0875667091504249
/
