&names
    formula_extended = '(C6H5)F'
    iupac = 'Fluorobenzene'
/

&pengrobinson
    ac = 21.79038401428389
    b = 0.07961412034650421
    k = 0.7393684939528091
/

&pure
    a = 1.0146
    acentric_factor = 0.247183
    b = 0.27277
    c = 560.09
    d = 0.28291
    pc = 45.5051
    tc = 560.09
    vc = 0.269
    vc_rat = 1.168
/

&rkpr
    ac = 21.812003478044975
    b = 0.07948168386814639
    del1 = 2.4341108044760076
    k = 2.1214186223559617
/

&soaveredlichkwong
    ac = 20.3723417323535
    b = 0.08866508170444595
    k = 0.858373640789425
/
