&names
    formula_extended = 'Polyring compound, see refs. 1115, 2633'
    iupac = 'Fluoranthene'
/

&pengrobinson
    ac = 99.1895615729271
    b = 0.22428510220549777
    k = 1.1987590549192026
/

&pure
    a = 0.34687
    acentric_factor = 0.587526
    b = 0.227
    c = 905.0
    d = 0.28571
    pc = 26.1
    tc = 905.0
    vc = 0.655
    vc_rat = 1.168
/

&rkpr
    ac = 110.47283957508826
    b = 0.18430313559185418
    del1 = 4.847659489089773
    k = 2.6893528883576194
/

&soaveredlichkwong
    ac = 92.73465044587456
    b = 0.24978303880755823
    k = 1.3443582338817
/
