&names
    formula_extended = 'F2'
    iupac = 'Fluorine'
/

&pengrobinson
    ac = 1.2693042185481433
    b = 0.018022893057739325
    k = 0.4556724330041991
/

&pure
    a = 4.2895
    acentric_factor = 0.0530336
    b = 0.28587
    c = 144.12
    d = 0.28776
    pc = 51.724
    tc = 144.12
    vc = 0.066547
    vc_rat = 1.168
/

&rkpr
    ac = 1.179983214925551
    b = 0.02024592868195503
    del1 = 0.8359508698295628
    k = 1.7060677349019335
/

&soaveredlichkwong
    ac = 1.186702321796163
    b = 0.02007183246589895
    k = 0.562982687922432
/
