&names
    formula_extended = 'HCONH(C6H5)'
    iupac = 'Formanilide'
/

&pengrobinson
    ac = 47.63399013810501
    b = 0.12385834304882226
    k = 1.1427655581961726
/

&pure
    a = 0.62811
    acentric_factor = 0.544941
    b = 0.24
    c = 787.0
    d = 0.29
    pc = 41.1
    tc = 787.0
    vc = 0.382
    vc_rat = 1.168
/

&rkpr
    ac = 51.07617651644301
    b = 0.10948395766778712
    del1 = 3.9085180747129304
    k = 2.78821512385893
/

&soaveredlichkwong
    ac = 44.534135999297256
    b = 0.13793922558466512
    k = 1.2857690126408252
/
