&names
    formula_extended = 'HCONH2'
    iupac = 'Formamide'
/

&pengrobinson
    ac = 24.08926077148296
    b = 0.06393698172816906
    k = 0.9647366416336627
/

&pure
    a = 1.2486
    acentric_factor = 0.412381
    b = 0.20352
    c = 771.0
    d = 0.25178
    pc = 78.0
    tc = 771.0
    vc = 0.163
    vc_rat = 1.168
/

&rkpr
    ac = 29.22114643281232
    b = 0.043782140285873024
    del1 = 7.490559578205821
    k = 1.6003369647086365
/

&soaveredlichkwong
    ac = 22.521615598638924
    b = 0.07120568165786054
    k = 1.099327528396825
/
