&names
    formula_extended = 'HCOOH'
    iupac = 'Formic Acid'
/

&pengrobinson
    ac = 18.80995858475294
    b = 0.06546264502101223
    k = 0.8367798727662259
/

&pure
    a = 1.938
    acentric_factor = 0.317268
    b = 0.24225
    c = 588.0
    d = 0.24435
    pc = 58.1
    tc = 588.0
    vc = 0.125
    vc_rat = 1.168
/

&rkpr
    ac = 26.39823231836365
    b = 0.03032627913265407
    del1 = 15.180520468134624
    k = 0.4378715982462228
/

&soaveredlichkwong
    ac = 17.585872007065532
    b = 0.07290479055870208
    k = 0.9617645098308
/
