&names
    formula_extended = 'HCHO'
    iupac = 'Formaldehyde'
/

&pengrobinson
    ac = 7.984435761799506
    b = 0.040046734066615325
    k = 0.7878781316500972
/

&pure
    a = 1.9415
    acentric_factor = 0.281846
    b = 0.22309
    c = 408.0
    d = 0.28571
    pc = 65.9
    tc = 408.0
    vc = 0.115
    vc_rat = 1.168
/

&rkpr
    ac = 8.993450707135066
    b = 0.032174366427261104
    del1 = 5.1497711113146
    k = 1.5911619891554631
/

&soaveredlichkwong
    ac = 7.4648364972722305
    b = 0.04459946216272648
    k = 0.9097240996496999
/
