&names
    formula_extended = 'NCCHCHCN'
    iupac = 'Fumaronitrile'
/

&pengrobinson
    ac = 36.578949326298506
    b = 0.11393283210905203
    k = 1.1581367917464462
/

&pure
    a = 0.706
    acentric_factor = 0.556594
    b = 0.20262
    c = 657.0
    d = 0.28648
    pc = 37.3
    tc = 657.0
    vc = 0.287
    vc_rat = 1.168
/

&rkpr
    ac = 44.681208755818666
    b = 0.07677031414729103
    del1 = 7.748413652971358
    k = 2.010474112344093
/

&soaveredlichkwong
    ac = 34.19851873180882
    b = 0.1268853291828349
    k = 1.3018645018537
/
