&names
    formula_extended = 'HOOCCHCHCOOH'
    iupac = 'Fumaric Acid'
/

&pengrobinson
    ac = 37.73016747340704
    b = 0.1001422605380961
    k = 1.7029840224350836
/

&pure
    a = 0.77686
    acentric_factor = 0.988463
    b = 0.231
    c = 771.0
    d = 0.28571
    pc = 49.8
    tc = 771.0
    vc = 0.297
    vc_rat = 1.168
/

&rkpr
    ac = 41.58305836377577
    b = 0.08400677697209134
    del1 = 4.5762484589737475
    k = 3.9351536163062257
/

&soaveredlichkwong
    ac = 35.27481961232603
    b = 0.11152697127134784
    k = 1.8648554190854254
/
