&names
    formula_extended = '-CHCHCHCHO-'
    iupac = 'Furan'
/

&pengrobinson
    ac = 13.807169107136314
    b = 0.05764460569123548
    k = 0.6745005026153554
/

&pure
    a = 1.1339
    acentric_factor = 0.201538
    b = 0.24741
    c = 490.15
    d = 0.2612
    pc = 55.0
    tc = 490.15
    vc = 0.218
    vc_rat = 1.168
/

&rkpr
    ac = 12.739385062254593
    b = 0.0654931694134309
    del1 = 0.41421356237309515
    k = 2.3787422420755973
/

&soaveredlichkwong
    ac = 12.908646640765461
    b = 0.06419795447326558
    k = 0.7901127380473
/
