&names
    formula_extended = '(CHCHCHOC)CH2OH'
    iupac = 'Furfuryl Alcohol'
/

&pengrobinson
    ac = 23.59878774548142
    b = 0.07641095921722779
    k = 1.3878105885991576
/

&pure
    a = 1.0407
    acentric_factor = 0.734118
    b = 0.2737
    c = 632.0
    d = 0.24647
    pc = 53.5
    tc = 632.0
    vc = 0.263
    vc_rat = 1.168
/

&rkpr
    ac = 23.274667257247078
    b = 0.07818654234465178
    del1 = 2.138348949372275
    k = 3.9320033842817
/

&soaveredlichkwong
    ac = 22.063060848541134
    b = 0.0850977679917062
    k = 1.5411891153633
/
