&names
    formula_extended = '(OC4H3)CHO'
    iupac = 'Furfural'
/

&pengrobinson
    ac = 25.08054284940214
    b = 0.07658574582595074
    k = 0.9053478039685325
/

&pure
    a = 1.0586
    acentric_factor = 0.367784
    b = 0.26674
    c = 670.15
    d = 0.29968
    pc = 56.6
    tc = 670.15
    vc = 0.252
    vc_rat = 1.168
/

&rkpr
    ac = 25.630472752860296
    b = 0.07380596795342928
    del1 = 2.8556131058625622
    k = 2.459464005731119
/

&soaveredlichkwong
    ac = 23.44838849219092
    b = 0.08529242528209402
    k = 1.0352206286352001
/
