&names
    formula_extended = 'Cl3Ga'
    iupac = 'Gallium Trichloride'
/

&pengrobinson
    ac = 39.853355900571025
    b = 0.11751368980616886
    k = 1.0239378357946194
/

&pure
    a = 0.95298
    acentric_factor = 0.457662
    b = 0.25063
    c = 694.0
    d = 0.29982
    pc = 38.2
    tc = 694.0
    vc = 0.263
    vc_rat = 1.168
/

&rkpr
    ac = 51.90686284956356
    b = 0.06750813146287324
    del1 = 10.5514844258995
    k = 1.3096433099010636
/

&soaveredlichkwong
    ac = 37.25983833306123
    b = 0.13087327804046237
    k = 1.1637054494073
/
