&names
    formula_extended = '-CH2CH(CH3)OCOCH2-'
    iupac = 'Gamma-Valerolactone'
/

&pengrobinson
    ac = 34.5169791051665
    b = 0.09715863496686589
    k = 0.9523863304673279
/

&pure
    a = 0.9868
    acentric_factor = 0.40304
    b = 0.27532
    c = 727.0
    d = 0.349
    pc = 48.4
    tc = 727.0
    vc = 0.279
    vc_rat = 1.168
/

&rkpr
    ac = 38.879455282815286
    b = 0.07805732626961673
    del1 = 5.150102639457519
    k = 2.0125282744796302
/

&soaveredlichkwong
    ac = 32.27073434951883
    b = 0.1082041510995337
    k = 1.08595774272
/
