&names
    formula_extended = '((CH3)2CH)(C6H6)(CH3)'
    iupac = 'Gamma-Terpinene'
/

&pengrobinson
    ac = 49.32353641199368
    b = 0.1526988560283926
    k = 0.9165918631486445
/

&pure
    a = 0.53339
    acentric_factor = 0.376166
    b = 0.26083
    c = 661.0
    d = 0.32023
    pc = 28.0
    tc = 661.0
    vc = 0.489
    vc_rat = 1.168
/

&rkpr
    ac = 51.45225832306208
    b = 0.14192884421739774
    del1 = 3.2907729088486373
    k = 2.3703937642472894
/

&soaveredlichkwong
    ac = 46.11373248744183
    b = 0.17005848318121056
    k = 1.0473226335777
/
