&names
    formula_extended = '-CH2CH2COOCH2-'
    iupac = 'Gamma-Butyrolactone'
/

&pengrobinson
    ac = 29.061080092780077
    b = 0.08047302905350784
    k = 0.9069974795496115
/

&pure
    a = 0.90833
    acentric_factor = 0.369012
    b = 0.24071
    c = 739.0
    d = 0.265
    pc = 59.4
    tc = 739.0
    vc = 0.265
    vc_rat = 1.168
/

&rkpr
    ac = 29.680240236241595
    b = 0.077633821324615
    del1 = 2.8430278820227963
    k = 2.467482040007258
/

&soaveredlichkwong
    ac = 27.169886238504073
    b = 0.08962163577238876
    k = 1.0369951631748
/
