&names
    formula_extended = 'Ge'
    iupac = 'Germanium'
/

&pengrobinson
    ac = 46.65300573752096
    b = 0.009738759984696518
    k = 0.26298471741790125
/

&pure
    a = 5.8005
    acentric_factor = -0.0715024
    b = 0.26102
    c = 9803.0
    d = 0.59646
    pc = 6511.0
    tc = 9803.0
    vc = 0.045
    vc_rat = 1.168
/

&rkpr
    ac = 43.045073163815246
    b = 0.011064734503881738
    del1 = 0.41421356237309515
    k = 1.1821816858140242
/

&soaveredlichkwong
    ac = 43.61699064611276
    b = 0.010845914593855342
    k = 0.366560518588992
/
