&names
    formula_extended = 'GeH4'
    iupac = 'Germanium Tetrahydride'
/

&pengrobinson
    ac = 5.402786045092916
    b = 0.035896333275786285
    k = 0.6007371832064308
/

&pure
    a = 2.1673
    acentric_factor = 0.150569
    b = 0.30254
    c = 308.0
    d = 0.28571
    pc = 55.5
    tc = 308.0
    vc = 0.14
    vc_rat = 1.168
/

&rkpr
    ac = 4.984958995094804
    b = 0.040783775140116864
    del1 = 0.41421356237309515
    k = 2.164706849104772
/

&soaveredlichkwong
    ac = 5.051191550606583
    b = 0.03997722148954655
    k = 0.713028176841825
/
