&names
    formula_extended = 'HOOCCH2CH2CH2COOH'
    iupac = 'Glutaric Acid'
/

&pengrobinson
    ac = 50.953617655243555
    b = 0.1292065483896871
    k = 1.6671318868001057
/

&pure
    a = 0.67612
    acentric_factor = 0.958888
    b = 0.24542
    c = 807.0
    d = 0.25522
    pc = 40.4
    tc = 807.0
    vc = 0.363
    vc_rat = 1.168
/

&rkpr
    ac = 58.22236187732758
    b = 0.10080566562230928
    del1 = 5.552537629971106
    k = 3.608112959385933
/

&soaveredlichkwong
    ac = 47.63773372198719
    b = 0.1438954436708046
    k = 1.8283831276048
/
