&names
    formula_extended = 'OHC(CH2)3CHO'
    iupac = 'Glutaraldehyde'
/

&pengrobinson
    ac = 38.35330040253413
    b = 0.11891642440148063
    k = 1.1326252519588944
/

&pure
    a = 0.65421
    acentric_factor = 0.537269
    b = 0.2267
    c = 660.0
    d = 0.28571
    pc = 35.9
    tc = 660.0
    vc = 0.347
    vc_rat = 1.168
/

&rkpr
    ac = 42.739630039526666
    b = 0.09761155556380657
    del1 = 4.862113670576039
    k = 2.52417535409268
/

&soaveredlichkwong
    ac = 35.85740122119248
    b = 0.13243548304833863
    k = 1.275146259786825
/
