&names
    formula_extended = '-CH2CH2COOCOCH2-'
    iupac = 'Glutaric Anhydride'
/

&pengrobinson
    ac = 38.27096061139572
    b = 0.093456256399661
    k = 1.1325630808276999
/

&pure
    a = 0.99269
    acentric_factor = 0.537222
    b = 0.27299
    c = 838.0
    d = 0.3381
    pc = 58.0
    tc = 838.0
    vc = 0.275
    vc_rat = 1.168
/

&rkpr
    ac = 42.40647910668198
    b = 0.07757749604282269
    del1 = 4.71398686383726
    k = 2.559256199383114
/

&soaveredlichkwong
    ac = 35.78041981681968
    b = 0.10408086622577924
    k = 1.2750811194753
/
