&names
    formula_extended = 'CN(CH2)3CN'
    iupac = 'Glutaronitrile'
/

&pengrobinson
    ac = 61.36380368952133
    b = 0.16057892810785412
    k = 1.2193515071894423
/

&pure
    a = 0.64169
    acentric_factor = 0.603282
    b = 0.22587
    c = 782.0
    d = 0.27824
    pc = 31.5
    tc = 782.0
    vc = 0.352
    vc_rat = 1.168
/

&rkpr
    ac = 80.7639910048794
    b = 0.08969547120941711
    del1 = 11.095910267462436
    k = 1.6731817187403877
/

&soaveredlichkwong
    ac = 57.37046111443055
    b = 0.17883440423292205
    k = 1.3658747629833001
/
