&names
    formula_extended = 'NH2CH2COOH'
    iupac = 'Glycine'
/

&pengrobinson
    ac = 48.88784651255469
    b = 0.09798468501864559
    k = 1.326365775833746
/

&pure
    a = 0.79397
    acentric_factor = 0.685992
    b = 0.186
    c = 1021.0
    d = 0.28571
    pc = 67.4
    tc = 1021.0
    vc = 0.234
    vc_rat = 1.168
/

&rkpr
    ac = 61.53107788234392
    b = 0.06144432546639483
    del1 = 8.953025442546156
    k = 2.200421660609868
/

&soaveredlichkwong
    ac = 45.70639576887425
    b = 0.1091241109636161
    k = 1.4773990287888001
/
