&names
    formula_extended = 'HOCH2COOH'
    iupac = 'Glycolic Acid'
/

&pengrobinson
    ac = 16.40791384419463
    b = 0.054507428093191215
    k = 1.7878876293616814
/

&pure
    a = 1.4273
    acentric_factor = 1.05917
    b = 0.25198
    c = 616.0
    d = 0.28571
    pc = 73.1
    tc = 616.0
    vc = 0.177
    vc_rat = 1.168
/

&rkpr
    ac = 16.93770021907486
    b = 0.051612301347634545
    del1 = 3.06668324292283
    k = 4.572956386183978
/

&soaveredlichkwong
    ac = 15.340143970378405
    b = 0.060704125654441415
    k = 1.9508113894425003
/
