&names
    formula_extended = 'CH3CO2CH(CH2O2CCH3)2'
    iupac = 'Glyceryl Triacetate'
/

&pengrobinson
    ac = 67.81763771417984
    b = 0.19713014192268538
    k = 1.5196020098323713
/

&pure
    a = 0.39467
    acentric_factor = 0.838934
    b = 0.24663
    c = 704.0
    d = 0.28571
    pc = 23.1
    tc = 704.0
    vc = 0.625
    vc_rat = 1.168
/

&rkpr
    ac = 71.27233150297108
    b = 0.18079573396658358
    del1 = 3.4532236311437225
    k = 3.836787644152295
/

&soaveredlichkwong
    ac = 63.404302103558905
    b = 0.21954095660307565
    k = 1.6773153211377
/
