&names
    formula_extended = 'HOCH2CH(OH)CH2OH'
    iupac = 'Glycerol'
/

&pengrobinson
    ac = 30.449902586955293
    b = 0.07330777152749861
    k = 1.1000292032455663
/

&pure
    a = 0.92382
    acentric_factor = 0.51269
    b = 0.24386
    c = 850.0
    d = 0.22114
    pc = 75.0
    tc = 850.0
    vc = 0.264
    vc_rat = 1.168
/

&rkpr
    ac = 28.924510447709828
    b = 0.07966301071597566
    del1 = 1.3741356767834836
    k = 3.417526580000168
/

&soaveredlichkwong
    ac = 28.468329002907407
    b = 0.08164179323676875
    k = 1.2409751286825
/
