&names
    formula_extended = 'OHCCHO'
    iupac = 'Glyoxal'
/

&pengrobinson
    ac = 13.171717006865197
    b = 0.05445280147975962
    k = 0.9659465247618643
/

&pure
    a = 1.4287
    acentric_factor = 0.413298
    b = 0.2284
    c = 495.0
    d = 0.2857
    pc = 58.8
    tc = 495.0
    vc = 0.164
    vc_rat = 1.168
/

&rkpr
    ac = 14.362856119446066
    b = 0.04662926076647371
    del1 = 4.310239897194691
    k = 2.2405434577717465
/

&soaveredlichkwong
    ac = 12.314547549497545
    b = 0.060643288793818334
    k = 1.1006383855593
/
