&names
    formula_extended = 'CH3O(C6H4)OH'
    iupac = 'Guaiacol'
/

&pengrobinson
    ac = 32.46487499915762
    b = 0.09531560145752992
    k = 1.1766822869442728
/

&pure
    a = 0.73494
    acentric_factor = 0.570691
    b = 0.25937
    c = 697.0
    d = 0.26613
    pc = 47.3
    tc = 697.0
    vc = 0.353
    vc_rat = 1.168
/

&rkpr
    ac = 30.100748855621447
    b = 0.10750070821242069
    del1 = 0.7447153571809703
    k = 3.7712931533560368
/

&soaveredlichkwong
    ac = 30.352174029949698
    b = 0.1061515916292025
    k = 1.321272195940825
/
