&names
    formula_extended = 'BrCH(Cl)CF3'
    iupac = 'Halothane'
/

&pengrobinson
    ac = 19.83748473315548
    b = 0.08184421070897205
    k = 0.7784129144128492
/

&pure
    a = 0.88541
    acentric_factor = 0.275046
    b = 0.26208
    c = 496.0
    d = 0.28704
    pc = 39.2
    tc = 496.0
    vc = 0.296
    vc_rat = 1.168
/

&rkpr
    ac = 18.775345562931864
    b = 0.08944411996687945
    del1 = 1.2943220114943184
    k = 2.5396369150001243
/

&soaveredlichkwong
    ac = 18.5465303332549
    b = 0.09114870073252694
    k = 0.8996836011297
/
