&names
    formula_extended = 'He'
    iupac = 'Helium-4'
/

&pengrobinson
    ac = 0.03756942998370758
    b = 0.014784760644201405
    k = -0.26795232179959805
/

&pure
    a = 7.2475
    acentric_factor = -0.390032
    b = 0.41865
    c = 5.2
    d = 0.24096
    pc = 2.275
    tc = 5.2
    vc = 0.0573
    vc_rat = 1.168
/

&rkpr
    ac = 0.03466398009744742
    b = 0.01679777009481622
    del1 = 0.41421356237309515
    k = -0.3690357413757275
/

&soaveredlichkwong
    ac = 0.035124542358505643
    b = 0.016465571745230674
    k = -0.1605322361792
/
