&names
    formula_extended = 'He'
    iupac = 'Helium-3'
/

&pengrobinson
    ac = 0.029599164025635782
    b = 0.018299300434089023
    k = -0.4125834389376678
/

&pure
    a = 6.407
    acentric_factor = -0.471523
    b = 0.4666
    c = 3.31
    d = 0.223
    pc = 1.17
    tc = 3.31
    vc = 0.0725
    vc_rat = 1.168
/

&rkpr
    ac = 0.02731009847981905
    b = 0.020790829759449347
    del1 = 0.41421356237309515
    k = -0.7927588346257504
/

&soaveredlichkwong
    ac = 0.02767295354349693
    b = 0.020379663319283904
    k = -0.30108564141757505
/
