&names
    formula_extended = 'CF3CF3'
    iupac = 'Hexafluoroethane'
/

&pengrobinson
    ac = 9.093586458513867
    b = 0.06355462545376508
    k = 0.74210481361459
/

&pure
    a = 1.1916
    acentric_factor = 0.249126
    b = 0.26671
    c = 292.8
    d = 0.29865
    pc = 29.8
    tc = 292.8
    vc = 0.224
    vc_rat = 1.168
/

&rkpr
    ac = 8.79594498560698
    b = 0.06711571387161551
    del1 = 1.750207134442024
    k = 2.3171175683614598
/

&soaveredlichkwong
    ac = 8.501807530519326
    b = 0.0707798570659077
    k = 0.8612631653217
/
