&names
    formula_extended = '(C6)(CH3)6'
    iupac = 'Hexamethylbenzene'
/

&pengrobinson
    ac = 65.56438046033772
    b = 0.17700347467990216
    k = 1.077224766231111
/

&pure
    a = 0.4263
    acentric_factor = 0.495569
    b = 0.2528
    c = 758.0
    d = 0.24979
    pc = 27.7
    tc = 758.0
    vc = 0.593
    vc_rat = 1.168
/

&rkpr
    ac = 66.07069279114381
    b = 0.17472112811673832
    del1 = 2.5691698255542557
    k = 3.0000567722571256
/

&soaveredlichkwong
    ac = 61.2976789822736
    b = 0.19712618158888529
    k = 1.2170475950918251
/
