&names
    formula_extended = 'CCl2CClCClCCl2'
    iupac = 'Hexachloro-1,3-Butadiene'
/

&pengrobinson
    ac = 60.61829308654058
    b = 0.16808554904917353
    k = 0.6266439870151679
/

&pure
    a = 0.41672
    acentric_factor = 0.16836
    b = 0.22919
    c = 738.0
    d = 0.29833
    pc = 28.4
    tc = 738.0
    vc = 0.55
    vc_rat = 1.168
/

&rkpr
    ac = 62.212868327140406
    b = 0.16078577240213388
    del1 = 2.9445390571800747
    k = 1.6777874724340838
/

&soaveredlichkwong
    ac = 56.673465744405824
    b = 0.18719441821272373
    k = 0.74003824932
/
