&names
    formula_extended = 'F3CCFCF2'
    iupac = 'Hexafluoropropylene'
/

&pengrobinson
    ac = 14.760700183519273
    b = 0.0820809125419457
    k = 0.6788729135784479
/

&pure
    a = 0.9027
    acentric_factor = 0.20459
    b = 0.24195
    c = 368.0
    d = 0.3113
    pc = 29.0
    tc = 368.0
    vc = 0.268
    vc_rat = 1.168
/

&rkpr
    ac = 15.174043743677169
    b = 0.0782900553629548
    del1 = 2.979120435479446
    k = 1.810626031665843
/

&soaveredlichkwong
    ac = 13.800125236450546
    b = 0.09141231210283236
    k = 0.7946996730825
/
