&names
    formula_extended = '(C6F6)'
    iupac = 'Hexafluorobenzene'
/

&pengrobinson
    ac = 25.787972929938935
    b = 0.10212605714859471
    k = 0.9421463494840147
/

&pure
    a = 0.77477
    acentric_factor = 0.395322
    b = 0.25947
    c = 516.73
    d = 0.27853
    pc = 32.728
    tc = 516.73
    vc = 0.335
    vc_rat = 1.168
/

&rkpr
    ac = 26.41616024007342
    b = 0.09801400303233589
    del1 = 2.904983513699088
    k = 2.5457883892258195
/

&soaveredlichkwong
    ac = 24.10978148751375
    b = 0.11373629654919205
    k = 1.0748879183553002
/
