&names
    formula_extended = '(CH3)3SiOSi(CH3)3'
    iupac = 'Hexamethyldisiloxane'
/

&pengrobinson
    ac = 44.432411252456966
    b = 0.1752938460783401
    k = 0.9683886558868001
/

&pure
    a = 0.44698
    acentric_factor = 0.41515
    b = 0.26863
    c = 518.7
    d = 0.28099
    pc = 19.14
    tc = 518.7
    vc = 0.601
    vc_rat = 1.168
/

&rkpr
    ac = 43.96023150461252
    b = 0.1784395008301062
    del1 = 2.200914970923222
    k = 2.82165578750271
/

&soaveredlichkwong
    ac = 41.540904714398636
    b = 0.19522219321368225
    k = 1.1032849335625
/
