&names
    formula_extended = 'C6Cl6'
    iupac = 'Hexachlorobenzene'
/

&pengrobinson
    ac = 75.48703313875961
    b = 0.18724121210584013
    k = 1.0793060016221265
/

&pure
    a = 0.41549
    acentric_factor = 0.497129
    b = 0.219
    c = 825.0
    d = 0.28571
    pc = 28.5
    tc = 825.0
    vc = 0.526
    vc_rat = 1.168
/

&rkpr
    ac = 86.26043368344313
    b = 0.1460666890351317
    del1 = 5.5541617373313334
    k = 2.23838864565147
/

&soaveredlichkwong
    ac = 70.57459999127249
    b = 0.20852780006295427
    k = 1.219232028537825
/
