&names
    formula_extended = 'CH3(CH2)4CN'
    iupac = 'Hexanenitrile'
/

&pengrobinson
    ac = 41.88678783423215
    b = 0.13779542489528762
    k = 1.0454485963164468
/

&pure
    a = 0.649
    acentric_factor = 0.474328
    b = 0.24921
    c = 622.05
    d = 0.28637
    pc = 29.2
    tc = 622.05
    vc = 0.384
    vc_rat = 1.168
/

&rkpr
    ac = 48.113376490372374
    b = 0.10634275455665768
    del1 = 5.704827360410537
    k = 2.132281819818073
/

&soaveredlichkwong
    ac = 39.160941600212006
    b = 0.15346074984769945
    k = 1.1872195379727999
/
