&names
    formula_extended = 'CCl3CCl3'
    iupac = 'Hexachloroethane'
/

&pengrobinson
    ac = 45.71223565794941
    b = 0.1345955474065116
    k = 0.7272736626080435
/

&pure
    a = 0.578
    acentric_factor = 0.238612
    b = 0.238
    c = 695.0
    d = 0.28571
    pc = 33.4
    tc = 695.0
    vc = 0.412
    vc_rat = 1.168
/

&rkpr
    ac = 49.27979137126008
    b = 0.11778344220389886
    del1 = 4.034852667764071
    k = 1.6796775133039346
/

&soaveredlichkwong
    ac = 42.73744260602123
    b = 0.1498970930773713
    k = 0.8456115428548
/
