&names
    formula_extended = '-(CCl)4CCl2-'
    iupac = 'Hexachlorocyclopentadiene'
/

&pengrobinson
    ac = 58.441382202630265
    b = 0.16031150349671866
    k = 0.9262707835818573
/

&pure
    a = 0.48528
    acentric_factor = 0.383404
    b = 0.254
    c = 746.0
    d = 0.28571
    pc = 30.1
    tc = 746.0
    vc = 0.526
    vc_rat = 1.168
/

&rkpr
    ac = 59.85306974532275
    b = 0.15390992800419226
    del1 = 2.9008382647386894
    k = 2.503760774326156
/

&soaveredlichkwong
    ac = 54.63822063725996
    b = 0.17853657735380934
    k = 1.0577531362372
/
