&names
    formula_extended = '(CH2)6N4  See refs. 8, 2867'
    iupac = 'Hexamethylenetetramine'
/

&pengrobinson
    ac = 60.17448982277914
    b = 0.1471194168043071
    k = 0.812230053039022
/

&pure
    a = 0.5288
    acentric_factor = 0.299424
    b = 0.213
    c = 837.0
    d = 0.28571
    pc = 36.8
    tc = 837.0
    vc = 0.402
    vc_rat = 1.168
/

&rkpr
    ac = 69.98875543972606
    b = 0.11058245323560974
    del1 = 6.080641539429923
    k = 1.4698734301760619
/

&soaveredlichkwong
    ac = 56.2585436510019
    b = 0.16384474330045268
    k = 0.9356037979392
/
