&names
    formula_extended = 'H2N(CH2)6NH2'
    iupac = 'Hexamethylenediamine'
/

&pengrobinson
    ac = 41.85056183741566
    b = 0.12975986735602293
    k = 1.2606699943995776
/

&pure
    a = 0.45855
    acentric_factor = 0.635051
    b = 0.21781
    c = 660.0
    d = 0.31586
    pc = 32.9
    tc = 660.0
    vc = 0.475
    vc_rat = 1.168
/

&rkpr
    ac = 39.199509350450235
    b = 0.14410363461018705
    del1 = 1.0481226228704703
    k = 3.9324189841119215
/

&soaveredlichkwong
    ac = 39.12707306507021
    b = 0.14451166691292877
    k = 1.4089945637948251
/
