&names
    formula_extended = '(C6)(CH2CH3)6'
    iupac = 'Hexaethylbenzene'
/

&pengrobinson
    ac = 101.68124880342029
    b = 0.27892348296249897
    k = 1.412207807053196
/

&pure
    a = 0.26302
    acentric_factor = 0.753357
    b = 0.24277
    c = 746.0
    d = 0.28571
    pc = 17.3
    tc = 746.0
    vc = 0.923
    vc_rat = 1.168
/

&rkpr
    ac = 103.4566335755762
    b = 0.270839832324411
    del1 = 2.7652526724778324
    k = 3.7910539725011203
/

&soaveredlichkwong
    ac = 95.06418735153323
    b = 0.31063300452888215
    k = 1.566463233346425
/
