&names
    formula_extended = '-CH2(CH2)5NH-'
    iupac = 'Hexamethyleneimine'
/

&pengrobinson
    ac = 28.823759397336303
    b = 0.09452551887276306
    k = 0.8751470370643124
/

&pure
    a = 0.6946
    acentric_factor = 0.345409
    b = 0.25078
    c = 624.0
    d = 0.27
    pc = 42.7
    tc = 624.0
    vc = 0.361
    vc_rat = 1.168
/

&rkpr
    ac = 26.594660140336707
    b = 0.10739557929472665
    del1 = 0.41421356237309515
    k = 2.9597993656550576
/

&soaveredlichkwong
    ac = 26.948009547181375
    b = 0.1052716882072125
    k = 1.002794974975825
/
