&names
    formula_extended = 'CO(CF3)2'
    iupac = 'Hexafluoroacetone'
/

&pengrobinson
    ac = 14.210575436095368
    b = 0.0814247072611351
    k = 0.8996953995900149
/

&pure
    a = 0.7112
    acentric_factor = 0.363581
    b = 0.23393
    c = 357.14
    d = 0.229
    pc = 28.371
    tc = 357.14
    vc = 0.329
    vc_rat = 1.168
/

&rkpr
    ac = 13.111593769288083
    b = 0.09251103521562214
    del1 = 0.41421356237309515
    k = 3.0307643036810887
/

&soaveredlichkwong
    ac = 13.2858006911558
    b = 0.09068150587669138
    k = 1.029143043876825
/
