&names
    formula_extended = '(CH3)3SiNHSi(CH3)3'
    iupac = 'Hexamethyldisilazane'
/

&pengrobinson
    ac = 48.71984413912847
    b = 0.18326942881874653
    k = 1.0965846701787565
/

&pure
    a = 0.4245
    acentric_factor = 0.5101
    b = 0.2598
    c = 544.0
    d = 0.2857
    pc = 19.2
    tc = 544.0
    vc = 0.613
    vc_rat = 1.168
/

&rkpr
    ac = 49.158406419890134
    b = 0.18051694154156372
    del1 = 2.594874266854115
    k = 3.043074022359641
/

&soaveredlichkwong
    ac = 45.54932640465186
    b = 0.2041044830919219
    k = 1.23736204825
/
