&names
    formula_extended = '-((CH3)2SiO)3-'
    iupac = 'Hexamethylcyclotrisiloxane'
/

&pengrobinson
    ac = 58.378121118423245
    b = 0.21555923197201943
    k = 1.0452981073651315
/

&pure
    a = 0.44122
    acentric_factor = 0.474211
    b = 0.27955
    c = 554.2
    d = 0.31758
    pc = 16.63
    tc = 554.2
    vc = 0.634
    vc_rat = 1.168
/

&rkpr
    ac = 64.70685092636307
    b = 0.17882328764108926
    del1 = 4.722162464452338
    k = 2.349266086855911
/

&soaveredlichkwong
    ac = 54.57907636403467
    b = 0.2400651647190615
    k = 1.1870548013088251
/
