&names
    formula_extended = 'CH3CH(OH)CH2C(CH3)2(OH)'
    iupac = 'Hexylene Glycol'
/

&pengrobinson
    ac = 30.398219546814698
    b = 0.10017044033719373
    k = 1.9046775607241804
/

&pure
    a = 0.68704
    acentric_factor = 1.15798
    b = 0.27344
    c = 621.0
    d = 0.20994
    pc = 40.1
    tc = 621.0
    vc = 0.398
    vc_rat = 1.168
/

&rkpr
    ac = 28.047358659036917
    b = 0.11380908136247833
    del1 = 0.41421356237309515
    k = 5.601007126146721
/

&soaveredlichkwong
    ac = 28.420009314974376
    b = 0.11155835470155506
    k = 2.0679999259299997
/
