&names
    formula_extended = 'HCN'
    iupac = 'Hydrogen Cyanide'
/

&pengrobinson
    ac = 12.228902385537475
    b = 0.05480081938453385
    k = 0.9614781254297756
/

&pure
    a = 1.3413
    acentric_factor = 0.409913
    b = 0.18589
    c = 456.65
    d = 0.28206
    pc = 53.9
    tc = 456.65
    vc = 0.139
    vc_rat = 1.168
/

&rkpr
    ac = 14.878099226818147
    b = 0.037270186251956355
    del1 = 7.599441185213565
    k = 1.5745703235927515
/

&soaveredlichkwong
    ac = 11.43308801930491
    b = 0.06103087124561353
    k = 1.0957980451754252
/
