&names
    formula_extended = 'HBr'
    iupac = 'Hydrogen Bromide'
/

&pengrobinson
    ac = 4.874316487810423
    b = 0.027466967372831042
    k = 0.48640119750463245
/

&pure
    a = 2.832
    acentric_factor = 0.073409
    b = 0.2832
    c = 363.15
    d = 0.28571
    pc = 85.52
    tc = 363.15
    vc = 0.1
    vc_rat = 1.168
/

&rkpr
    ac = 4.587088034598264
    b = 0.030283538030254173
    del1 = 1.1635518353106307
    k = 1.7338442615075436
/

&soaveredlichkwong
    ac = 4.557112951117599
    b = 0.03058955993843811
    k = 0.594602711775825
/
