&names
    formula_extended = 'HCl'
    iupac = 'Hydrogen Chloride'
/

&pengrobinson
    ac = 4.00902819135034
    b = 0.025270087095351904
    k = 0.5728444012831949
/

&pure
    a = 3.342
    acentric_factor = 0.131544
    b = 0.2729
    c = 324.65
    d = 0.3217
    pc = 83.1
    tc = 324.65
    vc = 0.081
    vc_rat = 1.168
/

&rkpr
    ac = 4.179136547485379
    b = 0.02351701770827195
    del1 = 3.2756874585297284
    k = 1.4502023075463308
/

&soaveredlichkwong
    ac = 3.748134602643545
    b = 0.02814292649640792
    k = 0.6840220868112
/
