&names
    formula_extended = 'HOCH2CH2CN'
    iupac = 'Hydracrylonitrile'
/

&pengrobinson
    ac = 30.77504112265569
    b = 0.09127095336335987
    k = 1.5040510557277265
/

&pure
    a = 0.9743
    acentric_factor = 0.826452
    b = 0.23676
    c = 690.0
    d = 0.22451
    pc = 48.9
    tc = 690.0
    vc = 0.243
    vc_rat = 1.168
/

&rkpr
    ac = 36.37571132235553
    b = 0.0662523201907786
    del1 = 6.592810934907089
    k = 3.0153759956730553
/

&soaveredlichkwong
    ac = 28.772308655368033
    b = 0.10164712618796543
    k = 1.6613064390468
/
