&names
    formula_extended = 'HOOH'
    iupac = 'Hydrogen Peroxide'
/

&pengrobinson
    ac = 7.765577616623903
    b = 0.021764300371700913
    k = 0.8924893548325531
/

&pure
    a = 3.2151
    acentric_factor = 0.358233
    b = 0.24982
    c = 730.15
    d = 0.2877
    pc = 217.0
    tc = 730.15
    vc = 0.0777
    vc_rat = 1.168
/

&rkpr
    ac = 7.43112211078119
    b = 0.023379348909578043
    del1 = 1.5304170727046065
    k = 2.802023332756529
/

&soaveredlichkwong
    ac = 7.260220877763015
    b = 0.024238583084234225
    k = 1.021400837599425
/
