&names
    formula_extended = 'CH3(CH2)3CH(OH)CO2H'
    iupac = 'Hydroxycaproic Acid'
/

&pengrobinson
    ac = 40.50879674479882
    b = 0.12137009038448987
    k = 1.8806920286775017
/

&pure
    a = 0.64099
    acentric_factor = 1.13754
    b = 0.258
    c = 683.0
    d = 0.28571
    pc = 36.4
    tc = 683.0
    vc = 0.402
    vc_rat = 1.168
/

&rkpr
    ac = 41.186854493168404
    b = 0.11799651357355045
    del1 = 2.750679116981608
    k = 4.880944714747376
/

&soaveredlichkwong
    ac = 37.87262537046259
    b = 0.135168094975872
    k = 2.04403844097
/
