&names
    formula_extended = 'HSH'
    iupac = 'Hydrogen Sulfide'
/

&pengrobinson
    ac = 4.920522926992917
    b = 0.026956829244073527
    k = 0.5174775463611695
/

&pure
    a = 2.7672
    acentric_factor = 0.0941677
    b = 0.27369
    c = 373.53
    d = 0.29015
    pc = 89.6291
    tc = 373.53
    vc = 0.0985
    vc_rat = 1.168
/

&rkpr
    ac = 4.616060067963661
    b = 0.029864833936674103
    del1 = 1.087558212502962
    k = 1.8389450424189613
/

&soaveredlichkwong
    ac = 4.600312436204412
    b = 0.030021426563730483
    k = 0.6266681375484242
/
