&names
    formula_extended = 'H2NNH2'
    iupac = 'Hydrazine'
/

&pengrobinson
    ac = 9.173136313283395
    b = 0.028740078615357573
    k = 0.8326837017825619
/

&pure
    a = 1.0516
    acentric_factor = 0.314282
    b = 0.16613
    c = 653.15
    d = 0.1898
    pc = 147.0
    tc = 653.15
    vc = 0.158
    vc_rat = 1.168
/

&rkpr
    ac = 8.463727417017571
    b = 0.032653165289967895
    del1 = 0.41421356237309515
    k = 2.836978049274361
/

&soaveredlichkwong
    ac = 8.576180557863017
    b = 0.032007405313682784
    k = 0.9573945622833
/
