&names
    formula_extended = 'H2'
    iupac = 'Hydrogen'
/

&pengrobinson
    ac = 0.2651911937620188
    b = 0.016350644709002812
    k = 0.02893006452485391
/

&pure
    a = 5.414
    acentric_factor = -0.215993
    b = 0.34893
    c = 33.19
    d = 0.2706
    pc = 13.13
    tc = 33.19
    vc = 0.064147
    vc_rat = 1.168
/

&rkpr
    ac = 0.2446825056055259
    b = 0.018576856084009195
    del1 = 0.41421356237309515
    k = 0.4992485872388335
/

&soaveredlichkwong
    ac = 0.24793347470100405
    b = 0.01820947393169003
    k = 0.131862747191425
/
