&names
    formula_extended = 'C6H5NHNHC6H5'
    iupac = 'Hydrazobenzene'
/

&pengrobinson
    ac = 90.19490898939365
    b = 0.19656195735100285
    k = 1.3081199923726479
/

&pure
    a = 0.3661
    acentric_factor = 0.671791
    b = 0.2193
    c = 939.0
    d = 0.28571
    pc = 30.9
    tc = 939.0
    vc = 0.599
    vc_rat = 1.168
/

&rkpr
    ac = 97.54239352266421
    b = 0.17098626032247038
    del1 = 4.110200044482479
    k = 3.1426068813376125
/

&soaveredlichkwong
    ac = 84.32533851840135
    b = 0.21890817775364324
    k = 1.458420983155825
/
