&names
    formula_extended = 'HOCH2CN'
    iupac = 'Hydroxyacetonitrile'
/

&pengrobinson
    ac = 23.50124039569763
    b = 0.0724278746566696
    k = 1.471874814204112
/

&pure
    a = 1.0741
    acentric_factor = 0.800723
    b = 0.20968
    c = 664.0
    d = 0.28571
    pc = 59.3
    tc = 664.0
    vc = 0.195
    vc_rat = 1.168
/

&rkpr
    ac = 27.587752653516645
    b = 0.053369674368115266
    del1 = 6.370157588225764
    k = 2.988986107933976
/

&soaveredlichkwong
    ac = 21.971861540462022
    b = 0.0806618649576646
    k = 1.628135470522425
/
