&names
    formula_extended = 'HI'
    iupac = 'Hydrogen Iodide'
/

&pengrobinson
    ac = 6.833334347227742
    b = 0.0329916107049589
    k = 0.43296309293545504
/

&pure
    a = 2.3581
    acentric_factor = 0.0380703
    b = 0.28826
    c = 423.85
    d = 0.28571
    pc = 83.1
    tc = 423.85
    vc = 0.1219
    vc_rat = 1.168
/

&rkpr
    ac = 6.348676934763687
    b = 0.037094525547160015
    del1 = 0.8165073769313038
    k = 1.6432508888101969
/

&soaveredlichkwong
    ac = 6.388644752744953
    b = 0.03674227443555367
    k = 0.5396690163451343
/
