&names
    formula_extended = 'H2Se'
    iupac = 'Hydrogen Selenide'
/

&pengrobinson
    ac = 5.9902514698157265
    b = 0.029814518197900673
    k = 0.45747221178504005
/

&pure
    a = 2.1946
    acentric_factor = 0.0542229
    b = 0.26335
    c = 411.15
    d = 0.2625
    pc = 89.2
    tc = 411.15
    vc = 0.12
    vc_rat = 1.168
/

&rkpr
    ac = 5.526992499445576
    b = 0.03387389449368401
    del1 = 0.41421356237309515
    k = 1.748420140706549
/

&soaveredlichkwong
    ac = 5.6004267720028675
    b = 0.03320399296620035
    k = 0.5648323230952282
/
