&names
    formula_extended = 'HF'
    iupac = 'Hydrogen Fluoride'
/

&pengrobinson
    ac = 10.373343032059639
    b = 0.0460319700979112
    k = 0.9247735919393371
/

&pure
    a = 2.5635
    acentric_factor = 0.382283
    b = 0.1766
    c = 461.15
    d = 0.3733
    pc = 64.8
    tc = 461.15
    vc = 0.069
    vc_rat = 1.168
/

&rkpr
    ac = 15.97747983665741
    b = 0.015326932694046714
    del1 = 24.753027676006045
    k = 0.07131127447615615
/

&soaveredlichkwong
    ac = 9.698282004462051
    b = 0.05126513201407395
    k = 1.056138890884425
/
