&names
    formula_extended = 'H2'
    iupac = 'Hydrogen (Para)'
/

&pengrobinson
    ac = 0.26587280961985194
    b = 0.016499051811099442
    k = 0.021024444414851975
/

&pure
    a = 5.5984
    acentric_factor = -0.220755
    b = 0.3591
    c = 32.98
    d = 0.24255
    pc = 12.928
    tc = 32.976
    vc = 0.064144
    vc_rat = 1.168
/

&rkpr
    ac = 0.24531140837408746
    b = 0.018745469458378218
    del1 = 0.41421356237309515
    k = 0.47615525521172053
/

&soaveredlichkwong
    ac = 0.24857073337330954
    b = 0.018374752751271883
    k = 0.12400339524562495
/
