&names
    formula_extended = 'CH3CH(CH3)CH2C6H4CH(CH3)COOH'
    iupac = 'Ibuprofen'
/

&pengrobinson
    ac = 62.07488530729981
    b = 0.16604948248678378
    k = 1.7291339377230874
/

&pure
    a = 0.37622
    acentric_factor = 1.01014
    b = 0.25131
    c = 765.0
    d = 0.31915
    pc = 29.8
    tc = 765.0
    vc = 0.668
    vc_rat = 1.168
/

&rkpr
    ac = 57.2742942806614
    b = 0.1886578415640538
    del1 = 0.41421356237309515
    k = 5.201460808886649
/

&soaveredlichkwong
    ac = 58.035268017671996
    b = 0.18492688065375473
    k = 1.89139336657
/
