&names
    formula_extended = 'C6H4(CH2)3'
    iupac = 'Indane'
/

&pengrobinson
    ac = 37.53760468453079
    b = 0.11215597777926388
    k = 0.8257190669647195
/

&pure
    a = 0.63541
    acentric_factor = 0.309213
    b = 0.25162
    c = 684.9
    d = 0.29144
    pc = 39.5
    tc = 684.9
    vc = 0.396
    vc_rat = 1.168
/

&rkpr
    ac = 36.25532427274135
    b = 0.11872048770075398
    del1 = 1.7203411889504834
    k = 2.5609000775565502
/

&soaveredlichkwong
    ac = 35.0947881389316
    b = 0.12490647249708768
    k = 0.949969043110425
/
