&names
    formula_extended = 'C6H4(CH2CHCH)'
    iupac = 'Indene'
/

&pengrobinson
    ac = 39.05345225655184
    b = 0.11632839322310949
    k = 0.8593249325953004
/

&pure
    a = 0.6891
    acentric_factor = 0.333766
    b = 0.254
    c = 687.0
    d = 0.31
    pc = 38.2
    tc = 687.0
    vc = 0.368
    vc_rat = 1.168
/

&rkpr
    ac = 41.11020191566293
    b = 0.10637338016604386
    del1 = 3.4894607825233286
    k = 2.1642816650689323
/

&soaveredlichkwong
    ac = 36.511989631623415
    b = 0.1295532305674318
    k = 0.9858527290176999
/
