&names
    formula_extended = 'Polyring compound, see refs. 1115, 3055'
    iupac = 'Indole'
/

&pengrobinson
    ac = 45.87700379299621
    b = 0.11883681157330488
    k = 0.9167472056200019
/

&pure
    a = 0.4993
    acentric_factor = 0.376282
    b = 0.2125
    c = 790.0
    d = 0.2324
    pc = 43.0
    tc = 790.0
    vc = 0.431
    vc_rat = 1.168
/

&rkpr
    ac = 43.316045258374594
    b = 0.13035824114657196
    del1 = 1.2399937087775306
    k = 2.947861836520029
/

&soaveredlichkwong
    ac = 42.89148820483105
    b = 0.13234681940570583
    k = 1.0474899428833
/
