&names
    formula_extended = 'I2'
    iupac = 'Iodine'
/

&pengrobinson
    ac = 18.19957209279064
    b = 0.045465374963469106
    k = 0.5432225639254604
/

&pure
    a = 2.1492
    acentric_factor = 0.111484
    b = 0.33313
    c = 819.15
    d = 0.3355
    pc = 116.54
    tc = 819.15
    vc = 0.155
    vc_rat = 1.168
/

&rkpr
    ac = 18.08815631661529
    b = 0.04593407999503548
    del1 = 2.291415445408998
    k = 1.617040973227708
/

&soaveredlichkwong
    ac = 17.015207341637094
    b = 0.05063412329765527
    k = 0.6533007966052
/
