&names
    formula_extended = 'C6H5I'
    iupac = 'Iodobenzene'
/

&pengrobinson
    ac = 36.375467501891336
    b = 0.10322051261584285
    k = 0.738510422020478
/

&pure
    a = 0.7521
    acentric_factor = 0.246574
    b = 0.26381
    c = 721.15
    d = 0.2895
    pc = 45.191
    tc = 721.15
    vc = 0.351
    vc_rat = 1.168
/

&rkpr
    ac = 36.226709086699174
    b = 0.10393046642328849
    del1 = 2.3321949962259922
    k = 2.1470232385823094
/

&soaveredlichkwong
    ac = 34.008278795677896
    b = 0.1149551755998314
    k = 0.8574676969417
/
