&names
    formula_extended = 'Polyring Compound'
    iupac = 'Isoagatholal'
/

&pengrobinson
    ac = 118.12641695202619
    b = 0.30598699985940775
    k = 1.8164749886547054
/

&pure
    a = 0.25425
    acentric_factor = 1.08319
    b = 0.262
    c = 790.0
    d = 0.28571
    pc = 16.7
    tc = 790.0
    vc = 1.03
    vc_rat = 1.168
/

&rkpr
    ac = 118.59469565693614
    b = 0.30395694615582275
    del1 = 2.4937271830856464
    k = 4.827410696504039
/

&soaveredlichkwong
    ac = 110.43916124597216
    b = 0.34077324757157795
    k = 1.9796134591824999
/
