&names
    formula_extended = 'CH2C(CH3)CO2CH2CH(CH3)2'
    iupac = 'Isobutyl Methacrylate'
/

&pengrobinson
    ac = 44.340532306397826
    b = 0.14826290870730058
    k = 0.9754698351122226
/

&pure
    a = 0.52472
    acentric_factor = 0.420528
    b = 0.25887
    c = 612.0
    d = 0.28571
    pc = 26.7
    tc = 612.0
    vc = 0.493
    vc_rat = 1.168
/

&rkpr
    ac = 44.94583329645345
    b = 0.14489561371558668
    del1 = 2.688421617787446
    k = 2.6985105059420555
/

&soaveredlichkwong
    ac = 41.45500493007641
    b = 0.16511823351256605
    k = 1.1109634072128
/
