&names
    formula_extended = '(C6H5)CH2CH(CH3)2'
    iupac = 'Isobutylbenzene'
/

&pengrobinson
    ac = 43.78609283449526
    b = 0.13784971502277948
    k = 0.9239759703952877
/

&pure
    a = 0.54956
    acentric_factor = 0.381686
    b = 0.26269
    c = 650.0
    d = 0.30801
    pc = 30.5
    tc = 650.0
    vc = 0.478
    vc_rat = 1.168
/

&rkpr
    ac = 42.925184098696576
    b = 0.14245211845859368
    del1 = 2.0185293189004168
    k = 2.751494799769767
/

&soaveredlichkwong
    ac = 40.93664644754115
    b = 0.15352121196885157
    k = 1.0552790285456999
/
