&names
    formula_extended = 'CH3COOCH2CH(CH3)2'
    iupac = 'Isobutyl Acetate'
/

&pengrobinson
    ac = 33.02621728698369
    b = 0.12051299083238583
    k = 0.9931868750300236
/

&pure
    a = 0.68982
    acentric_factor = 0.434036
    b = 0.26832
    c = 560.8
    d = 0.27599
    pc = 30.1
    tc = 560.8
    vc = 0.389
    vc_rat = 1.168
/

&rkpr
    ac = 34.24732443107532
    b = 0.11320389247849377
    del1 = 3.1629049558864644
    k = 2.611925672242309
/

&soaveredlichkwong
    ac = 30.87698611719503
    b = 0.13421355573728722
    k = 1.1302048953732
/
