&names
    formula_extended = 'CH2CHCOOCH2CH(CH3)2'
    iupac = 'Isobutyl Acrylate'
/

&pengrobinson
    ac = 36.920154188556445
    b = 0.12870885908267704
    k = 1.0206722284149332
/

&pure
    a = 0.60444
    acentric_factor = 0.455142
    b = 0.26167
    c = 587.0
    d = 0.28571
    pc = 29.5
    tc = 587.0
    vc = 0.433
    vc_rat = 1.168
/

&rkpr
    ac = 37.08367571872056
    b = 0.12775508935695276
    del1 = 2.5030543058034067
    k = 2.876810977869323
/

&soaveredlichkwong
    ac = 34.51751917026382
    b = 0.14334117436684926
    k = 1.1601415159712998
/
