&names
    formula_extended = '(CH3)2CHCH2Cl'
    iupac = 'Isobutyl Chloride'
/

&pengrobinson
    ac = 22.595011026887796
    b = 0.08757127458488521
    k = 0.7314607502575822
/

&pure
    a = 0.91832
    acentric_factor = 0.241576
    b = 0.27547
    c = 528.0
    d = 0.25899
    pc = 39.0
    tc = 528.0
    vc = 0.3
    vc_rat = 1.168
/

&rkpr
    ac = 22.369333683501324
    b = 0.08904767148501255
    del1 = 2.213763619274364
    k = 2.1600637785422423
/

&soaveredlichkwong
    ac = 21.124606422003037
    b = 0.09752684802944322
    k = 0.8500278053392
/
