&names
    formula_extended = '(CH3)2CHCOOH'
    iupac = 'Isobutyric Acid'
/

&pengrobinson
    ac = 31.269313366848348
    b = 0.10576598197329888
    k = 1.2333864761540958
/

&pure
    a = 0.88575
    acentric_factor = 0.61405
    b = 0.25736
    c = 605.0
    d = 0.26265
    pc = 37.0
    tc = 605.0
    vc = 0.292
    vc_rat = 1.168
/

&rkpr
    ac = 36.13275479862651
    b = 0.08060726952814799
    del1 = 5.882227568009351
    k = 2.539101954115593
/

&soaveredlichkwong
    ac = 29.234415383772152
    b = 0.1177900276031282
    k = 1.3805296545625
/
