&names
    formula_extended = '(CH3)2CHCH2SH'
    iupac = 'Isobutyl Mercaptan'
/

&pengrobinson
    ac = 24.328027707930463
    b = 0.08905906465634249
    k = 0.7472199034764114
/

&pure
    a = 0.88801
    acentric_factor = 0.252762
    b = 0.27262
    c = 559.0
    d = 0.29522
    pc = 40.6
    tc = 559.0
    vc = 0.307
    vc_rat = 1.168
/

&rkpr
    ac = 23.964373993487893
    b = 0.0913130590298775
    del1 = 2.1138805366196545
    k = 2.2314671399293937
/

&soaveredlichkwong
    ac = 22.744844414639005
    b = 0.0991837780774132
    k = 0.8666668779872999
/
