&names
    formula_extended = 'CH2C(CH3)2'
    iupac = 'Isobutene'
/

&pengrobinson
    ac = 13.800476139046538
    b = 0.06757790673825367
    k = 0.664887066498048
/

&pure
    a = 1.1446
    acentric_factor = 0.19484
    b = 0.2724
    c = 417.9
    d = 0.28172
    pc = 40.0
    tc = 417.9
    vc = 0.239
    vc_rat = 1.168
/

&rkpr
    ac = 13.310639390083168
    b = 0.07169116705708771
    del1 = 1.6923267162459172
    k = 2.1148121065643934
/

&soaveredlichkwong
    ac = 12.902389227723116
    b = 0.07526052660363013
    k = 0.78003470052
/
