&names
    formula_extended = '(CH3)2CHCH2NH2'
    iupac = 'Isobutylamine'
/

&pengrobinson
    ac = 19.791631490842406
    b = 0.07883693001218729
    k = 0.8985551571322605
/

&pure
    a = 0.7941
    acentric_factor = 0.362734
    b = 0.24789
    c = 513.73
    d = 0.2365
    pc = 42.15
    tc = 513.73
    vc = 0.3126
    vc_rat = 1.168
/

&rkpr
    ac = 18.261036177341293
    b = 0.08957092084174015
    del1 = 0.41421356237309515
    k = 3.0274687104943503
/

&soaveredlichkwong
    ac = 18.503661060215652
    b = 0.08779953619327029
    k = 1.0279175239177
/
