&names
    formula_extended = 'CH3CH(CH3)CN'
    iupac = 'Isobutyronitrile'
/

&pengrobinson
    ac = 26.83603627692926
    b = 0.09719702185474824
    k = 0.8655997435247003
/

&pure
    a = 0.87946
    acentric_factor = 0.338377
    b = 0.24449
    c = 565.0
    d = 0.29985
    pc = 37.6
    tc = 565.0
    vc = 0.278
    vc_rat = 1.168
/

&rkpr
    ac = 30.30758279809189
    b = 0.0776723281880393
    del1 = 5.222581767380903
    k = 1.774688643652048
/

&soaveredlichkwong
    ac = 25.08964052295089
    b = 0.10824690201527146
    k = 0.9925680740274249
/
