&names
    formula_extended = 'HCOOCH2CH(CH3)2'
    iupac = 'Isobutyl Formate'
/

&pengrobinson
    ac = 24.75987291413252
    b = 0.09189757854194276
    k = 0.9345178525538994
/

&pure
    a = 0.7292
    acentric_factor = 0.389588
    b = 0.2567
    c = 551.35
    d = 0.2683
    pc = 38.8075
    tc = 551.35
    vc = 0.352
    vc_rat = 1.168
/

&rkpr
    ac = 22.84505626737
    b = 0.10440983346073322
    del1 = 0.41421356237309515
    k = 3.1313793494390545
/

&soaveredlichkwong
    ac = 23.148586639212006
    b = 0.10234498948677853
    k = 1.0666502202947998
/
