&names
    formula_extended = 'CH3CH(CH3)CH3'
    iupac = 'Isobutane'
/

&pengrobinson
    ac = 14.441169944091522
    b = 0.07246665133059293
    k = 0.6485862033475251
/

&pure
    a = 1.0631
    acentric_factor = 0.183521
    b = 0.27506
    c = 407.8
    d = 0.2758
    pc = 36.4
    tc = 407.8
    vc = 0.259
    vc_rat = 1.168
/

&rkpr
    ac = 13.806183401484395
    b = 0.07795980004102604
    del1 = 1.5107498807398223
    k = 2.115642875010883
/

&soaveredlichkwong
    ac = 13.501388911878395
    b = 0.08070504997241669
    k = 0.7629680614478249
/
