&names
    formula_extended = '(CH3)2CHCOOCH2CH(CH3)2'
    iupac = 'Isobutyl Isobutyrate'
/

&pengrobinson
    ac = 43.8896173770948
    b = 0.14919296301404383
    k = 0.9518537643268434
/

&pure
    a = 0.52337
    acentric_factor = 0.402638
    b = 0.25855
    c = 602.0
    d = 0.3455
    pc = 26.1
    tc = 602.0
    vc = 0.494
    vc_rat = 1.168
/

&rkpr
    ac = 44.63507899574144
    b = 0.1449856163490244
    del1 = 2.755653232186425
    k = 2.6146034282643544
/

&soaveredlichkwong
    ac = 41.03343397354993
    b = 0.16615402139464094
    k = 1.0853816741673001
/
