&names
    formula_extended = 'CH3COOCH(CH3)2'
    iupac = 'Isopropyl Acetate'
/

&pengrobinson
    ac = 27.191720416604063
    b = 0.1045943173233397
    k = 0.905334366786686
/

&pure
    a = 0.78674
    acentric_factor = 0.367774
    b = 0.26435
    c = 532.0
    d = 0.28801
    pc = 32.9
    tc = 532.0
    vc = 0.336
    vc_rat = 1.168
/

&rkpr
    ac = 28.298985283669975
    b = 0.09762361717457527
    del1 = 3.2402495348481013
    k = 2.3536977262637837
/

&soaveredlichkwong
    ac = 25.42217797788896
    b = 0.11648516181466381
    k = 1.0352061758617
/
