&names
    formula_extended = '(CH3)2CHOCH2CH(CH3)2'
    iupac = 'Isopropyl Isobutyl Ether'
/

&pengrobinson
    ac = 32.670342519989994
    b = 0.12449801805903465
    k = 0.9196585319668379
/

&pure
    a = 0.62599
    acentric_factor = 0.378457
    b = 0.2723
    c = 537.0
    d = 0.30983
    pc = 27.9
    tc = 537.0
    vc = 0.435
    vc_rat = 1.168
/

&rkpr
    ac = 31.828911966512436
    b = 0.12996343455945641
    del1 = 1.8943304918953132
    k = 2.775482368831671
/

&soaveredlichkwong
    ac = 30.544270440299915
    b = 0.13865162229014807
    k = 1.050626120351425
/
