&names
    formula_extended = 'CH3CH(OH)CH3'
    iupac = 'Isopropanol'
/

&pengrobinson
    ac = 17.14264320640044
    b = 0.06901455820756325
    k = 1.3017889412018917
/

&pure
    a = 1.1898
    acentric_factor = 0.666873
    b = 0.26648
    c = 508.3
    d = 0.23986
    pc = 47.64
    tc = 508.3
    vc = 0.222
    vc_rat = 1.168
/

&rkpr
    ac = 17.822809607556476
    b = 0.06453015278288159
    del1 = 3.2186654062170525
    k = 3.37936021728923
/

&soaveredlichkwong
    ac = 16.027059705219934
    b = 0.07686050433814187
    k = 1.4518321723274252
/
