&names
    formula_extended = 'CH2CHCOOCH(CH3)2'
    iupac = 'Isopropyl Acrylate'
/

&pengrobinson
    ac = 29.94727976856076
    b = 0.10943402893744239
    k = 0.9550875602565119
/

&pure
    a = 0.7109
    acentric_factor = 0.40508
    b = 0.26599
    c = 560.0
    d = 0.28571
    pc = 33.1
    tc = 560.0
    vc = 0.376
    vc_rat = 1.168
/

&rkpr
    ac = 29.578030298698557
    b = 0.11171493509852161
    del1 = 2.166645257862796
    k = 2.794800892357473
/

&soaveredlichkwong
    ac = 27.998415126580134
    b = 0.1218750778725533
    k = 1.0888802038799998
/
