&names
    formula_extended = '(CH3)2CHNH2'
    iupac = 'Isopropylamine'
/

&pengrobinson
    ac = 15.501059578484396
    b = 0.06722649390110824
    k = 0.7796211180550555
/

&pure
    a = 1.2801
    acentric_factor = 0.275913
    b = 0.2828
    c = 471.85
    d = 0.2972
    pc = 45.4
    tc = 471.85
    vc = 0.221
    vc_rat = 1.168
/

&rkpr
    ac = 15.852192678704633
    b = 0.06470678003840392
    del1 = 2.870325764131238
    k = 2.1130681268221085
/

&soaveredlichkwong
    ac = 14.492304621132382
    b = 0.07486916326529414
    k = 0.9009646648754251
/
