&names
    formula_extended = '(C6H11)CH(CH3)2'
    iupac = 'Isopropylcyclohexane'
/

&pengrobinson
    ac = 43.60131034094755
    b = 0.14230332120043848
    k = 0.8535216675426165
/

&pure
    a = 0.5846
    acentric_factor = 0.329509
    b = 0.27126
    c = 627.0
    d = 0.29805
    pc = 28.5
    tc = 627.0
    vc = 0.464
    vc_rat = 1.168
/

&rkpr
    ac = 44.8687014138251
    b = 0.13548563374692127
    del1 = 3.00083834352453
    k = 2.2785204657020595
/

&soaveredlichkwong
    ac = 40.763888954958986
    b = 0.15848112804784523
    k = 0.979646334310825
/
