&names
    formula_extended = 'CH3CHClCH3'
    iupac = 'Isopropyl Chloride'
/

&pengrobinson
    ac = 16.64834951868513
    b = 0.06966992798059113
    k = 0.6702192143150747
/

&pure
    a = 1.1202
    acentric_factor = 0.198553
    b = 0.27669
    c = 489.0
    d = 0.27646
    pc = 45.4
    tc = 489.0
    vc = 0.247
    vc_rat = 1.168
/

&rkpr
    ac = 16.02477335675767
    b = 0.074150346311166
    del1 = 1.6508983564854096
    k = 2.140757168641083
/

&soaveredlichkwong
    ac = 15.564932928762916
    b = 0.0775903800714821
    k = 0.7856233455834251
/
