&names
    formula_extended = 'CH3CH(CH3)CH2CH3'
    iupac = 'Isopentane'
/

&pengrobinson
    ac = 19.822720123061014
    b = 0.08810711280349903
    k = 0.7120663574425
/

&pure
    a = 0.91991
    acentric_factor = 0.227875
    b = 0.27815
    c = 460.4
    d = 0.28667
    pc = 33.8
    tc = 460.4
    vc = 0.306
    vc_rat = 1.168
/

&rkpr
    ac = 19.407832836278654
    b = 0.09124094939104808
    del1 = 1.992780536118941
    k = 2.1666445315911282
/

&soaveredlichkwong
    ac = 18.532726552550884
    b = 0.09812360321843458
    k = 0.829588022265625
/
