&names
    formula_extended = '(C5H9)CH(CH3)2'
    iupac = 'Isopropylcyclopentane'
/

&pengrobinson
    ac = 36.5632778460216
    b = 0.12617504406677638
    k = 0.8171581799617613
/

&pure
    a = 0.6538
    acentric_factor = 0.302996
    b = 0.27459
    c = 593.0
    d = 0.28158
    pc = 30.4
    tc = 593.0
    vc = 0.42
    vc_rat = 1.168
/

&rkpr
    ac = 37.03174581731988
    b = 0.12348407680344137
    del1 = 2.671530481791529
    k = 2.269822684752677
/

&soaveredlichkwong
    ac = 34.18386709687463
    b = 0.14051930163333168
    k = 0.9408495531972
/
