&names
    formula_extended = '(CH3)2CHSH'
    iupac = 'Isopropyl Mercaptan'
/

&pengrobinson
    ac = 17.78675799504213
    b = 0.07040269575179589
    k = 0.692051294430288
/

&pure
    a = 1.093
    acentric_factor = 0.21381
    b = 0.27762
    c = 517.0
    d = 0.29781
    pc = 47.5
    tc = 517.0
    vc = 0.254
    vc_rat = 1.168
/

&rkpr
    ac = 16.86953669589151
    b = 0.07669129624282375
    del1 = 1.3403445921409076
    k = 2.2819324981525906
/

&soaveredlichkwong
    ac = 16.629257747276895
    b = 0.0784064528236708
    k = 0.8085368646825
/
