&names
    formula_extended = '-COCHC(CH3)CH2C(CH3)2CH2-'
    iupac = 'Isophorone'
/

&pengrobinson
    ac = 48.52629898069211
    b = 0.13888462279322075
    k = 0.948679080793494
/

&pure
    a = 0.56015
    acentric_factor = 0.400243
    b = 0.2638
    c = 715.0
    d = 0.2857
    pc = 33.3
    tc = 715.0
    vc = 0.456
    vc_rat = 1.168
/

&rkpr
    ac = 49.67305295406595
    b = 0.13345725278221446
    del1 = 2.8901983599478274
    k = 2.5677325856890096
/

&soaveredlichkwong
    ac = 45.36837649088608
    b = 0.1546737736202694
    k = 1.0819484516664248
/
