&names
    formula_extended = '-CH(NCO)CH2C(CH2NCO)(CH3)CH2C(CH3)2CH2-'
    iupac = 'Isophorone Diisocyanate'
/

&pengrobinson
    ac = 73.40601516498153
    b = 0.19636010230579987
    k = 1.3006515645052548
/

&pure
    a = 0.39619
    acentric_factor = 0.66599
    b = 0.26436
    c = 765.0
    d = 0.28571
    pc = 25.2
    tc = 765.0
    vc = 0.667
    vc_rat = 1.168
/

&rkpr
    ac = 73.16876420901579
    b = 0.19742692457259628
    del1 = 2.3493953188664336
    k = 3.6446704750191037
/

&soaveredlichkwong
    ac = 68.62900741772324
    b = 0.2186833747413449
    k = 1.4506482909825
/
