&names
    formula_extended = 'CH3(CH2)12CO2CH(CH3)2'
    iupac = 'Isopropyl Myristate'
/

&pengrobinson
    ac = 122.96853740412517
    b = 0.34097354235689487
    k = 1.639723704304481
/

&pure
    a = 0.27522
    acentric_factor = 0.936391
    b = 0.26669
    c = 738.0
    d = 0.33373
    pc = 14.0
    tc = 738.0
    vc = 0.969
    vc_rat = 1.168
/

&rkpr
    ac = 139.46402582480306
    b = 0.27014527168296393
    del1 = 5.340132346150797
    k = 3.5986025440193115
/

&soaveredlichkwong
    ac = 114.96617336722325
    b = 0.3797372483743824
    k = 1.800434515645825
/
