&names
    formula_extended = 'C6H4(COCl)2'
    iupac = 'Isophthaloyl Chloride'
/

&pengrobinson
    ac = 55.98704243725902
    b = 0.14917956686041053
    k = 1.2741947226505013
/

&pure
    a = 0.5215
    acentric_factor = 0.645495
    b = 0.25015
    c = 768.0
    d = 0.2857
    pc = 33.3
    tc = 768.0
    vc = 0.471
    vc_rat = 1.168
/

&rkpr
    ac = 59.02061877457002
    b = 0.1360571057813713
    del1 = 3.521457194938145
    k = 3.2226675637147246
/

&soaveredlichkwong
    ac = 52.343600753798015
    b = 0.1661391022942194
    k = 1.423092965870625
/
