&names
    formula_extended = 'COOH(C6H4)COOH'
    iupac = 'Isophthalic Acid'
/

&pengrobinson
    ac = 81.14675643221784
    b = 0.16490154712179694
    k = 1.7904635920157386
/

&pure
    a = 0.47178
    acentric_factor = 1.06133
    b = 0.2
    c = 1007.0
    d = 0.28571
    pc = 39.5
    tc = 1007.0
    vc = 0.424
    vc_rat = 1.168
/

&rkpr
    ac = 97.9423430220323
    b = 0.11422313764705104
    del1 = 7.309574030727162
    k = 3.4936564328193747
/

&soaveredlichkwong
    ac = 75.86600820919607
    b = 0.1836484418229921
    k = 1.9534096804425003
/
