&names
    formula_extended = 'CH3COOCH2CH2CH(CH3)2'
    iupac = 'Isopentyl Acetate'
/

&pengrobinson
    ac = 39.34084467365849
    b = 0.13735832766069994
    k = 1.06370933310677
/

&pure
    a = 0.60046
    acentric_factor = 0.488568
    b = 0.26539
    c = 586.1
    d = 0.28797
    pc = 27.6
    tc = 586.1
    vc = 0.442
    vc_rat = 1.168
/

&rkpr
    ac = 40.89080840950628
    b = 0.1284942701309625
    del1 = 3.212910641860392
    k = 2.7883484022694227
/

&soaveredlichkwong
    ac = 36.78067955139471
    b = 0.15297396104881766
    k = 1.2072337611408
/
