&names
    formula_extended = 'C4H9OCH(CH3)2'
    iupac = 'Isopropyl Butyl Ether'
/

&pengrobinson
    ac = 34.76990032181539
    b = 0.1296027261762454
    k = 0.9526366858910453
/

&pure
    a = 0.62258
    acentric_factor = 0.403229
    b = 0.27082
    c = 549.0
    d = 0.30735
    pc = 27.4
    tc = 549.0
    vc = 0.435
    vc_rat = 1.168
/

&rkpr
    ac = 34.98757704013653
    b = 0.12824672546366114
    del1 = 2.539813228674359
    k = 2.6788947045779206
/

&soaveredlichkwong
    ac = 32.50719633447313
    b = 0.14433666107874427
    k = 1.086228561372825
/
