&names
    formula_extended = 'CH2C(CH3)CHCH2'
    iupac = 'Isoprene'
/

&pengrobinson
    ac = 19.232508331804397
    b = 0.08131554991544603
    k = 0.6120493687449563
/

&pure
    a = 0.95673
    acentric_factor = 0.158323
    b = 0.26488
    c = 484.0
    d = 0.28571
    pc = 38.5003
    tc = 484.0
    vc = 0.276
    vc_rat = 1.168
/

&rkpr
    ac = 19.182210568701752
    b = 0.08167289223376367
    del1 = 2.361766146284804
    k = 1.7892366036415277
/

&soaveredlichkwong
    ac = 17.980923688587477
    b = 0.09055993893690685
    k = 0.724813821842425
/
