&names
    formula_extended = 'CH3CHICH3'
    iupac = 'Isopropyl Iodide'
/

&pengrobinson
    ac = 20.625051205383002
    b = 0.07302141304496933
    k = 0.7263915661441714
/

&pure
    a = 0.91936
    acentric_factor = 0.237988
    b = 0.26661
    c = 578.0
    d = 0.30232
    pc = 51.2
    tc = 578.0
    vc = 0.29
    vc_rat = 1.168
/

&rkpr
    ac = 19.030002978545994
    b = 0.0829635959516924
    del1 = 0.41421356237309515
    k = 2.5291813725991856
/

&soaveredlichkwong
    ac = 19.28284472306307
    b = 0.08132287998193763
    k = 0.8446814115748
/
