&names
    formula_extended = 'Polyring compound, see refs. 1115, 3055'
    iupac = 'Isoquinoline'
/

&pengrobinson
    ac = 39.979050079071975
    b = 0.10186355830849568
    k = 0.8178309167139404
/

&pure
    a = 0.71119
    acentric_factor = 0.303484
    b = 0.26594
    c = 803.15
    d = 0.29953
    pc = 51.0
    tc = 803.15
    vc = 0.374
    vc_rat = 1.168
/

&rkpr
    ac = 37.34932346423677
    b = 0.11357390112109333
    del1 = 0.979902510351286
    k = 2.7246770721772755
/

&soaveredlichkwong
    ac = 37.37735277229784
    b = 0.11344395542925748
    k = 0.9415658718052
/
