&names
    formula_extended = 'CH3CH(CH3)CH2COOH'
    iupac = 'Isovaleric Acid'
/

&pengrobinson
    ac = 33.91907268881218
    b = 0.110335235079353
    k = 1.3209249155495333
/

&pure
    a = 0.9224
    acentric_factor = 0.681753
    b = 0.28679
    c = 629.09
    d = 0.29005
    pc = 36.88
    tc = 629.09
    vc = 0.3116
    vc_rat = 1.168
/

&rkpr
    ac = 38.62690636028665
    b = 0.08668534476714447
    del1 = 5.455722515421476
    k = 2.839963584602458
/

&soaveredlichkwong
    ac = 31.711737599853826
    b = 0.12287873797527481
    k = 1.471741470223425
/
