&names
    formula_extended = 'CH2C(COOH)CH2(COOH)'
    iupac = 'Itaconic Acid'
/

&pengrobinson
    ac = 50.24927235166956
    b = 0.12524767013889365
    k = 1.6254605009699943
/

&pure
    a = 0.62114
    acentric_factor = 0.924722
    b = 0.21666
    c = 821.0
    d = 0.2857
    pc = 42.4
    tc = 821.0
    vc = 0.34
    vc_rat = 1.168
/

&rkpr
    ac = 58.68531707593658
    b = 0.0933179316737983
    del1 = 6.2081530732248424
    k = 3.3667293677013443
/

&soaveredlichkwong
    ac = 46.97922475708866
    b = 0.13948649885000103
    k = 1.7858680419753
/
