&names
    formula_extended = 'CH2CO'
    iupac = 'Ketene'
/

&pengrobinson
    ac = 7.447947991151481
    b = 0.04119248071050089
    k = 0.5641723395237068
/

&pure
    a = 1.8886
    acentric_factor = 0.125656
    b = 0.272
    c = 370.0
    d = 0.28571
    pc = 58.1
    tc = 370.0
    vc = 0.144
    vc_rat = 1.168
/

&rkpr
    ac = 7.253131106143232
    b = 0.04302949430471625
    del1 = 1.8860901096137233
    k = 1.7805633586697347
/

&soaveredlichkwong
    ac = 6.963261481811026
    b = 0.04587546344680233
    k = 0.6750193936912
/
