&names
    formula_extended = 'Kr'
    iupac = 'Krypton'
/

&pengrobinson
    ac = 2.5179007702472007
    b = 0.024612100580299872
    k = 0.37464
/

&pure
    a = 3.1593
    acentric_factor = 0.0
    b = 0.2884
    c = 209.35
    d = 0.2939
    pc = 55.0195
    tc = 209.35
    vc = 0.0912
    vc_rat = 1.168
/

&rkpr
    ac = 2.3334321425797397
    b = 0.027778477975977392
    del1 = 0.7263921900630169
    k = 1.4863313474525568
/

&soaveredlichkwong
    ac = 2.354044559563849
    b = 0.02741013653573766
    k = 0.48
/
