&names
    formula_extended = 'HO2CCH2CH2CH(NH2)CO2H'
    iupac = 'L-Glutamic Acid'
/

&pengrobinson
    ac = 46.802901119126446
    b = 0.12247545364158366
    k = 1.9344527916078866
/

&pure
    a = 0.6352
    acentric_factor = 1.18346
    b = 0.267
    c = 782.0
    d = 0.28571
    pc = 41.3
    tc = 782.0
    vc = 0.42
    vc_rat = 1.168
/

&rkpr
    ac = 46.29759061042175
    b = 0.12470859848859264
    del1 = 2.197503050734207
    k = 5.186654382783731
/

&soaveredlichkwong
    ac = 43.75713135846398
    b = 0.13639912187256767
    k = 2.09766496497
/
