&names
    formula_extended = 'CH3(C6H9OH)CH(CH3)2'
    iupac = 'L-Menthol'
/

&pengrobinson
    ac = 50.50005090843287
    b = 0.15705398414942726
    k = 1.4453470622348203
/

&pure
    a = 0.51386
    acentric_factor = 0.779609
    b = 0.27391
    c = 658.0
    d = 0.25016
    pc = 27.1
    tc = 658.0
    vc = 0.533
    vc_rat = 1.168
/

&rkpr
    ac = 50.37326776281461
    b = 0.15771648870791963
    del1 = 2.3638658516452082
    k = 4.001425639570276
/

&soaveredlichkwong
    ac = 47.21368351899847
    b = 0.1749087256884974
    k = 1.600741282245825
/
