&names
    formula_extended = 'C6H5CH2CH(NH2)CO2H'
    iupac = 'L-Phenylalanine'
/

&pengrobinson
    ac = 66.43479300113046
    b = 0.15919182120143366
    k = 1.5352811302932206
/

&pure
    a = 0.4887
    acentric_factor = 0.85155
    b = 0.247
    c = 854.0
    d = 0.28571
    pc = 34.7
    tc = 854.0
    vc = 0.506
    vc_rat = 1.168
/

&rkpr
    ac = 69.68802563660442
    b = 0.14649666254730856
    del1 = 3.411886363291904
    k = 3.886249443576387
/

&soaveredlichkwong
    ac = 62.111448107110135
    b = 0.17728960355365445
    k = 1.6934406545625
/
