&names
    formula_extended = 'CH3CH(OH)CN'
    iupac = 'Lactonitrile'
/

&pengrobinson
    ac = 25.98144374171734
    b = 0.082686639736022
    k = 1.4566318892436014
/

&pure
    a = 1.0126
    acentric_factor = 0.78858
    b = 0.24607
    c = 643.0
    d = 0.2334
    pc = 50.3
    tc = 643.0
    vc = 0.243
    vc_rat = 1.168
/

&rkpr
    ac = 28.813942949757976
    b = 0.0685207439162813
    del1 = 4.736430195753709
    k = 3.3320865803304227
/

&soaveredlichkwong
    ac = 24.290661892843083
    b = 0.09208690162187284
    k = 1.61239969713
/
