&names
    formula_extended = 'CH3CH(OH)CO2H'
    iupac = 'Lactic Acid'
/

&pengrobinson
    ac = 24.164098951803552
    b = 0.07325712462652224
    k = 1.7435159157762377
/

&pure
    a = 0.9798
    acentric_factor = 1.0221
    b = 0.24593
    c = 675.0
    d = 0.2333
    pc = 59.6
    tc = 675.0
    vc = 0.251
    vc_rat = 1.168
/

&rkpr
    ac = 23.919900137251105
    b = 0.07450686670664858
    del1 = 2.2113927961495228
    k = 4.759745075651708
/

&soaveredlichkwong
    ac = 22.591583570893075
    b = 0.08158538852371532
    k = 1.90596492825
/
