&names
    formula_extended = 'CH3COCH2CH2COOH'
    iupac = 'Levulinic Acid'
/

&pengrobinson
    ac = 42.824863772580905
    b = 0.11874700480090865
    k = 1.4152345593218087
/

&pure
    a = 0.75362
    acentric_factor = 0.755749
    b = 0.25849
    c = 738.0
    d = 0.21998
    pc = 40.2
    tc = 738.0
    vc = 0.343
    vc_rat = 1.168
/

&rkpr
    ac = 48.04937191429993
    b = 0.09615428823322966
    del1 = 5.044048288527052
    k = 3.15856933847756
/

&soaveredlichkwong
    ac = 40.0379708244061
    b = 0.13224680291645158
    k = 1.569596529574825
/
