&names
    formula_extended = 'CH3(CH2CHCH)3(CH2)7CO2H'
    iupac = 'Linolenic Acid'
/

&pengrobinson
    ac = 133.54758314521052
    b = 0.35036802568289777
    k = 1.9385437343747278
/

&pure
    a = 0.22204
    acentric_factor = 1.18697
    b = 0.23731
    c = 780.0
    d = 0.2857
    pc = 14.4
    tc = 780.0
    vc = 1.07
    vc_rat = 1.168
/

&rkpr
    ac = 144.20736432235972
    b = 0.30565526152833555
    del1 = 4.073944317531574
    k = 4.584596646177612
/

&soaveredlichkwong
    ac = 124.85677166500052
    b = 0.3901997470874977
    k = 2.1017336683425003
/
