&names
    formula_extended = 'CH3(CH2)4CHCHCH2CHCH(CH2)7COOH'
    iupac = 'Linoleic Acid'
/

&pengrobinson
    ac = 134.6460483051611
    b = 0.3555289294981942
    k = 1.930534245951283
/

&pure
    a = 0.26959
    acentric_factor = 1.1801
    b = 0.2669
    c = 775.0
    d = 0.27607
    pc = 14.1
    tc = 775.0
    vc = 0.99
    vc_rat = 1.168
/

&rkpr
    ac = 154.73842973814493
    b = 0.2740925466837316
    del1 = 5.719434065794922
    k = 4.129804943357815
/

&soaveredlichkwong
    ac = 125.8837525389919
    b = 0.39594737020335286
    k = 2.09376609825
/
