&names
    formula_extended = 'Li'
    iupac = 'Lithium'
/

&pengrobinson
    ac = 100.95602294805325
    b = 0.058975975363818094
    k = 0.2880200760961136
/

&pure
    a = 3.1724
    acentric_factor = -0.0556228
    b = 0.19951
    c = 3503.0
    d = 0.35129
    pc = 384.2
    tc = 3503.0
    vc = 0.06286
    vc_rat = 1.168
/

&rkpr
    ac = 171.56545886835102
    b = 0.01227828728241385
    del1 = 45.75998029666626
    k = -1.6631251909036127
/

&soaveredlichkwong
    ac = 94.38615666841214
    b = 0.06568068141020325
    k = 0.391908281021028
/
