&names
    formula_extended = 'H2N(CH2)4CH(NH2)CO2H'
    iupac = 'Lysine'
/

&pengrobinson
    ac = 60.35606650738781
    b = 0.15043912787221222
    k = 1.732227122755414
/

&pure
    a = 0.51713
    acentric_factor = 1.01271
    b = 0.26
    c = 821.0
    d = 0.28571
    pc = 35.3
    tc = 821.0
    vc = 0.502
    vc_rat = 1.168
/

&rkpr
    ac = 61.01225196446081
    b = 0.14771341160139306
    del1 = 2.6324756406458936
    k = 4.591443163326121
/

&soaveredlichkwong
    ac = 56.42830395752293
    b = 0.16754185697563864
    k = 1.8945287697825
/
