&names
    formula_extended = 'ClC6H4OH'
    iupac = 'M-Chlorophenol'
/

&pengrobinson
    ac = 31.575682312708025
    b = 0.08863561274360873
    k = 1.0598841707568467
/

&pure
    a = 0.80491
    acentric_factor = 0.485578
    b = 0.25757
    c = 729.0
    d = 0.30986
    pc = 53.2
    tc = 729.0
    vc = 0.32
    vc_rat = 1.168
/

&rkpr
    ac = 29.929906405132442
    b = 0.0966406721515835
    del1 = 1.3275181674296606
    k = 3.332389228241694
/

&soaveredlichkwong
    ac = 29.520846905912506
    b = 0.09871218587395691
    k = 1.2030372230353001
/
