&names
    formula_extended = '(C6H4)ClNO2'
    iupac = 'M-Chloronitrobenzene'
/

&pengrobinson
    ac = 43.725426878034966
    b = 0.12059052573175578
    k = 1.0723311869884533
/

&pure
    a = 0.51714
    acentric_factor = 0.491903
    b = 0.2234
    c = 742.0
    d = 0.24499
    pc = 39.8
    tc = 742.0
    vc = 0.432
    vc_rat = 1.168
/

&rkpr
    ac = 41.720784684022675
    b = 0.13013268087641158
    del1 = 1.4695050637989981
    k = 3.3158414204455378
/

&soaveredlichkwong
    ac = 40.879928420189316
    b = 0.13429990522099267
    k = 1.211910823753425
/
