&names
    formula_extended = 'Cl(C6H4)COCl'
    iupac = 'M-Chlorobenzoyl Chloride'
/

&pengrobinson
    ac = 45.023435774841694
    b = 0.1272574166861629
    k = 1.0194947328980204
/

&pure
    a = 0.61133
    acentric_factor = 0.454234
    b = 0.248
    c = 724.0
    d = 0.28571
    pc = 36.8
    tc = 724.0
    vc = 0.406
    vc_rat = 1.168
/

&rkpr
    ac = 47.09814806552645
    b = 0.11769089190791095
    del1 = 3.351563151353939
    k = 2.6306051447053536
/

&soaveredlichkwong
    ac = 42.09346741977959
    b = 0.14172472419298415
    k = 1.1588568238177002
/
