&names
    formula_extended = '(C6H4)ClNH2'
    iupac = 'M-Chloroaniline'
/

&pengrobinson
    ac = 38.83975735338303
    b = 0.10583263440436652
    k = 0.9745529801940148
/

&pure
    a = 0.63741
    acentric_factor = 0.419831
    b = 0.23202
    c = 751.0
    d = 0.3241
    pc = 45.9
    tc = 751.0
    vc = 0.364
    vc_rat = 1.168
/

&rkpr
    ac = 38.32902313783386
    b = 0.10818632851984099
    del1 = 2.150134362263825
    k = 2.853776396383985
/

&soaveredlichkwong
    ac = 36.31220124831803
    b = 0.11786425744100987
    k = 1.109968832001825
/
