&names
    formula_extended = 'CH3(C6H4)OH'
    iupac = 'M-Cresol'
/

&pengrobinson
    ac = 34.535783649577816
    b = 0.1001244011855358
    k = 1.0114426700050925
/

&pure
    a = 0.9061
    acentric_factor = 0.448034
    b = 0.28268
    c = 705.85
    d = 0.2707
    pc = 45.6
    tc = 705.85
    vc = 0.312
    vc_rat = 1.168
/

&rkpr
    ac = 36.75736848251449
    b = 0.08973152492069672
    del1 = 3.737170525366908
    k = 2.5053644102010555
/

&soaveredlichkwong
    ac = 32.288315159688004
    b = 0.11150708157154263
    k = 1.1500769845977
/
