&names
    formula_extended = 'CH3(C6H4)CH(CH3)2'
    iupac = 'M-Cymene'
/

&pengrobinson
    ac = 47.379709463956544
    b = 0.14939316638480196
    k = 0.9190764709999187
/

&pure
    a = 0.51689
    acentric_factor = 0.378022
    b = 0.25533
    c = 649.0
    d = 0.28064
    pc = 28.1
    tc = 649.0
    vc = 0.494
    vc_rat = 1.168
/

&rkpr
    ac = 48.23451236748071
    b = 0.14492096251303666
    del1 = 2.776994421182073
    k = 2.519012843597963
/

&soaveredlichkwong
    ac = 44.29640302560162
    b = 0.166376984961261
    k = 1.0499990173153002
/
