&names
    formula_extended = 'CH3CH2(C6H4)CH2CH3'
    iupac = 'M-Diethylbenzene'
/

&pengrobinson
    ac = 48.2440644112073
    b = 0.14890641091523157
    k = 0.8868004171587187
/

&pure
    a = 0.52583
    acentric_factor = 0.354019
    b = 0.2566
    c = 663.0
    d = 0.2957
    pc = 28.8
    tc = 663.0
    vc = 0.488
    vc_rat = 1.168
/

&rkpr
    ac = 49.45433678477741
    b = 0.1427346163227168
    del1 = 2.91975120145809
    k = 2.391141173749812
/

&soaveredlichkwong
    ac = 45.104508763981435
    b = 0.16583489251218655
    k = 1.015293251836825
/
