&names
    formula_extended = '(CH3)2CHC6H4C(CH3)2OOH'
    iupac = 'M-Diisopropylbenzene Hydroperoxide'
/

&pengrobinson
    ac = 84.72006317534581
    b = 0.21350756987205477
    k = 1.6716598755583014
/

&pure
    a = 0.36437
    acentric_factor = 0.962614
    b = 0.25085
    c = 812.0
    d = 0.28571
    pc = 24.6
    tc = 812.0
    vc = 0.688
    vc_rat = 1.168
/

&rkpr
    ac = 87.96532574578387
    b = 0.2001026942611222
    del1 = 3.1903559488837803
    k = 4.271494326097398
/

&soaveredlichkwong
    ac = 79.20677659757357
    b = 0.2377802586379348
    k = 1.8329949362257
/
