&names
    formula_extended = 'CH2CH(C6H4)CHCH2'
    iupac = 'M-Divinylbenzene'
/

&pengrobinson
    ac = 48.5139810766561
    b = 0.1434643040074351
    k = 0.9128333099282356
/

&pure
    a = 0.58771
    acentric_factor = 0.373361
    b = 0.25859
    c = 692.0
    d = 0.30295
    pc = 31.2
    tc = 692.0
    vc = 0.44
    vc_rat = 1.168
/

&rkpr
    ac = 52.22807084039413
    b = 0.1258702367964408
    del1 = 4.002233767709454
    k = 2.1763768991495542
/

&soaveredlichkwong
    ac = 45.35686019313366
    b = 0.15977409762399317
    k = 1.043275487643825
/
