&names
    formula_extended = 'C6H4(NO2)2'
    iupac = 'M-Dinitrobenzene'
/

&pengrobinson
    ac = 53.60080493200013
    b = 0.13575098409675831
    k = 1.3023852416267048
/

&pure
    a = 0.54243
    acentric_factor = 0.667336
    b = 0.23535
    c = 808.0
    d = 0.23462
    pc = 38.5
    tc = 808.0
    vc = 0.434
    vc_rat = 1.168
/

&rkpr
    ac = 55.98394636706915
    b = 0.1258950770047664
    del1 = 3.3178385243976485
    k = 3.3515281415917415
/

&soaveredlichkwong
    ac = 50.112651272603635
    b = 0.15118388602439073
    k = 1.4524528300432
/
