&names
    formula_extended = '(C6H4)Br2'
    iupac = 'M-Dibromobenzene'
/

&pengrobinson
    ac = 39.28192086681944
    b = 0.10563092804675546
    k = 0.8036764473902156
/

&pure
    a = 0.7365
    acentric_factor = 0.293236
    b = 0.2742
    c = 761.0
    d = 0.28571
    pc = 46.6
    tc = 761.0
    vc = 0.372
    vc_rat = 1.168
/

&rkpr
    ac = 38.0215575552365
    b = 0.11143051501735958
    del1 = 1.7636624798554734
    k = 2.486807863181869
/

&soaveredlichkwong
    ac = 36.72559030063579
    b = 0.11763962001990852
    k = 0.9265056774532001
/
