&names
    formula_extended = '(C6H4)Cl2'
    iupac = 'M-Dichlorobenzene'
/

&pengrobinson
    ac = 36.32985111970542
    b = 0.1086981868830019
    k = 0.783891864279232
/

&pure
    a = 0.74495
    acentric_factor = 0.27898
    b = 0.26147
    c = 683.95
    d = 0.31526
    pc = 40.7
    tc = 683.95
    vc = 0.351
    vc_rat = 1.168
/

&rkpr
    ac = 37.66205549082729
    b = 0.10215869073580555
    del1 = 3.156641717320881
    k = 2.0484869874008966
/

&soaveredlichkwong
    ac = 33.96563096873386
    b = 0.12105558133607745
    k = 0.9054942979299999
/
