&names
    formula_extended = '(CH3)2CH(C6H4)CH(CH3)2'
    iupac = 'M-Diisopropylbenzene'
/

&pengrobinson
    ac = 60.360862755691926
    b = 0.18058529072560284
    k = 0.8931016868574875
/

&pure
    a = 0.39225
    acentric_factor = 0.358687
    b = 0.23535
    c = 684.0
    d = 0.404
    pc = 24.5
    tc = 684.0
    vc = 0.6
    vc_rat = 1.168
/

&rkpr
    ac = 61.22275603839596
    b = 0.17629691866478295
    del1 = 2.7010718209182856
    k = 2.4694564985432734
/

&soaveredlichkwong
    ac = 56.43278808269579
    b = 0.20111519774531753
    k = 1.022058474305425
/
