&names
    formula_extended = 'CH3(C6H4)CH2CH3'
    iupac = 'M-Ethyltoluene'
/

&pengrobinson
    ac = 40.73635255993884
    b = 0.1308348645062906
    k = 0.9014891172212717
/

&pure
    a = 0.6098
    acentric_factor = 0.364914
    b = 0.26038
    c = 637.15
    d = 0.29456
    pc = 31.5
    tc = 637.15
    vc = 0.427
    vc_rat = 1.168
/

&rkpr
    ac = 41.89093953731584
    b = 0.12472024271156952
    del1 = 2.9860515797278673
    k = 2.4127086698309994
/

&soaveredlichkwong
    ac = 38.085372645874436
    b = 0.14570887552046838
    k = 1.0310712462057
/
