&names
    formula_extended = 'CH3CH2(C6H4)OH'
    iupac = 'M-Ethylphenol'
/

&pengrobinson
    ac = 37.82019828187496
    b = 0.10802417299645492
    k = 1.1083309799766845
/

&pure
    a = 0.66828
    acentric_factor = 0.518938
    b = 0.25864
    c = 716.45
    d = 0.28571
    pc = 42.9
    tc = 716.45
    vc = 0.387
    vc_rat = 1.168
/

&rkpr
    ac = 36.08491973720144
    b = 0.11657890981510133
    del1 = 1.4687047897743566
    k = 3.4131865482900987
/

&soaveredlichkwong
    ac = 35.358991529413224
    b = 0.12030494192612706
    k = 1.2496814986273002
/
