&names
    formula_extended = 'CH3(C6H4)CHCH2'
    iupac = 'M-Methylstyrene'
/

&pengrobinson
    ac = 41.47096686537794
    b = 0.12917004977713192
    k = 0.8796547773258956
/

&pure
    a = 0.63139
    acentric_factor = 0.348736
    b = 0.25698
    c = 657.0
    d = 0.29075
    pc = 32.9
    tc = 657.0
    vc = 0.407
    vc_rat = 1.168
/

&rkpr
    ac = 43.78304688067375
    b = 0.11748983509213028
    del1 = 3.554579100499366
    k = 2.2017425834805944
/

&soaveredlichkwong
    ac = 38.77218081144282
    b = 0.1438547956996882
    k = 1.0076275244032
/
