&names
    formula_extended = 'C6H4(NO2)(CH3)'
    iupac = 'M-Nitrotoluene'
/

&pengrobinson
    ac = 44.81442647460669
    b = 0.12494095425971513
    k = 1.0724433568810872
/

&pure
    a = 0.50688
    acentric_factor = 0.491987
    b = 0.22353
    c = 734.0
    d = 0.25663
    pc = 38.0
    tc = 734.0
    vc = 0.441
    vc_rat = 1.168
/

&rkpr
    ac = 43.29510384137708
    b = 0.13219751547383166
    del1 = 1.7257300629108543
    k = 3.241536897515876
/

&soaveredlichkwong
    ac = 41.89805971669201
    b = 0.13914491386018946
    k = 1.212028576570425
/
