&names
    formula_extended = 'NH2(C6H4)NO2'
    iupac = 'M-Nitroaniline'
/

&pengrobinson
    ac = 47.500946967590814
    b = 0.11926903206330458
    k = 1.3821400611616521
/

&pure
    a = 0.65228
    acentric_factor = 0.729657
    b = 0.265
    c = 815.0
    d = 0.28571
    pc = 44.2
    tc = 815.0
    vc = 0.406
    vc_rat = 1.168
/

&rkpr
    ac = 47.266926836659444
    b = 0.12025779695745924
    del1 = 2.3154006570819066
    k = 3.860572999191325
/

&soaveredlichkwong
    ac = 44.409750814846426
    b = 0.13282817704544825
    k = 1.5353102339114248
/
