&names
    formula_extended = '(C6H4)(NH2)2'
    iupac = 'M-Phenylenediamine'
/

&pengrobinson
    ac = 41.43181732818645
    b = 0.10289394232113139
    k = 1.1446815699805486
/

&pure
    a = 0.56842
    acentric_factor = 0.546392
    b = 0.21429
    c = 824.0
    d = 0.25364
    pc = 51.8
    tc = 824.0
    vc = 0.377
    vc_rat = 1.168
/

&rkpr
    ac = 38.77641506391993
    b = 0.11440714632184316
    del1 = 1.027645603406634
    k = 3.627884238599605
/

&soaveredlichkwong
    ac = 38.735578989749094
    b = 0.114591479037754
    k = 1.2877757699088
/
