&names
    formula_extended = '(C6H5)(C6H4)(C6H5)'
    iupac = 'M-Terphenyl'
/

&pengrobinson
    ac = 99.37543572714834
    b = 0.23030394541786509
    k = 1.2811465589582836
/

&pure
    a = 0.35246
    acentric_factor = 0.650872
    b = 0.25459
    c = 883.0
    d = 0.27745
    pc = 24.8
    tc = 883.0
    vc = 0.724
    vc_rat = 1.168
/

&rkpr
    ac = 105.09213746888729
    b = 0.2088386680223654
    del1 = 3.592156459317835
    k = 3.219711942783812
/

&soaveredlichkwong
    ac = 92.90842855765659
    b = 0.2564861364850574
    k = 1.4303365149328
/
