&names
    formula_extended = 'CH3(C6H4)CHO'
    iupac = 'M-Tolualdehyde'
/

&pengrobinson
    ac = 41.1243787290252
    b = 0.12178795510218353
    k = 0.9921468841792564
/

&pure
    a = 0.68367
    acentric_factor = 0.433241
    b = 0.25706
    c = 691.0
    d = 0.28571
    pc = 36.7
    tc = 691.0
    vc = 0.376
    vc_rat = 1.168
/

&rkpr
    ac = 44.06374257841358
    b = 0.107801461765794
    del1 = 3.891392275715829
    k = 2.414069042927399
/

&soaveredlichkwong
    ac = 38.448147423617755
    b = 0.13563346480190866
    k = 1.129074225285825
/
