&names
    formula_extended = 'm-(C6H4)CH3NH2'
    iupac = 'M-Toluidine'
/

&pengrobinson
    ac = 36.91512795860772
    b = 0.10684839431681183
    k = 0.994159840423872
/

&pure
    a = 0.80479
    acentric_factor = 0.43478
    b = 0.26803
    c = 707.0
    d = 0.2966
    pc = 42.8
    tc = 707.0
    vc = 0.333
    vc_rat = 1.168
/

&rkpr
    ac = 39.28573165441866
    b = 0.09577570311606415
    del1 = 3.7348255071439422
    k = 2.4599953912017787
/

&soaveredlichkwong
    ac = 34.51282002985061
    b = 0.11899549440295942
    k = 1.13126283153
/
