&names
    formula_extended = 'CH3(C6H4)CH2OH'
    iupac = 'M-Tolualcohol'
/

&pengrobinson
    ac = 37.4909794076823
    b = 0.11265817453789655
    k = 1.4089845949911057
/

&pure
    a = 0.74177
    acentric_factor = 0.750811
    b = 0.28706
    c = 681.0
    d = 0.28571
    pc = 39.1
    tc = 681.0
    vc = 0.387
    vc_rat = 1.168
/

&rkpr
    ac = 37.0347200232506
    b = 0.11497555535062859
    del1 = 2.1698693352143263
    k = 3.9746307366559837
/

&soaveredlichkwong
    ac = 35.05119707267501
    b = 0.12546576168400672
    k = 1.563126011398825
/
