&names
    formula_extended = 'CH3(C6H4)CH3'
    iupac = 'M-Xylene'
/

&pengrobinson
    ac = 33.9823744370457
    b = 0.11270718233250822
    k = 0.849393320585668
/

&pure
    a = 0.68902
    acentric_factor = 0.326485
    b = 0.26086
    c = 617.0
    d = 0.27479
    pc = 35.41
    tc = 617.0
    vc = 0.375
    vc_rat = 1.168
/

&rkpr
    ac = 34.42989095935127
    b = 0.1102370926470988
    del1 = 2.6787106021491214
    k = 2.3560953168036853
/

&soaveredlichkwong
    ac = 31.77091989083242
    b = 0.125520340948269
    k = 0.975233710335625
/
