&names
    formula_extended = 'MgO'
    iupac = 'Magnesium Oxide'
/

&pengrobinson
    ac = 3299.670986688508
    b = 1.1348454170739313
    k = 0.37464
/

&pure
    a = 0.23908
    acentric_factor = 0.0
    b = 0.05007
    c = 5950.0
    d = 0.19177
    pc = 33.9135
    tc = 5950.0
    vc = 0.2095
    vc_rat = 1.168
/

&rkpr
    ac = 6887.841832223326
    b = 0.019751840529263466
    del1 = 703.367250015596
    k = -2.514052493182094
/

&soaveredlichkwong
    ac = 3084.93989372034
    b = 1.2638607471745351
    k = 0.48
/
