&names
    formula_extended = '-CHCOOCOCH-'
    iupac = 'Maleic Anhydride'
/

&pengrobinson
    ac = 22.570878850962153
    b = 0.06406137274320439
    k = 1.144546900219499
/

&pure
    a = 1.1937
    acentric_factor = 0.54629
    b = 0.26141
    c = 721.0
    d = 0.35584
    pc = 72.8
    tc = 721.0
    vc = 0.219
    vc_rat = 1.168
/

&rkpr
    ac = 22.383186931696002
    b = 0.06495965428577635
    del1 = 2.247368071813072
    k = 3.274218064140499
/

&soaveredlichkwong
    ac = 21.102044684018967
    b = 0.0713442141124478
    k = 1.2876347262825
/
