&names
    formula_extended = 'NCCHCHCN'
    iupac = 'Maleonitrile'
/

&pengrobinson
    ac = 41.99966303478698
    b = 0.12208327824166307
    k = 1.1592789490213617
/

&pure
    a = 0.63724
    acentric_factor = 0.557461
    b = 0.183
    c = 704.0
    d = 0.28571
    pc = 37.3
    tc = 704.0
    vc = 0.287
    vc_rat = 1.168
/

&rkpr
    ac = 53.31323936341938
    b = 0.07494882610796835
    del1 = 9.326453956563801
    k = 1.7701596485855735
/

&soaveredlichkwong
    ac = 39.266471275930584
    b = 0.13596236186410318
    k = 1.3030601298588251
/
