&names
    formula_extended = 'HOOCCHCHCOOH'
    iupac = 'Maleic Acid'
/

&pengrobinson
    ac = 37.850163668958984
    b = 0.10020082646013752
    k = 1.7140038163523874
/

&pure
    a = 0.77641
    acentric_factor = 0.997587
    b = 0.231
    c = 773.0
    d = 0.28571
    pc = 49.9
    tc = 773.0
    vc = 0.297
    vc_rat = 1.168
/

&rkpr
    ac = 41.73205581382502
    b = 0.08399017744071553
    del1 = 4.586446346668622
    k = 3.9567861989784605
/

&soaveredlichkwong
    ac = 35.38700687349426
    b = 0.11159219528236872
    k = 1.876045469050425
/
