&names
    formula_extended = 'HOOCCH2CH(OH)COOH'
    iupac = 'Malic Acid'
/

&pengrobinson
    ac = 38.02799498749379
    b = 0.09964039255652006
    k = 2.321704636883462
/

&pure
    a = 0.78077
    acentric_factor = 1.52561
    b = 0.258
    c = 781.0
    d = 0.28571
    pc = 50.7
    tc = 781.0
    vc = 0.331
    vc_rat = 1.168
/

&rkpr
    ac = 38.57626924921208
    b = 0.09725145275376033
    del1 = 2.703865993864078
    k = 5.773712284940161
/

&soaveredlichkwong
    ac = 35.55326554931801
    b = 0.11096804823862931
    k = 2.4740001123825
/
