&names
    formula_extended = 'HO2CCH2CO2H'
    iupac = 'Malonic Acid'
/

&pengrobinson
    ac = 36.31800435086452
    b = 0.09232283491807947
    k = 1.6463292158514484
/

&pure
    a = 0.84266
    acentric_factor = 0.941804
    b = 0.217
    c = 805.0
    d = 0.28571
    pc = 56.4
    tc = 805.0
    vc = 0.258
    vc_rat = 1.168
/

&rkpr
    ac = 41.64183799174793
    b = 0.07151717565391719
    del1 = 5.652198113670803
    k = 3.5386489084129398
/

&soaveredlichkwong
    ac = 33.95455514633932
    b = 0.10281859129474163
    k = 1.8071754104772
/
