&names
    formula_extended = 'CNCH2CN'
    iupac = 'Malononitrile'
/

&pengrobinson
    ac = 39.99816227863978
    b = 0.11447668165876859
    k = 1.0853217523879068
/

&pure
    a = 0.8241
    acentric_factor = 0.501641
    b = 0.20437
    c = 715.0
    d = 0.26182
    pc = 40.4
    tc = 715.0
    vc = 0.248
    vc_rat = 1.168
/

&rkpr
    ac = 52.95224006607585
    b = 0.06293230961746189
    del1 = 11.412731509749571
    k = 1.340216653331724
/

&soaveredlichkwong
    ac = 37.39522121649768
    b = 0.12749100647413295
    k = 1.225545287745825
/
