&names
    formula_extended = '-NC(NH2)NC(NH2)NC(NH2)-'
    iupac = 'Melamine'
/

&pengrobinson
    ac = 55.78964647441347
    b = 0.11225758428548398
    k = 1.3374614475643374
/

&pure
    a = 0.69302
    acentric_factor = 0.694648
    b = 0.308
    c = 1017.0
    d = 0.28571
    pc = 58.6
    tc = 1017.0
    vc = 0.445
    vc_rat = 1.168
/

&rkpr
    ac = 51.475127407345575
    b = 0.12754194251812784
    del1 = 0.41421356237309515
    k = 4.228344899197763
/

&soaveredlichkwong
    ac = 52.15905063255919
    b = 0.1250196301773647
    k = 1.4889321793168002
/
