&names
    formula_extended = 'Hg'
    iupac = 'Mercury'
/

&pengrobinson
    ac = 5.917171148088864
    b = 0.006979072141993076
    k = 0.11371567982919994
/

&pure
    a = 11.641
    acentric_factor = -0.16445
    b = 0.40708
    c = 1735.0
    d = 0.25997
    pc = 1608.03
    tc = 1735.0
    vc = 0.035
    vc_rat = 1.168
/

&rkpr
    ac = 5.459563879449116
    b = 0.007929303161381589
    del1 = 0.41421356237309515
    k = 0.7468145594516351
/

&soaveredlichkwong
    ac = 5.532102263028907
    b = 0.0077724905958621165
    k = 0.21642303456249995
/
