&names
    formula_extended = '(CH3)2CCHCOCH3'
    iupac = 'Mesityl Oxide'
/

&pengrobinson
    ac = 33.370094870482426
    b = 0.1138123070118143
    k = 0.8478480176227052
/

&pure
    a = 0.7166
    acentric_factor = 0.325354
    b = 0.25438
    c = 600.0
    d = 0.28484
    pc = 34.1
    tc = 600.0
    vc = 0.355
    vc_rat = 1.168
/

&rkpr
    ac = 35.49153051745772
    b = 0.10213185832184395
    del1 = 3.7210105053264764
    k = 2.0745538798028367
/

&soaveredlichkwong
    ac = 31.198485345503265
    b = 0.12675110214437102
    k = 0.9735825315697
/
