&names
    formula_extended = '(C6H3)(CH3)3'
    iupac = 'Mesitylene'
/

&pengrobinson
    ac = 41.05530428492402
    b = 0.1318282213580246
    k = 0.9464304084785843
/

&pure
    a = 0.59881
    acentric_factor = 0.398548
    b = 0.25916
    c = 637.3
    d = 0.27961
    pc = 31.27
    tc = 637.3
    vc = 0.433
    vc_rat = 1.168
/

&rkpr
    ac = 42.012963832327486
    b = 0.12674226097501254
    del1 = 2.8839974505317096
    k = 2.5633621621098426
/

&soaveredlichkwong
    ac = 38.383568103708605
    b = 0.1468151625212835
    k = 1.0795174630468
/
