&names
    formula_extended = 'CH3O(CH2)4CH3'
    iupac = 'Methyl N-Pentyl Ether'
/

&pengrobinson
    ac = 31.032341695537912
    b = 0.1162024714643889
    k = 0.873508843538002
/

&pure
    a = 0.71004
    acentric_factor = 0.344201
    b = 0.26981
    c = 546.49
    d = 0.29974
    pc = 30.42
    tc = 546.49
    vc = 0.38
    vc_rat = 1.168
/

&rkpr
    ac = 31.863463459869372
    b = 0.11106584824375096
    del1 = 2.9542540453398556
    k = 2.345506381973245
/

&soaveredlichkwong
    ac = 29.012865003308068
    b = 0.1294129933459849
    k = 1.001039366529825
/
