&names
    formula_extended = 'CH3COCH2COOCH3'
    iupac = 'Methyl Acetoacetate'
/

&pengrobinson
    ac = 35.11603442444858
    b = 0.11193179638652477
    k = 1.0935189323123895
/

&pure
    a = 0.78154
    acentric_factor = 0.507796
    b = 0.26807
    c = 642.0
    d = 0.213
    pc = 37.1
    tc = 642.0
    vc = 0.343
    vc_rat = 1.168
/

&rkpr
    ac = 37.82724071182666
    b = 0.09809359471269573
    del1 = 4.016483694342417
    k = 2.6360493995282464
/

&soaveredlichkwong
    ac = 32.83080523551142
    b = 0.12465680495799636
    k = 1.2341459679172
/
