&names
    formula_extended = 'CH3SC2H5'
    iupac = 'Methyl Ethyl Sulfide'
/

&pengrobinson
    ac = 21.0792006823567
    b = 0.08093007917182427
    k = 0.6853363401431731
/

&pure
    a = 1.067
    acentric_factor = 0.209108
    b = 0.27102
    c = 533.0
    d = 0.29364
    pc = 42.6
    tc = 533.0
    vc = 0.254
    vc_rat = 1.168
/

&rkpr
    ac = 22.31860005792851
    b = 0.07322627422692755
    del1 = 3.6191354636860873
    k = 1.6676696494121597
/

&soaveredlichkwong
    ac = 19.707439734165806
    b = 0.09013064580612623
    k = 0.8014839147588
/
