&names
    formula_extended = '-C(CH3)(CH)3CH2-'
    iupac = 'Methylcyclopentadiene'
/

&pengrobinson
    ac = 20.88334790095682
    b = 0.07899250643283114
    k = 0.7257850028924085
/

&pure
    a = 0.98486
    acentric_factor = 0.237559
    b = 0.27431
    c = 541.0
    d = 0.28571
    pc = 44.3
    tc = 541.0
    vc = 0.279
    vc_rat = 1.168
/

&rkpr
    ac = 20.164346426953323
    b = 0.0836532137718885
    del1 = 1.7146925325772868
    k = 2.280714558397528
/

&soaveredlichkwong
    ac = 19.524332369500055
    b = 0.08797279937808769
    k = 0.844041867265825
/
