&names
    formula_extended = 'CH3NCO'
    iupac = 'Methyl Isocyanate'
/

&pengrobinson
    ac = 13.736256917260405
    b = 0.05760121163388685
    k = 0.8139830037488108
/

&pure
    a = 1.0228
    acentric_factor = 0.300694
    b = 0.20692
    c = 488.0
    d = 0.28571
    pc = 54.8
    tc = 488.0
    vc = 0.202
    vc_rat = 1.168
/

&rkpr
    ac = 13.342063787685651
    b = 0.060423888414552124
    del1 = 1.8338474422028828
    k = 2.496251838198231
/

&soaveredlichkwong
    ac = 12.842349169174572
    b = 0.06414962714610857
    k = 0.9374694017137
/
