&names
    formula_extended = 'CH3CCH'
    iupac = 'Methylacetylene'
/

&pengrobinson
    ac = 9.091109082557056
    b = 0.046231920273741685
    k = 0.6888066998125595
/

&pure
    a = 1.6085
    acentric_factor = 0.211537
    b = 0.26436
    c = 402.4
    d = 0.27987
    pc = 56.3
    tc = 402.4
    vc = 0.164
    vc_rat = 1.168
/

&rkpr
    ac = 8.746375547937449
    b = 0.049242770299999565
    del1 = 1.6410501342819177
    k = 2.1958952477618987
/

&soaveredlichkwong
    ac = 8.499491373559513
    b = 0.05148781360120533
    k = 0.8051283550854249
/
