&names
    formula_extended = '(CH3)2CHCO2CH3'
    iupac = 'Methyl Isobutyrate'
/

&pengrobinson
    ac = 26.926182160464624
    b = 0.10190639671153462
    k = 0.8998098063166444
/

&pure
    a = 0.75619
    acentric_factor = 0.363666
    b = 0.25807
    c = 540.7
    d = 0.27933
    pc = 34.32
    tc = 540.7
    vc = 0.339
    vc_rat = 1.168
/

&rkpr
    ac = 27.284759941735178
    b = 0.09964812266125138
    del1 = 2.6816912182373382
    k = 2.4932954950504724
/

&soaveredlichkwong
    ac = 25.173920026421026
    b = 0.11349166393233462
    k = 1.0292660160777
/
