&names
    formula_extended = 'C4H9SCH3'
    iupac = 'Methyl N-Butyl Sulfide'
/

&pengrobinson
    ac = 32.03238174406503
    b = 0.11053951987406344
    k = 0.8444927044528
/

&pure
    a = 0.75509
    acentric_factor = 0.3229
    b = 0.27183
    c = 593.0
    d = 0.29127
    pc = 34.7
    tc = 593.0
    vc = 0.36
    vc_rat = 1.168
/

&rkpr
    ac = 32.993439155569625
    b = 0.1050763741478585
    del1 = 3.019928850100184
    k = 2.248857260212619
/

&soaveredlichkwong
    ac = 29.94782592925039
    b = 0.12310624696407155
    k = 0.96999832825
/
