&names
    formula_extended = 'CH2C(CH3)COOCH3'
    iupac = 'Methyl Methacrylate'
/

&pengrobinson
    ac = 27.516574187076827
    b = 0.09948577050327098
    k = 0.7856351847647131
/

&pure
    a = 0.7761
    acentric_factor = 0.280233
    b = 0.25068
    c = 566.0
    d = 0.29773
    pc = 36.8
    tc = 566.0
    vc = 0.323
    vc_rat = 1.168
/

&rkpr
    ac = 28.408812986479365
    b = 0.09417966122125188
    del1 = 3.0694900624107033
    k = 2.0761833614067156
/

&soaveredlichkwong
    ac = 25.72589139665095
    b = 0.11079584791882462
    k = 0.907343898499425
/
