&names
    formula_extended = 'CH4'
    iupac = 'Methane'
/

&pengrobinson
    ac = 2.4959025826369703
    b = 0.026802160648797525
    k = 0.39241371574122796
/

&pure
    a = 2.9214
    acentric_factor = 0.0115478
    b = 0.28976
    c = 190.56
    d = 0.28881
    pc = 45.99
    tc = 190.564
    vc = 0.0986
    vc_rat = 1.168
/

&rkpr
    ac = 2.327734946797662
    b = 0.029961500487033985
    del1 = 0.9324745478339854
    k = 1.5073925113380477
/

&soaveredlichkwong
    ac = 2.333477937369662
    b = 0.029849174410750932
    k = 0.498152900655153
/
