&names
    formula_extended = 'CH3OC(CH3)3'
    iupac = 'Methyl Tert-Butyl Ether'
/

&pengrobinson
    ac = 22.772081308576105
    b = 0.0937436800539862
    k = 0.7658652206314484
/

&pure
    a = 0.82157
    acentric_factor = 0.266059
    b = 0.27032
    c = 497.1
    d = 0.2829
    pc = 34.3
    tc = 497.1
    vc = 0.329
    vc_rat = 1.168
/

&rkpr
    ac = 22.104521254421915
    b = 0.09843813331251833
    del1 = 1.821099375972257
    k = 2.36459363832668
/

&soaveredlichkwong
    ac = 21.290153586607097
    b = 0.1044009657468644
    k = 0.886389072490825
/
