&names
    formula_extended = 'Polycyclic compound, see ref 10274'
    iupac = 'Methylnorbornene'
/

&pengrobinson
    ac = 33.079076601263104
    b = 0.11281975782275779
    k = 0.6877026451591757
/

&pure
    a = 0.68957
    acentric_factor = 0.210764
    b = 0.26007
    c = 600.0
    d = 0.28571
    pc = 34.4
    tc = 600.0
    vc = 0.377
    vc_rat = 1.168
/

&rkpr
    ac = 33.401791962729504
    b = 0.11098422829267945
    del1 = 2.610033192485379
    k = 1.931708259351519
/

&soaveredlichkwong
    ac = 30.926405531443645
    b = 0.12564571462567012
    k = 0.8039687798532
/
