&names
    formula_extended = 'CH2ClCO2CH3'
    iupac = 'Methyl Chloroacetate'
/

&pengrobinson
    ac = 25.287116335187793
    b = 0.08624443709117484
    k = 0.993194722720341
/

&pure
    a = 0.9299
    acentric_factor = 0.434042
    b = 0.25108
    c = 600.0
    d = 0.3095
    pc = 45.0
    tc = 600.0
    vc = 0.27
    vc_rat = 1.168
/

&rkpr
    ac = 26.823043200207767
    b = 0.07777341507419269
    del1 = 3.6604708718395504
    k = 2.476962785161339
/

&soaveredlichkwong
    ac = 23.64151889514803
    b = 0.0960491685138456
    k = 1.1302134278913
/
