&names
    formula_extended = 'CH3(CH2)2COOCH3'
    iupac = 'Methyl N-Butyrate'
/

&pengrobinson
    ac = 27.983861147996233
    b = 0.1032735539167646
    k = 0.9184032938401587
/

&pure
    a = 0.76983
    acentric_factor = 0.377519
    b = 0.26173
    c = 554.5
    d = 0.26879
    pc = 34.73
    tc = 554.5
    vc = 0.34
    vc_rat = 1.168
/

&rkpr
    ac = 28.585429699807772
    b = 0.09959758638435394
    del1 = 2.846907743501121
    k = 2.4974743495502496
/

&soaveredlichkwong
    ac = 26.162768950010392
    b = 0.11501424692109284
    k = 1.0492738018118248
/
