&names
    formula_extended = 'CH3OCH2CH2CH2CH3'
    iupac = 'Methyl N-Butyl Ether'
/

&pengrobinson
    ac = 24.651591653331817
    b = 0.0983854331225059
    k = 0.8309345738233651
/

&pure
    a = 0.8363
    acentric_factor = 0.313008
    b = 0.27514
    c = 512.74
    d = 0.27553
    pc = 33.71
    tc = 512.74
    vc = 0.329
    vc_rat = 1.168
/

&rkpr
    ac = 24.878226861939275
    b = 0.09687649211657984
    del1 = 2.5987293539221668
    k = 2.3278193330734203
/

&soaveredlichkwong
    ac = 23.04735194565195
    b = 0.10957041826710735
    k = 0.9555291405887999
/
