&names
    formula_extended = 'ClCOOCH3'
    iupac = 'Methyl Chloroformate'
/

&pengrobinson
    ac = 16.25410783555535
    b = 0.06335587146389943
    k = 0.937822076787792
/

&pure
    a = 1.2122
    acentric_factor = 0.39207
    b = 0.26789
    c = 525.0
    d = 0.27814
    pc = 53.6
    tc = 525.0
    vc = 0.221
    vc_rat = 1.168
/

&rkpr
    ac = 15.857120506138216
    b = 0.065991221260676
    del1 = 1.9215785531497238
    k = 2.81843751381657
/

&soaveredlichkwong
    ac = 15.196347120977551
    b = 0.07055850765359459
    k = 1.0702173751425
/
