&names
    formula_extended = 'HO(C6H4)COOCH3'
    iupac = 'Methyl Salicylate'
/

&pengrobinson
    ac = 38.84887813718989
    b = 0.11212831154824505
    k = 1.1906375446439932
/

&pure
    a = 0.64048
    acentric_factor = 0.581326
    b = 0.26242
    c = 709.0
    d = 0.27235
    pc = 40.9
    tc = 709.0
    vc = 0.41
    vc_rat = 1.168
/

&rkpr
    ac = 36.423183831679424
    b = 0.12433872383862808
    del1 = 1.0725861042706544
    k = 3.740528935742703
/

&soaveredlichkwong
    ac = 36.32072848328822
    b = 0.12487566102014033
    k = 1.3358676383017
/
