&names
    formula_extended = 'CH3OCHCH2'
    iupac = 'Methyl Vinyl Ether'
/

&pengrobinson
    ac = 12.92573693633425
    b = 0.06052808191998405
    k = 0.7314438080473676
/

&pure
    a = 1.2587
    acentric_factor = 0.241564
    b = 0.26433
    c = 437.0
    d = 0.25819
    pc = 46.7
    tc = 437.0
    vc = 0.21
    vc_rat = 1.168
/

&rkpr
    ac = 12.665872747850159
    b = 0.06259500732414976
    del1 = 2.0095460241121907
    k = 2.2162281147786684
/

&soaveredlichkwong
    ac = 12.084575005052253
    b = 0.06740923978675137
    k = 0.8500099319332
/
