&names
    formula_extended = 'NCCH2COOCH3'
    iupac = 'Methyl Cyanoacetate'
/

&pengrobinson
    ac = 39.15595475591287
    b = 0.11663371708983682
    k = 1.1379300464823583
/

&pure
    a = 0.7231
    acentric_factor = 0.541281
    b = 0.22054
    c = 687.0
    d = 0.35806
    pc = 38.1
    tc = 687.0
    vc = 0.305
    vc_rat = 1.168
/

&rkpr
    ac = 46.7880495368377
    b = 0.0826446631661447
    del1 = 6.9577657273694244
    k = 2.1015960462352767
/

&soaveredlichkwong
    ac = 36.607821625407205
    b = 0.12989326529333056
    k = 1.280703897831825
/
