&names
    formula_extended = 'CH3(CH2)8CO2CH3'
    iupac = 'Methyl Decanoate'
/

&pengrobinson
    ac = 71.51568182079954
    b = 0.21810308023182787
    k = 1.3434088916894351
/

&pure
    a = 0.40391
    acentric_factor = 0.699294
    b = 0.26375
    c = 671.0
    d = 0.306
    pc = 19.9
    tc = 671.0
    vc = 0.653
    vc_rat = 1.168
/

&rkpr
    ac = 78.30513214232857
    b = 0.18529343513500843
    del1 = 4.4120473280453405
    k = 3.1479147364424414
/

&soaveredlichkwong
    ac = 66.8616903823514
    b = 0.24289821132961206
    k = 1.4951116387737
/
