&names
    formula_extended = 'HCOOCH3'
    iupac = 'Methyl Formate'
/

&pengrobinson
    ac = 12.504681324681043
    b = 0.05252286218852548
    k = 0.7511386050928179
/

&pure
    a = 1.525
    acentric_factor = 0.255551
    b = 0.2634
    c = 487.2
    d = 0.2806
    pc = 60.0
    tc = 487.2
    vc = 0.172
    vc_rat = 1.168
/

&rkpr
    ac = 12.825758590643987
    b = 0.050295510880162146
    del1 = 2.931749921404908
    k = 2.01919102300075
/

&soaveredlichkwong
    ac = 11.69092022580186
    b = 0.05849394362493197
    k = 0.8708086691198249
/
