&names
    formula_extended = '-CH2CH(OCH3)OCHCHCH2-'
    iupac = 'Methoxydihydropyran'
/

&pengrobinson
    ac = 28.85827807945838
    b = 0.09858858362140026
    k = 0.904158404355826
/

&pure
    a = 0.8313
    acentric_factor = 0.366899
    b = 0.27518
    c = 599.0
    d = 0.28571
    pc = 39.3
    tc = 599.0
    vc = 0.331
    vc_rat = 1.168
/

&rkpr
    ac = 29.03230373849
    b = 0.09759485488881879
    del1 = 2.5351930320699245
    k = 2.5469340192231495
/

&soaveredlichkwong
    ac = 26.9802818737214
    b = 0.10979666400723954
    k = 1.033941422664825
/
