&names
    formula_extended = 'CH3COOCH3'
    iupac = 'Methyl Acetate'
/

&pengrobinson
    ac = 17.07498572710789
    b = 0.0689796625397915
    k = 0.8559030484332519
/

&pure
    a = 1.13
    acentric_factor = 0.331255
    b = 0.2593
    c = 506.55
    d = 0.2764
    pc = 47.5
    tc = 506.55
    vc = 0.228
    vc_rat = 1.168
/

&rkpr
    ac = 17.388694690232615
    b = 0.06687725211874433
    del1 = 2.783681024478322
    k = 2.3446792988861493
/

&soaveredlichkwong
    ac = 15.963805138985856
    b = 0.07682164154319235
    k = 0.982192641870625
/
