&names
    formula_extended = '(C6H5)COOCH3'
    iupac = 'Methyl Benzoate'
/

&pengrobinson
    ac = 42.28451369379387
    b = 0.12486224562155465
    k = 0.9754869332147444
/

&pure
    a = 0.53382
    acentric_factor = 0.420541
    b = 0.23274
    c = 693.0
    d = 0.28147
    pc = 35.9
    tc = 693.0
    vc = 0.436
    vc_rat = 1.168
/

&rkpr
    ac = 41.21665619361919
    b = 0.13023533971546714
    del1 = 1.9045939252150292
    k = 2.928850521139565
/

&soaveredlichkwong
    ac = 39.532784846364706
    b = 0.13905725720075554
    k = 1.110981955780825
/
