&names
    formula_extended = 'CH3OCH2OCH3'
    iupac = 'Methylal'
/

&pengrobinson
    ac = 18.48331039872853
    b = 0.07870077810003537
    k = 0.793044210998788
/

&pure
    a = 1.4355
    acentric_factor = 0.285565
    b = 0.30576
    c = 480.6
    d = 0.31755
    pc = 39.5
    tc = 480.6
    vc = 0.213
    vc_rat = 1.168
/

&rkpr
    ac = 21.626950617884834
    b = 0.05840065873217888
    del1 = 6.267155303289507
    k = 1.3877319989787509
/

&soaveredlichkwong
    ac = 17.280480947064913
    b = 0.08764790579953328
    k = 0.9152085203856251
/
