&names
    formula_extended = 'CH3CH2COOCH3'
    iupac = 'Methyl Propionate'
/

&pengrobinson
    ac = 22.225407991712387
    b = 0.08571671763344914
    k = 0.8767424331515117
/

&pure
    a = 0.9147
    acentric_factor = 0.346586
    b = 0.2594
    c = 530.6
    d = 0.2774
    pc = 40.04
    tc = 530.6
    vc = 0.282
    vc_rat = 1.168
/

&rkpr
    ac = 22.71551233277914
    b = 0.08258802341321111
    del1 = 2.8581464272955195
    k = 2.3808403368666817
/

&soaveredlichkwong
    ac = 20.7790558647952
    b = 0.095461455070142
    k = 1.0045050393057
/
