&names
    formula_extended = 'CH3F'
    iupac = 'Methyl Fluoride'
/

&pengrobinson
    ac = 5.4207813713099435
    b = 0.034947059571838725
    k = 0.6694355839085339
/

&pure
    a = 2.1854
    acentric_factor = 0.198007
    b = 0.24725
    c = 317.42
    d = 0.27558
    pc = 58.7511
    tc = 317.42
    vc = 0.113
    vc_rat = 1.168
/

&rkpr
    ac = 5.613872594653704
    b = 0.032903434762712375
    del1 = 3.135057401946948
    k = 1.7451557616233582
/

&soaveredlichkwong
    ac = 5.068015803682533
    b = 0.038920029245833106
    k = 0.7848018328914249
/
