&names
    formula_extended = 'CH3OCH(CH3)2'
    iupac = 'Methyl Isopropyl Ether'
/

&pengrobinson
    ac = 18.126942842080478
    b = 0.0798620736445552
    k = 0.7651532476692
/

&pure
    a = 0.97887
    acentric_factor = 0.26555
    b = 0.27017
    c = 464.48
    d = 0.28998
    pc = 37.62
    tc = 464.48
    vc = 0.276
    vc_rat = 1.168
/

&rkpr
    ac = 17.819036629621163
    b = 0.08216179062809265
    del1 = 2.0727136096491345
    k = 2.2928791072259074
/

&soaveredlichkwong
    ac = 16.947304549549436
    b = 0.08894122366688798
    k = 0.8856352595624999
/
