&names
    formula_extended = '-OCC(CH3)CHCOO-'
    iupac = 'Methyl Maleic Anhydride'
/

&pengrobinson
    ac = 28.136301033391177
    b = 0.07985732766618629
    k = 1.1750649848495884
/

&pure
    a = 1.0155
    acentric_factor = 0.56946
    b = 0.27619
    c = 721.0
    d = 0.28571
    pc = 58.4
    tc = 721.0
    vc = 0.272
    vc_rat = 1.168
/

&rkpr
    ac = 27.984503596094587
    b = 0.08058251728411685
    del1 = 2.3060014709003354
    k = 3.33573747766169
/

&soaveredlichkwong
    ac = 26.305288578708577
    b = 0.08893593814017467
    k = 1.31958021897
/
