&names
    formula_extended = 'CH3OC(CH3)2CH2CH3'
    iupac = 'Methyl Tert-Pentyl Ether'
/

&pengrobinson
    ac = 29.64955980952635
    b = 0.11362137189149844
    k = 0.8103615814846132
/

&pure
    a = 0.68851
    acentric_factor = 0.298071
    b = 0.26576
    c = 534.0
    d = 0.27068
    pc = 30.4
    tc = 534.0
    vc = 0.386
    vc_rat = 1.168
/

&rkpr
    ac = 29.550763953106152
    b = 0.11425782980152731
    del1 = 2.3473879032956555
    k = 2.341565349480648
/

&soaveredlichkwong
    ac = 27.720069745332363
    b = 0.12653846049274725
    k = 0.933615647817825
/
