&names
    formula_extended = 'CH3SiH2Cl'
    iupac = 'Methyl Chlorosilane'
/

&pengrobinson
    ac = 14.808729603440126
    b = 0.06856122516960302
    k = 0.7082736311510092
/

&pure
    a = 1.0674
    acentric_factor = 0.225204
    b = 0.26257
    c = 442.0
    d = 0.26569
    pc = 41.7
    tc = 442.0
    vc = 0.246
    vc_rat = 1.168
/

&rkpr
    ac = 14.110912770904813
    b = 0.07414180718576913
    del1 = 1.4411694851943533
    k = 2.3029252601647556
/

&soaveredlichkwong
    ac = 13.845029069039862
    b = 0.07635563396244559
    k = 0.8255956487171999
/
