&names
    formula_extended = '(C6H11)CH3'
    iupac = 'Methylcyclohexane'
/

&pengrobinson
    ac = 29.72856670255744
    b = 0.10633716047383865
    k = 0.7236577120402921
/

&pure
    a = 0.73109
    acentric_factor = 0.236055
    b = 0.26971
    c = 572.1
    d = 0.29185
    pc = 34.8
    tc = 572.1
    vc = 0.369
    vc_rat = 1.168
/

&rkpr
    ac = 29.126569671653346
    b = 0.1099949713921603
    del1 = 2.0065947499662826
    k = 2.195274368053125
/

&soaveredlichkwong
    ac = 27.79393514499607
    b = 0.11842614074735144
    k = 0.8417992264706249
/
