&names
    formula_extended = '(C5H9)CH3'
    iupac = 'Methylcyclopentane'
/

&pengrobinson
    ac = 23.66657997553972
    b = 0.09091506260910723
    k = 0.7133207581725365
/

&pure
    a = 0.84758
    acentric_factor = 0.228759
    b = 0.27037
    c = 532.7
    d = 0.28258
    pc = 37.9
    tc = 532.7
    vc = 0.319
    vc_rat = 1.168
/

&rkpr
    ac = 22.97713104503883
    b = 0.09543891549217604
    del1 = 1.824880870992708
    k = 2.215860644198541
/

&soaveredlichkwong
    ac = 22.126441396430547
    b = 0.10125077585882365
    k = 0.830908796985825
/
