&names
    formula_extended = 'CH3OCH2CO2H'
    iupac = 'Methoxyacetic Acid'
/

&pengrobinson
    ac = 30.306520067374
    b = 0.08975136450301478
    k = 1.247426809238141
/

&pure
    a = 1.002
    acentric_factor = 0.624846
    b = 0.2515
    c = 691.0
    d = 0.27447
    pc = 49.8
    tc = 691.0
    vc = 0.251
    vc_rat = 1.168
/

&rkpr
    ac = 34.73253209125566
    b = 0.06959437831995359
    del1 = 5.638269412275441
    k = 2.6250888422685486
/

&soaveredlichkwong
    ac = 28.33427731820827
    b = 0.09995478229377606
    k = 1.3951819123497002
/
