&names
    formula_extended = 'CH3CH(OH)CO2CH3'
    iupac = 'Methyl Lactate'
/

&pengrobinson
    ac = 24.06340052682424
    b = 0.08431933804896113
    k = 1.4334075774062833
/

&pure
    a = 0.84647
    acentric_factor = 0.770135
    b = 0.25478
    c = 584.0
    d = 0.24887
    pc = 44.8
    tc = 584.0
    vc = 0.301
    vc_rat = 1.168
/

&rkpr
    ac = 23.028668376282603
    b = 0.09056611158224132
    del1 = 1.5319124118306278
    k = 4.240664750152815
/

&soaveredlichkwong
    ac = 22.497438248614973
    b = 0.0939052138595187
    k = 1.588398604310625
/
