&names
    formula_extended = 'CH3N(CH2CH2OH)2'
    iupac = 'Methyl Diethanolamine'
/

&pengrobinson
    ac = 37.11804890534773
    b = 0.11252898525104965
    k = 1.912777695773925
/

&pure
    a = 0.69135
    acentric_factor = 1.1649
    b = 0.25418
    c = 675.0
    d = 0.28571
    pc = 38.8
    tc = 675.0
    vc = 0.368
    vc_rat = 1.168
/

&rkpr
    ac = 38.11114225465558
    b = 0.10755975868293832
    del1 = 2.953695369620265
    k = 4.881914372345895
/

&soaveredlichkwong
    ac = 34.702535588279055
    b = 0.12532188546426376
    k = 2.0760789982500003
/
