&names
    formula_extended = 'CH3(CH2)7CHCH(CH2)7COOCH3'
    iupac = 'Methyl Oleate'
/

&pengrobinson
    ac = 144.14051422249776
    b = 0.3860786129159624
    k = 1.7762231617563644
/

&pure
    a = 0.24755
    acentric_factor = 1.0494
    b = 0.2624
    c = 764.0
    d = 0.33247
    pc = 12.8
    tc = 764.0
    vc = 1.06
    vc_rat = 1.168
/

&rkpr
    ac = 167.14539319527196
    b = 0.2920620082637324
    del1 = 5.988455510177789
    k = 3.7430733924839723
/

&soaveredlichkwong
    ac = 134.7603516896711
    b = 0.42997010592526186
    k = 1.939038537
/
