&names
    formula_extended = 'CH3SiCl3'
    iupac = 'Methyl Trichlorosilane'
/

&pengrobinson
    ac = 23.934022797861225
    b = 0.09473450561502281
    k = 0.762133152618373
/

&pure
    a = 0.76829
    acentric_factor = 0.263392
    b = 0.26111
    c = 517.0
    d = 0.27788
    pc = 35.3
    tc = 517.0
    vc = 0.34
    vc_rat = 1.168
/

&rkpr
    ac = 22.80111966266572
    b = 0.10248126958300048
    del1 = 1.436428007380327
    k = 2.4572650046650697
/

&soaveredlichkwong
    ac = 22.376479971548232
    b = 0.10550443368624259
    k = 0.8824383225088
/
