&names
    formula_extended = 'CH2C(CH3)COOH'
    iupac = 'Methacrylic Acid'
/

&pengrobinson
    ac = 28.919433745297592
    b = 0.08939532988678144
    k = 0.856669213819689
/

&pure
    a = 0.87025
    acentric_factor = 0.331817
    b = 0.24383
    c = 662.0
    d = 0.28571
    pc = 47.9
    tc = 662.0
    vc = 0.28
    vc_rat = 1.168
/

&rkpr
    ac = 30.66515190122341
    b = 0.0806670235524767
    del1 = 3.6524878474964915
    k = 2.1153443229706093
/

&soaveredlichkwong
    ac = 27.037457741871744
    b = 0.09955827174764997
    k = 0.983012016739425
/
