&names
    formula_extended = 'CH3CH(CH3)COCH3'
    iupac = 'Methyl Isopropyl Ketone'
/

&pengrobinson
    ac = 25.474404031423497
    b = 0.09419935161761084
    k = 0.8416804362343719
/

&pure
    a = 0.86567
    acentric_factor = 0.320845
    b = 0.26836
    c = 553.4
    d = 0.28364
    pc = 38.0
    tc = 553.4
    vc = 0.31
    vc_rat = 1.168
/

&rkpr
    ac = 26.030147372618213
    b = 0.09079731395089279
    del1 = 2.8533674075551043
    k = 2.2866601724665108
/

&soaveredlichkwong
    ac = 23.81661856055447
    b = 0.10490844050439899
    k = 0.9669952650456249
/
