&names
    formula_extended = 'CH3SiH3'
    iupac = 'Methyl Silane'
/

&pengrobinson
    ac = 8.356601726394091
    b = 0.04851249586378585
    k = 0.572704630354898
/

&pure
    a = 1.3052
    acentric_factor = 0.131449
    b = 0.26757
    c = 352.5
    d = 0.28799
    pc = 47.0
    tc = 352.5
    vc = 0.205
    vc_rat = 1.168
/

&rkpr
    ac = 7.710339924019067
    b = 0.05511768312361572
    del1 = 0.41421356237309515
    k = 2.083311238458123
/

&soaveredlichkwong
    ac = 7.812783197380949
    b = 0.05402765728903815
    k = 0.683876929069825
/
