&names
    formula_extended = 'CH3Br'
    iupac = 'Methyl Bromide'
/

&pengrobinson
    ac = 8.616940491288704
    b = 0.03775889261397999
    k = 0.6610711613757677
/

&pure
    a = 1.6762
    acentric_factor = 0.192186
    b = 0.26141
    c = 467.0
    d = 0.28402
    pc = 80.0
    tc = 467.0
    vc = 0.156
    vc_rat = 1.168
/

&rkpr
    ac = 7.950545265670895
    b = 0.04289993003121424
    del1 = 0.41421356237309515
    k = 2.339790937385793
/

&soaveredlichkwong
    ac = 8.056180022381152
    b = 0.042051526589968025
    k = 0.7760370587457001
/
