&names
    formula_extended = 'CH3SH'
    iupac = 'Methyl Mercaptan'
/

&pengrobinson
    ac = 9.65549026139872
    b = 0.042044163081947736
    k = 0.6118323009066221
/

&pure
    a = 1.9323
    acentric_factor = 0.158174
    b = 0.28018
    c = 469.95
    d = 0.28523
    pc = 72.3
    tc = 469.95
    vc = 0.145
    vc_rat = 1.168
/

&rkpr
    ac = 9.507574038486972
    b = 0.04313495094749885
    del1 = 2.1063840811687533
    k = 1.856179183446284
/

&soaveredlichkwong
    ac = 9.027144591379537
    b = 0.04682396965049973
    k = 0.7245875485016999
/
