&names
    formula_extended = 'CH3Cl'
    iupac = 'Methyl Chloride'
/

&pengrobinson
    ac = 8.198631184776849
    b = 0.04030604072515142
    k = 0.60438647865653
/

&pure
    a = 1.817
    acentric_factor = 0.153068
    b = 0.25877
    c = 416.25
    d = 0.2833
    pc = 66.8
    tc = 416.25
    vc = 0.143
    vc_rat = 1.168
/

&rkpr
    ac = 7.886767587137546
    b = 0.04293937579650696
    del1 = 1.6385297103486303
    k = 1.9577726014793155
/

&soaveredlichkwong
    ac = 7.665092828300633
    b = 0.0448882481967308
    k = 0.7168288147908001
/
