&names
    formula_extended = 'CH3COCH2CH(CH3)2'
    iupac = 'Methyl Isobutyl Ketone'
/

&pengrobinson
    ac = 31.914850193982755
    b = 0.11366067328575473
    k = 0.8890317743437492
/

&pure
    a = 0.71687
    acentric_factor = 0.355671
    b = 0.26453
    c = 574.6
    d = 0.28918
    pc = 32.7
    tc = 574.6
    vc = 0.369
    vc_rat = 1.168
/

&rkpr
    ac = 32.951167256500895
    b = 0.10759014463674393
    del1 = 3.0704283940873527
    k = 2.3557673689313754
/

&soaveredlichkwong
    ac = 29.83794292301059
    b = 0.12658222988086165
    k = 1.017688328457825
/
