&names
    formula_extended = 'CH3OCH2CH2CH3'
    iupac = 'Methyl N-Propyl Ether'
/

&pengrobinson
    ac = 18.861725811937823
    b = 0.08104560608656672
    k = 0.7811339355954101
/

&pure
    a = 0.96145
    acentric_factor = 0.276999
    b = 0.26536
    c = 476.25
    d = 0.30088
    pc = 38.01
    tc = 476.25
    vc = 0.276
    vc_rat = 1.168
/

&rkpr
    ac = 18.76253972200143
    b = 0.08176290763612536
    del1 = 2.308740160202793
    k = 2.271503424111798
/

&soaveredlichkwong
    ac = 17.634270403443285
    b = 0.09025930644182906
    k = 0.902568947949825
/
