&names
    formula_extended = 'CH2C(CH3)CHO'
    iupac = 'Methacrolein'
/

&pengrobinson
    ac = 20.89162052515956
    b = 0.08066391469115765
    k = 0.7371644380819828
/

&pure
    a = 0.96445
    acentric_factor = 0.245619
    b = 0.24591
    c = 530.0
    d = 0.28571
    pc = 42.5
    tc = 530.0
    vc = 0.255
    vc_rat = 1.168
/

&rkpr
    ac = 22.003115152522188
    b = 0.07369269937942981
    del1 = 3.500786056407616
    k = 1.834915724523701
/

&soaveredlichkwong
    ac = 19.53206664013847
    b = 0.08983422231589089
    k = 0.8560467846968249
/
