&names
    formula_extended = 'CH3I'
    iupac = 'Methyl Iodide'
/

&pengrobinson
    ac = 11.956654410429092
    b = 0.04634029455645215
    k = 0.668219633653248
/

&pure
    a = 1.3975
    acentric_factor = 0.19716
    b = 0.25854
    c = 528.0
    d = 0.2679
    pc = 73.7
    tc = 528.0
    vc = 0.185
    vc_rat = 1.168
/

&rkpr
    ac = 11.03198080713252
    b = 0.052649727162856805
    del1 = 0.41421356237309515
    k = 2.360525714908051
/

&soaveredlichkwong
    ac = 11.17855699400432
    b = 0.05160850845520062
    k = 0.78352722852
/
