&names
    formula_extended = 'CH3OH'
    iupac = 'Methanol'
/

&pengrobinson
    ac = 10.270007344622355
    b = 0.04100718147813005
    k = 1.1702947640417785
/

&pure
    a = 2.3267
    acentric_factor = 0.565831
    b = 0.27073
    c = 512.5
    d = 0.24713
    pc = 80.84
    tc = 512.5
    vc = 0.117
    vc_rat = 1.168
/

&rkpr
    ac = 11.617338512700508
    b = 0.03266218077914069
    del1 = 5.267396874246852
    k = 2.5225506134660334
/

&soaveredlichkwong
    ac = 9.601671043579485
    b = 0.045669098401174425
    k = 1.314589167901825
/
