&names
    formula_extended = 'CH2CHSiCH3Cl2'
    iupac = 'Methyl Vinyl Dichlorosilane'
/

&pengrobinson
    ac = 31.828739587153766
    b = 0.11970815872782713
    k = 0.803100673536192
/

&pure
    a = 0.60724
    acentric_factor = 0.29282
    b = 0.24824
    c = 544.1
    d = 0.25427
    pc = 29.4
    tc = 544.1
    vc = 0.409
    vc_rat = 1.168
/

&rkpr
    ac = 31.578553125064765
    b = 0.1212943867869801
    del1 = 2.2565122740434758
    k = 2.346997143193486
/

&soaveredlichkwong
    ac = 29.757436094496207
    b = 0.13331722599077395
    k = 0.9258935583300001
/
