&names
    formula_extended = 'CH3OCH2CH(CH3)CH3'
    iupac = 'Methyl Isobutyl Ether'
/

&pengrobinson
    ac = 22.896427121841647
    b = 0.09427452764145285
    k = 0.8237559150528236
/

&pure
    a = 0.84005
    acentric_factor = 0.307786
    b = 0.27638
    c = 497.0
    d = 0.27645
    pc = 34.1
    tc = 497.0
    vc = 0.329
    vc_rat = 1.168
/

&rkpr
    ac = 22.328923090400572
    b = 0.09825496571189493
    del1 = 1.9141789843201633
    k = 2.501116269720283
/

&soaveredlichkwong
    ac = 21.406407407520597
    b = 0.10499216294292066
    k = 0.9478770251857
/
