&names
    formula_extended = 'CH3NH2'
    iupac = 'Methylamine'
/

&pengrobinson
    ac = 7.836252043559696
    b = 0.037288291056695455
    k = 0.787281725532201
/

&pure
    a = 1.39
    acentric_factor = 0.281417
    b = 0.21405
    c = 430.05
    d = 0.2275
    pc = 74.6
    tc = 430.05
    vc = 0.154
    vc_rat = 1.168
/

&rkpr
    ac = 7.230231733468754
    b = 0.04236525402557809
    del1 = 0.41421356237309515
    k = 2.7055655282202933
/

&soaveredlichkwong
    ac = 7.326296059197654
    b = 0.04152742451680225
    k = 0.909091140619425
/
