&names
    formula_extended = 'CH3(CH2)10COOCH3'
    iupac = 'Methyl Dodecanoate'
/

&pengrobinson
    ac = 92.09160850161955
    b = 0.264681203486709
    k = 1.3346060700840392
/

&pure
    a = 0.34704
    acentric_factor = 0.692419
    b = 0.26305
    c = 712.0
    d = 0.32601
    pc = 17.4
    tc = 712.0
    vc = 0.758
    vc_rat = 1.168
/

&rkpr
    ac = 103.91702705334016
    b = 0.21187466678686195
    del1 = 5.199333349673531
    k = 2.931695337108611
/

&soaveredlichkwong
    ac = 86.09860743377818
    b = 0.2947715861286986
    k = 1.485964793476825
/
