&names
    formula_extended = 'CH3NHCH2CH2OH'
    iupac = 'Methylethanolamine'
/

&pengrobinson
    ac = 24.033660137538394
    b = 0.07806608529804619
    k = 1.1960984403557369
/

&pure
    a = 0.9965
    acentric_factor = 0.585494
    b = 0.25232
    c = 630.0
    d = 0.2857
    pc = 52.2
    tc = 630.0
    vc = 0.253
    vc_rat = 1.168
/

&rkpr
    ac = 24.846893360952016
    b = 0.07372482919209132
    del1 = 3.0984313242308845
    k = 3.149642176732339
/

&soaveredlichkwong
    ac = 22.469633260259226
    b = 0.08694105770649815
    k = 1.3415769917937
/
