&names
    formula_extended = 'CH2CHCOOCH3'
    iupac = 'Methyl Acrylate'
/

&pengrobinson
    ac = 21.367315807747385
    b = 0.08157709108388773
    k = 0.8709238333478092
/

&pure
    a = 0.97286
    acentric_factor = 0.342296
    b = 0.26267
    c = 536.0
    d = 0.2508
    pc = 42.5
    tc = 536.0
    vc = 0.27
    vc_rat = 1.168
/

&rkpr
    ac = 21.737335590650574
    b = 0.0792320423689466
    del1 = 2.7623605569848935
    k = 2.3916251009032123
/

&soaveredlichkwong
    ac = 19.976805330883668
    b = 0.09085121351191983
    k = 0.9982697574672001
/
