&names
    formula_extended = 'CH3SCH2CH2CH3'
    iupac = 'Methyl N-Propyl Sulfide'
/

&pengrobinson
    ac = 25.41649783406902
    b = 0.09205561767603358
    k = 0.7764931686962548
/

&pure
    a = 0.87496
    acentric_factor = 0.273669
    b = 0.26862
    c = 565.0
    d = 0.30259
    pc = 39.7
    tc = 565.0
    vc = 0.307
    vc_rat = 1.168
/

&rkpr
    ac = 25.704606276329482
    b = 0.09031708877378587
    del1 = 2.641801566890505
    k = 2.1665953780033074
/

&soaveredlichkwong
    ac = 23.762480696799837
    b = 0.1025209953595518
    k = 0.897648429726825
/
