&names
    formula_extended = 'CH3SiHCl2'
    iupac = 'Methyl Dichlorosilane'
/

&pengrobinson
    ac = 18.668373679492483
    b = 0.07909379072475466
    k = 0.779400968158852
/

&pure
    a = 0.97608
    acentric_factor = 0.275755
    b = 0.28209
    c = 483.0
    d = 0.22529
    pc = 39.5
    tc = 483.0
    vc = 0.289
    vc_rat = 1.168
/

&rkpr
    ac = 17.51366500403852
    b = 0.08762293456551125
    del1 = 1.0881499070347584
    k = 2.5911218843040045
/

&soaveredlichkwong
    ac = 17.453500954209456
    b = 0.0880855982130141
    k = 0.9007312264956249
/
