&names
    formula_extended = 'CH2C(CH3)CN'
    iupac = 'Methacrylonitrile'
/

&pengrobinson
    ac = 25.00328800621938
    b = 0.09235712270975037
    k = 0.8147791354281653
/

&pure
    a = 0.89546
    acentric_factor = 0.301271
    b = 0.2373
    c = 554.0
    d = 0.29632
    pc = 38.8
    tc = 554.0
    vc = 0.265
    vc_rat = 1.168
/

&rkpr
    ac = 28.17829838283874
    b = 0.07412033913585009
    del1 = 5.164616216977206
    k = 1.6568663018492977
/

&soaveredlichkwong
    ac = 23.376161125074912
    b = 0.1028567771069661
    k = 0.938316816297825
/
