&names
    formula_extended = 'CH3COCH2CH3'
    iupac = 'Methyl Ethyl Ketone'
/

&pengrobinson
    ac = 21.84138494595643
    b = 0.0834648724017906
    k = 0.8451342115973429
/

&pure
    a = 0.93767
    acentric_factor = 0.323369
    b = 0.25035
    c = 535.5
    d = 0.29964
    pc = 41.5
    tc = 535.5
    vc = 0.267
    vc_rat = 1.168
/

&rkpr
    ac = 22.80226021309322
    b = 0.07746712850179231
    del1 = 3.3081171032785766
    k = 2.1736057121781442
/

&soaveredlichkwong
    ac = 20.420023701061364
    b = 0.09295360796234516
    k = 0.970683491721825
/
