&names
    formula_extended = 'CH3SC(CH3)3'
    iupac = 'Methyl T-Butyl Sulfide'
/

&pengrobinson
    ac = 29.01053706674616
    b = 0.10415112106349504
    k = 0.719849871367108
/

&pure
    a = 0.76283
    acentric_factor = 0.233365
    b = 0.27462
    c = 570.0
    d = 0.29064
    pc = 35.4
    tc = 570.0
    vc = 0.36
    vc_rat = 1.168
/

&rkpr
    ac = 28.514021885366436
    b = 0.10717326539522742
    del1 = 2.0701074220949844
    k = 2.1672202676682555
/

&soaveredlichkwong
    ac = 27.12263237653105
    b = 0.11599158062053387
    k = 0.837786145935625
/
