&names
    formula_extended = 'CH3SC(CH3)(CH3)C2H5'
    iupac = 'Methyl T-Pentyl Sulfide'
/

&pengrobinson
    ac = 40.33658608253214
    b = 0.13060659163328073
    k = 0.7902516491223531
/

&pure
    a = 0.59566
    acentric_factor = 0.283554
    b = 0.25918
    c = 632.0
    d = 0.28571
    pc = 31.3
    tc = 632.0
    vc = 0.435
    vc_rat = 1.168
/

&rkpr
    ac = 40.8351882183043
    b = 0.12791852639274018
    del1 = 2.6624406612993488
    k = 2.1986351785035465
/

&soaveredlichkwong
    ac = 37.711621578177336
    b = 0.1454546513596256
    k = 0.9122434935897
/
