&names
    formula_extended = 'CH3CH2OCH3'
    iupac = 'Methyl Ethyl Ether'
/

&pengrobinson
    ac = 13.769182542359358
    b = 0.06435991117928923
    k = 0.71702898742771
/

&pure
    a = 1.2635
    acentric_factor = 0.231374
    b = 0.27878
    c = 437.8
    d = 0.2744
    pc = 44.0
    tc = 437.8
    vc = 0.221
    vc_rat = 1.168
/

&rkpr
    ac = 13.605947830741174
    b = 0.06564930397245529
    del1 = 2.1762054771608055
    k = 2.1302703255606135
/

&soaveredlichkwong
    ac = 12.873132109292907
    b = 0.07167669200345728
    k = 0.8348142386217
/
