&names
    formula_extended = 'CH3OCH(CH3)CH2CH3'
    iupac = 'Methyl Sec-Butyl Ether'
/

&pengrobinson
    ac = 22.988658356275337
    b = 0.09446421481980587
    k = 0.821627811883008
/

&pure
    a = 0.83495
    acentric_factor = 0.30624
    b = 0.2747
    c = 498.0
    d = 0.26707
    pc = 34.1
    tc = 498.0
    vc = 0.329
    vc_rat = 1.168
/

&rkpr
    ac = 22.45588825803617
    b = 0.09818980934918721
    del1 = 1.9470687984354098
    k = 2.4858844853236968
/

&soaveredlichkwong
    ac = 21.492636554517194
    b = 0.10520341477982795
    k = 0.94560974592
/
