&names
    formula_extended = 'C6H5Cl'
    iupac = 'Monochlorobenzene'
/

&pengrobinson
    ac = 27.96870857306899
    b = 0.09051028378649136
    k = 0.7431337505804059
/

&pure
    a = 0.8711
    acentric_factor = 0.249857
    b = 0.26805
    c = 632.35
    d = 0.2799
    pc = 45.191
    tc = 632.35
    vc = 0.308
    vc_rat = 1.168
/

&rkpr
    ac = 27.838370579213795
    b = 0.09121992666465353
    del1 = 2.320747652098894
    k = 2.1629698612272756
/

&soaveredlichkwong
    ac = 26.148602451873394
    b = 0.10079997960279193
    k = 0.862349926921425
/
