&names
    formula_extended = 'CH3(CH2)7CHCH(CH2)7COOCH2CH(OH)CH2OH'
    iupac = 'Monoolein'
/

&pengrobinson
    ac = 199.65223479463162
    b = 0.4616511703166718
    k = 1.7069670737416558
/

&pure
    a = 0.2226
    acentric_factor = 0.991759
    b = 0.26934
    c = 885.0
    d = 0.28571
    pc = 12.4
    tc = 885.0
    vc = 1.21
    vc_rat = 1.168
/

&rkpr
    ac = 238.2391159451745
    b = 0.3281277073562541
    del1 = 6.910651147936125
    k = 3.3959767641242347
/

&soaveredlichkwong
    ac = 186.65956286947895
    b = 0.5141341580731049
    k = 1.868901131035825
/
