&names
    formula_extended = 'HOCH2CH2NH2'
    iupac = 'Monoethanolamine'
/

&pengrobinson
    ac = 20.40802509625776
    b = 0.06157809226056441
    k = 1.0097556058001433
/

&pure
    a = 1.0011
    acentric_factor = 0.446737
    b = 0.22523
    c = 678.2
    d = 0.21515
    pc = 71.24
    tc = 678.2
    vc = 0.225
    vc_rat = 1.168
/

&rkpr
    ac = 19.145680587058905
    b = 0.06821859069340803
    del1 = 1.0881086010525773
    k = 3.250744921952651
/

&soaveredlichkwong
    ac = 19.0799419170802
    b = 0.06857862094970181
    k = 1.1482385972454252
/
