&names
    formula_extended = '-OCH2CH2NHCH2CH2-'
    iupac = 'Morpholine'
/

&pengrobinson
    ac = 22.60710819101185
    b = 0.07485823331790177
    k = 0.888375486869988
/

&pure
    a = 0.93064
    acentric_factor = 0.355185
    b = 0.25685
    c = 618.0
    d = 0.25545
    pc = 53.4
    tc = 618.0
    vc = 0.276
    vc_rat = 1.168
/

&rkpr
    ac = 21.0431328107457
    b = 0.0839287402932613
    del1 = 0.875786909720206
    k = 2.948040718877847
/

&soaveredlichkwong
    ac = 21.135916344827983
    b = 0.08336851986173677
    k = 1.016983822760625
/
