&names
    formula_extended = '((CH3)3CNHCH2)2'
    iupac = "N,N'-Di-Tert-Butylethylenediamine"
/

&pengrobinson
    ac = 57.16307765296718
    b = 0.18716240688188984
    k = 1.2512851792027289
/

&pure
    a = 0.41566
    acentric_factor = 0.627817
    b = 0.285
    c = 625.0
    d = 0.28571
    pc = 21.6
    tc = 625.0
    vc = 0.686
    vc_rat = 1.168
/

&rkpr
    ac = 53.48297788335843
    b = 0.2082026930071543
    del1 = 1.0196346794497233
    k = 3.9145187067532343
/

&soaveredlichkwong
    ac = 53.443103694543964
    b = 0.20844003583733853
    k = 1.399206975539425
/
