&names
    formula_extended = '(C6H5)NH(C6H4)NH(C6H5)'
    iupac = "N,N'-Diphenyl-P-Phenylenediamine"
/

&pengrobinson
    ac = 141.5269819653952
    b = 0.28477465104456107
    k = 1.5446469186845517
/

&pure
    a = 0.27319
    acentric_factor = 0.859101
    b = 0.223
    c = 1017.0
    d = 0.28571
    pc = 23.1
    tc = 1017.0
    vc = 0.817
    vc_rat = 1.168
/

&rkpr
    ac = 159.5119278218415
    b = 0.22850462064091656
    del1 = 5.16690547716296
    k = 3.427074035824889
/

&soaveredlichkwong
    ac = 132.31689900727136
    b = 0.3171493648655226
    k = 1.703065431564825
/
