&names
    formula_extended = 'C6H5N(C2H5)2'
    iupac = 'N,N-Diethylaniline'
/

&pengrobinson
    ac = 54.65610560721878
    b = 0.15932524957369668
    k = 0.9828949612033921
/

&pure
    a = 0.42895
    acentric_factor = 0.42618
    b = 0.23807
    c = 702.0
    d = 0.26213
    pc = 28.5
    tc = 702.0
    vc = 0.556
    vc_rat = 1.168
/

&rkpr
    ac = 53.30256021621435
    b = 0.1660464738222164
    del1 = 1.9146073174426428
    k = 2.946640302770989
/

&soaveredlichkwong
    ac = 51.0992766561602
    b = 0.17743820078084105
    k = 1.11902217633
/
