&names
    formula_extended = '(C2H5)2NOH'
    iupac = 'N,N-Diethylhydroxylamine'
/

&pengrobinson
    ac = 24.605114235723928
    b = 0.0888025348015063
    k = 1.3640011766543958
/

&pure
    a = 0.71542
    acentric_factor = 0.715414
    b = 0.23667
    c = 567.0
    d = 0.28571
    pc = 41.3
    tc = 567.0
    vc = 0.331
    vc_rat = 1.168
/

&rkpr
    ac = 22.702265925579105
    b = 0.1008933860567881
    del1 = 0.41421356237309515
    k = 4.297440726829871
/

&soaveredlichkwong
    ac = 23.00389911647168
    b = 0.09889808452908679
    k = 1.5164936275057
/
