&names
    formula_extended = 'HCON(CH3)2'
    iupac = 'N,N-Dimethylformamide'
/

&pengrobinson
    ac = 30.177209833317754
    b = 0.0950640039611321
    k = 0.837385795864528
/

&pure
    a = 0.89615
    acentric_factor = 0.31771
    b = 0.23478
    c = 649.6
    d = 0.28091
    pc = 44.2
    tc = 649.6
    vc = 0.26199
    vc_rat = 1.168
/

&rkpr
    ac = 34.909994078756235
    b = 0.07227926192431883
    del1 = 5.916049585005638
    k = 1.564047491393201
/

&soaveredlichkwong
    ac = 28.2133821437149
    b = 0.10587139117634746
    k = 0.9624111022824999
/
