&names
    formula_extended = '(CH3)2NCOCH3'
    iupac = 'N,N-Dimethylacetamide'
/

&pengrobinson
    ac = 33.95909130567074
    b = 0.10561198437839898
    k = 0.8995984873115764
/

&pure
    a = 0.72498
    acentric_factor = 0.363509
    b = 0.23272
    c = 658.0
    d = 0.27021
    pc = 40.3
    tc = 658.0
    vc = 0.321
    vc_rat = 1.168
/

&rkpr
    ac = 36.793363906373344
    b = 0.09154972869750012
    del1 = 4.154486781411831
    k = 2.1041966817099502
/

&soaveredlichkwong
    ac = 31.749151944537438
    b = 0.11761852273345609
    k = 1.0290388772108252
/
