&names
    formula_extended = '(C6H5)CH3NCH3'
    iupac = 'N,N-Dimethylaniline'
/

&pengrobinson
    ac = 41.115520844487065
    b = 0.12244393584132394
    k = 0.9512177501842771
/

&pure
    a = 0.49064
    acentric_factor = 0.402158
    b = 0.22783
    c = 687.15
    d = 0.23588
    pc = 36.3
    tc = 687.15
    vc = 0.465
    vc_rat = 1.168
/

&rkpr
    ac = 37.93583232078717
    b = 0.1391152101318367
    del1 = 0.41421356237309515
    k = 3.1796100940933423
/

&soaveredlichkwong
    ac = 38.439865979347736
    b = 0.1363640209592748
    k = 1.0846937570313
/
