&names
    formula_extended = 'CH3(CH2)3N(CH3)2'
    iupac = 'N,N-Dimethyl-N-Butylamine'
/

&pengrobinson
    ac = 31.225273466391183
    b = 0.11877006950951893
    k = 0.8681751983470387
/

&pure
    a = 0.61258
    acentric_factor = 0.340272
    b = 0.25606
    c = 538.0
    d = 0.28203
    pc = 29.3
    tc = 538.0
    vc = 0.418
    vc_rat = 1.168
/

&rkpr
    ac = 30.239732671079153
    b = 0.1251827138673615
    del1 = 1.7745354751443565
    k = 2.6652397333985256
/

&soaveredlichkwong
    ac = 29.19324144661785
    b = 0.13227248974517644
    k = 0.9953257470528001
/
