&names
    formula_extended = '-NHCH2CH2N(CH2CH2OH)CH2CH2-'
    iupac = 'N-(2-Hydroxyethyl)Piperazine'
/

&pengrobinson
    ac = 39.65002585881039
    b = 0.11411872476146151
    k = 1.5127457176975405
/

&pure
    a = 0.68172
    acentric_factor = 0.833427
    b = 0.26338
    c = 711.0
    d = 0.28571
    pc = 40.3
    tc = 711.0
    vc = 0.386
    vc_rat = 1.168
/

&rkpr
    ac = 39.655445365834915
    b = 0.11409255869880973
    del1 = 2.4169546324284727
    k = 4.1483499057134345
/

&soaveredlichkwong
    ac = 37.06974030209097
    b = 0.12709235511168282
    k = 1.670258999242425
/
