&names
    formula_extended = 'H2NCH2CH2NHCH2CH2OH'
    iupac = 'N-Aminoethyl Ethanolamine'
/

&pengrobinson
    ac = 34.52910377513685
    b = 0.10123085833459647
    k = 1.7736653514019862
/

&pure
    a = 0.76851
    acentric_factor = 1.04726
    b = 0.25241
    c = 698.0
    d = 0.28571
    pc = 44.6
    tc = 698.0
    vc = 0.328
    vc_rat = 1.168
/

&rkpr
    ac = 35.70351956705007
    b = 0.09557287911828465
    del1 = 3.102023879384281
    k = 4.529908725408438
/

&soaveredlichkwong
    ac = 32.28206998820543
    b = 0.11273932671972682
    k = 1.9364553761700003
/
