&names
    formula_extended = 'H2NC2H4(NCH2CH2NHCH2CH2)'
    iupac = 'N-Aminoethyl Piperazine'
/

&pengrobinson
    ac = 41.154289229355754
    b = 0.11895011972834764
    k = 1.1589917823158356
/

&pure
    a = 0.66681
    acentric_factor = 0.557243
    b = 0.27137
    c = 708.0
    d = 0.27214
    pc = 38.5
    tc = 708.0
    vc = 0.407
    vc_rat = 1.168
/

&rkpr
    ac = 40.78326028121226
    b = 0.12075922447573254
    del1 = 2.2333069846876383
    k = 3.3163251980835957
/

&soaveredlichkwong
    ac = 38.47611145278403
    b = 0.13247300904117407
    k = 1.3027595238164251
/
