&names
    formula_extended = 'HCOO(CH2)3CH3'
    iupac = 'N-Butyl Formate'
/

&pengrobinson
    ac = 28.14011182170874
    b = 0.10301418874779217
    k = 0.9321261419236379
/

&pure
    a = 0.79185
    acentric_factor = 0.387793
    b = 0.26606
    c = 559.0
    d = 0.2785
    pc = 35.1
    tc = 559.0
    vc = 0.336
    vc_rat = 1.168
/

&rkpr
    ac = 28.951004879560475
    b = 0.09812077548994749
    del1 = 2.995707115062193
    k = 2.4931684435947714
/

&soaveredlichkwong
    ac = 26.308851374197822
    b = 0.1147253957248711
    k = 1.064069085101425
/
