&names
    formula_extended = 'CH3(CH2)16COO(CH2)3CH3'
    iupac = 'N-Butyl Stearate'
/

&pengrobinson
    ac = 166.21608847279023
    b = 0.44520776984903776
    k = 1.7464820622943955
/

&pure
    a = 0.20944
    acentric_factor = 1.02457
    b = 0.25761
    c = 764.0
    d = 0.37571
    pc = 11.1
    tc = 764.0
    vc = 1.23
    vc_rat = 1.168
/

&rkpr
    ac = 191.9824210678186
    b = 0.33962589495049933
    del1 = 5.8687987063795415
    k = 3.706787103834201
/

&soaveredlichkwong
    ac = 155.39932447097212
    b = 0.49582138340931103
    k = 1.9089680351425002
/
