&names
    formula_extended = 'CH3CH2CH2CH2SH'
    iupac = 'N-Butyl Mercaptan'
/

&pengrobinson
    ac = 25.877415243815758
    b = 0.09288656218956946
    k = 0.7732731728767157
/

&pure
    a = 0.89458
    acentric_factor = 0.271361
    b = 0.27463
    c = 570.1
    d = 0.28512
    pc = 39.7
    tc = 570.1
    vc = 0.307
    vc_rat = 1.168
/

&rkpr
    ac = 26.35417416447278
    b = 0.09004768160287525
    del1 = 2.7847181823686786
    k = 2.118879039480702
/

&soaveredlichkwong
    ac = 24.193403207187746
    b = 0.10344640611412474
    k = 0.894235775343825
/
