&names
    formula_extended = 'CH3(CH2)2CN'
    iupac = 'N-Butyronitrile'
/

&pengrobinson
    ac = 28.27747794862998
    b = 0.09938348253025403
    k = 0.9101977827787853
/

&pure
    a = 0.87533
    acentric_factor = 0.371396
    b = 0.24331
    c = 582.25
    d = 0.28586
    pc = 37.8955
    tc = 582.25
    vc = 0.278
    vc_rat = 1.168
/

&rkpr
    ac = 32.4024549824635
    b = 0.07708655025686538
    del1 = 5.634037410879841
    k = 1.8033976543390506
/

&soaveredlichkwong
    ac = 26.437278192112313
    b = 0.11068193129894038
    k = 1.0404386809572002
/
