&names
    formula_extended = 'CH3(CH2)7CO2(CH2)3CH3'
    iupac = 'N-Butyl Nonanoate'
/

&pengrobinson
    ac = 82.52392284686616
    b = 0.25055495948039586
    k = 1.3796991896919892
/

&pure
    a = 0.3105
    acentric_factor = 0.727738
    b = 0.25143
    c = 674.0
    d = 0.28571
    pc = 17.4
    tc = 674.0
    vc = 0.81
    vc_rat = 1.168
/

&rkpr
    ac = 85.47621336311553
    b = 0.2358409303056296
    del1 = 3.138232496864619
    k = 3.5956494229119045
/

&soaveredlichkwong
    ac = 77.1535534311226
    b = 0.27903939473418937
    k = 1.5327791575873
/
