&names
    formula_extended = 'CH2C(CH3)COO(CH2)3CH3'
    iupac = 'N-Butyl Methacrylate'
/

&pengrobinson
    ac = 46.05055504803655
    b = 0.15223946737482097
    k = 1.0097048627431764
/

&pure
    a = 0.54924
    acentric_factor = 0.446698
    b = 0.2642
    c = 619.0
    d = 0.28571
    pc = 26.3
    tc = 619.0
    vc = 0.481
    vc_rat = 1.168
/

&rkpr
    ac = 48.520562644791475
    b = 0.1389786102478232
    del1 = 3.5099300221945122
    k = 2.561218128948582
/

&soaveredlichkwong
    ac = 43.053745348782385
    b = 0.16954686875495367
    k = 1.1481833089393
/
