&names
    formula_extended = 'CH3(CH2)3CO2(CH2)3CH3'
    iupac = 'N-Butyl Valerate'
/

&pengrobinson
    ac = 53.67285404490361
    b = 0.17461722402472848
    k = 1.2092374611498065
/

&pure
    a = 0.48713
    acentric_factor = 0.595537
    b = 0.26646
    c = 629.0
    d = 0.2965
    pc = 23.3
    tc = 629.0
    vc = 0.547
    vc_rat = 1.168
/

&rkpr
    ac = 56.907360442493925
    b = 0.15759573358922938
    del1 = 3.6503252882389132
    k = 3.0247732227905715
/

&soaveredlichkwong
    ac = 50.18001168023208
    b = 0.19446864912620884
    k = 1.355308982285425
/
