&names
    formula_extended = '(C6H5)(CH2)3CH3'
    iupac = 'N-Butylbenzene'
/

&pengrobinson
    ac = 47.71524089173058
    b = 0.14783161946034856
    k = 0.940587237780466
/

&pure
    a = 0.50812
    acentric_factor = 0.394149
    b = 0.25238
    c = 660.5
    d = 0.29373
    pc = 28.9
    tc = 660.5
    vc = 0.497
    vc_rat = 1.168
/

&rkpr
    ac = 47.95184911410193
    b = 0.146605527678743
    del1 = 2.513684020213166
    k = 2.6533245315024097
/

&soaveredlichkwong
    ac = 44.61009923692476
    b = 0.16463791298458913
    k = 1.073203675014825
/
