&names
    formula_extended = 'C4H9OC2H5'
    iupac = 'N-Butyl Ethyl Ether'
/

&pengrobinson
    ac = 29.807611241579785
    b = 0.11487239823264342
    k = 0.928945607080837
/

&pure
    a = 0.71599
    acentric_factor = 0.385408
    b = 0.27351
    c = 531.0
    d = 0.28605
    pc = 29.9
    tc = 531.0
    vc = 0.382
    vc_rat = 1.168
/

&rkpr
    ac = 30.212718310532118
    b = 0.1122749164800321
    del1 = 2.6872035714390887
    k = 2.5714950937355763
/

&soaveredlichkwong
    ac = 27.86783574078107
    b = 0.12793171023625086
    k = 1.0606378098687999
/
