&names
    formula_extended = 'CH3COO(CH2)3CH3'
    iupac = 'N-Butyl Acetate'
/

&pengrobinson
    ac = 33.86807830814831
    b = 0.12044914830646117
    k = 1.000185817195446
/

&pure
    a = 0.67794
    acentric_factor = 0.439393
    b = 0.2637
    c = 575.4
    d = 0.29318
    pc = 30.9
    tc = 575.4
    vc = 0.389
    vc_rat = 1.168
/

&rkpr
    ac = 35.10629001139832
    b = 0.11322391898603873
    del1 = 3.1543805509360743
    k = 2.6332145163810625
/

&soaveredlichkwong
    ac = 31.66406175583781
    b = 0.13414245524967658
    k = 1.1378179955214252
/
