&names
    formula_extended = 'CH3CH2CH2CH2Cl'
    iupac = 'N-Butyl Chloride'
/

&pengrobinson
    ac = 23.8613234635529
    b = 0.09092918072898079
    k = 0.776647957371072
/

&pure
    a = 0.88871
    acentric_factor = 0.27378
    b = 0.26608
    c = 537.0
    d = 0.28932
    pc = 38.2
    tc = 537.0
    vc = 0.3
    vc_rat = 1.168
/

&rkpr
    ac = 24.334141901156542
    b = 0.08794275300958776
    del1 = 2.812857701158203
    k = 2.1204733906252384
/

&soaveredlichkwong
    ac = 22.308511656658833
    b = 0.10126649900249034
    k = 0.89781250953
/
