&names
    formula_extended = 'CH3CH2COO(CH2)3CH3'
    iupac = 'N-Butyl Propionate'
/

&pengrobinson
    ac = 39.911780085392515
    b = 0.13735966686003365
    k = 1.0325970726826459
/

&pure
    a = 0.5981
    acentric_factor = 0.464357
    b = 0.26518
    c = 594.6
    d = 0.28571
    pc = 28.0
    tc = 594.6
    vc = 0.442
    vc_rat = 1.168
/

&rkpr
    ac = 41.48454140272225
    b = 0.12849385172116576
    del1 = 3.2130678171488714
    k = 2.7043313978346157
/

&soaveredlichkwong
    ac = 37.31446047546301
    b = 0.15297545249553374
    k = 1.173163118896425
/
