&names
    formula_extended = '(C6H11)CH2CH2CH2CH3'
    iupac = 'N-Butylcyclohexane'
/

&pengrobinson
    ac = 54.71770379010389
    b = 0.16787462900723818
    k = 0.777409253485822
/

&pure
    a = 0.4974
    acentric_factor = 0.274326
    b = 0.2656
    c = 667.0
    d = 0.3024
    pc = 25.7
    tc = 667.0
    vc = 0.534
    vc_rat = 1.168
/

&rkpr
    ac = 57.365204052292356
    b = 0.15464208078946864
    del1 = 3.3996661518917475
    k = 1.968106503929047
/

&soaveredlichkwong
    ac = 51.156866243888665
    b = 0.18695951964611388
    k = 0.8986195420017
/
