&names
    formula_extended = 'CH3CH2CH2CH2I'
    iupac = 'N-Butyl Iodide'
/

&pengrobinson
    ac = 28.216473933863636
    b = 0.09298099233625154
    k = 0.8260326291887286
/

&pure
    a = 0.77807
    acentric_factor = 0.309441
    b = 0.26687
    c = 621.0
    d = 0.28373
    pc = 43.2006
    tc = 621.0
    vc = 0.343
    vc_rat = 1.168
/

&rkpr
    ac = 26.252251665069988
    b = 0.10432085686714375
    del1 = 0.8615785466168537
    k = 2.7712195566794158
/

&soaveredlichkwong
    ac = 26.380244106111313
    b = 0.10355157158771772
    k = 0.950303230815825
/
