&names
    formula_extended = 'CH3(CH2)3NH2'
    iupac = 'N-Butylamine'
/

&pengrobinson
    ac = 21.29217415875978
    b = 0.08191681444427838
    k = 0.8530563833052979
/

&pure
    a = 0.80533
    acentric_factor = 0.329168
    b = 0.24965
    c = 531.9
    d = 0.24306
    pc = 42.0
    tc = 531.9
    vc = 0.31
    vc_rat = 1.168
/

&rkpr
    ac = 19.64553365836817
    b = 0.0930701449315911
    del1 = 0.41421356237309515
    k = 2.8959146818347996
/

&soaveredlichkwong
    ac = 19.906553638646187
    b = 0.0912295584509187
    k = 0.9791489068608
/
