&names
    formula_extended = 'C6H5COOC4H9'
    iupac = 'N-Butyl Benzoate'
/

&pengrobinson
    ac = 63.97152264533492
    b = 0.18081362679732796
    k = 1.1845815685834629
/

&pure
    a = 0.47243
    acentric_factor = 0.576708
    b = 0.2622
    c = 724.0
    d = 0.30638
    pc = 25.9
    tc = 724.0
    vc = 0.555
    vc_rat = 1.168
/

&rkpr
    ac = 68.82911781547989
    b = 0.15881154903123001
    del1 = 3.9885826105330517
    k = 2.871388756671524
/

&soaveredlichkwong
    ac = 59.8084788049378
    b = 0.20136949228964543
    k = 1.3295347714788002
/
