&names
    formula_extended = '(C5H9)CH2CH2CH2CH3'
    iupac = 'N-Butylcyclopentane'
/

&pengrobinson
    ac = 44.81502219953196
    b = 0.1476777447618187
    k = 0.9108471340907519
/

&pure
    a = 0.55187
    acentric_factor = 0.37188
    b = 0.26653
    c = 621.0
    d = 0.28834
    pc = 27.2
    tc = 621.0
    vc = 0.483
    vc_rat = 1.168
/

&rkpr
    ac = 46.010107055830964
    b = 0.141177453895323
    del1 = 2.9519049854405237
    k = 2.4475776828734825
/

&soaveredlichkwong
    ac = 41.89861667391443
    b = 0.1644665449828073
    k = 1.04113754148
/
