&names
    formula_extended = 'CH3(CH2)3NCO'
    iupac = 'N-Butyl Isocyanate'
/

&pengrobinson
    ac = 29.644733359460844
    b = 0.10680270407221071
    k = 0.9675409767810138
/

&pure
    a = 0.69515
    acentric_factor = 0.414507
    b = 0.25025
    c = 568.0
    d = 0.23676
    pc = 34.4
    tc = 568.0
    vc = 0.36
    vc_rat = 1.168
/

&rkpr
    ac = 29.73054846437156
    b = 0.10628494242864125
    del1 = 2.4722723119128696
    k = 2.7395736517281177
/

&soaveredlichkwong
    ac = 27.71555738382353
    b = 0.11894460984563436
    k = 1.102366208716425
/
