&names
    formula_extended = 'CH3CH2CH2CH2OOH'
    iupac = 'N-Butylhydroperoxide'
/

&pengrobinson
    ac = 19.36727378143071
    b = 0.07014602728864748
    k = 1.5529876652384658
/

&pure
    a = 0.89347
    acentric_factor = 0.865835
    b = 0.26268
    c = 565.0
    d = 0.28571
    pc = 52.1
    tc = 565.0
    vc = 0.294
    vc_rat = 1.168
/

&rkpr
    ac = 17.869496374910852
    b = 0.07969671392154289
    del1 = 0.41421356237309515
    k = 4.776721239780718
/

&soaveredlichkwong
    ac = 18.106919072225597
    b = 0.07812060490929379
    k = 1.711631996735625
/
