&names
    formula_extended = 'CH3(CH2)2CH3'
    iupac = 'N-Butane'
/

&pengrobinson
    ac = 15.048949677436639
    b = 0.0724398743997634
    k = 0.6725304166282315
/

&pure
    a = 1.0677
    acentric_factor = 0.200164
    b = 0.27188
    c = 425.12
    d = 0.28688
    pc = 37.96
    tc = 425.12
    vc = 0.255
    vc_rat = 1.168
/

&rkpr
    ac = 14.571375213419858
    b = 0.07637284718453308
    del1 = 1.7709505267750048
    k = 2.1155587756499856
/

&soaveredlichkwong
    ac = 14.06961645745946
    b = 0.08067522889608675
    k = 0.7880466512932
/
