&names
    formula_extended = 'CH3CH2CH2COOH'
    iupac = 'N-Butyric Acid'
/

&pengrobinson
    ac = 29.48451086899607
    b = 0.09799587829177477
    k = 1.3198410619771839
/

&pure
    a = 0.89213
    acentric_factor = 0.680909
    b = 0.25938
    c = 615.7
    d = 0.24909
    pc = 40.64
    tc = 615.7
    vc = 0.2917
    vc_rat = 1.168
/

&rkpr
    ac = 32.413639710118076
    b = 0.08260977096403765
    del1 = 4.512565325842601
    k = 3.0653534147272614
/

&soaveredlichkwong
    ac = 27.565761614881716
    b = 0.10913657674823093
    k = 1.470614279400825
/
