&names
    formula_extended = 'CH3(CH2)2COO(CH2)3CH3'
    iupac = 'N-Butyl N-Butyrate'
/

&pengrobinson
    ac = 47.22120086656014
    b = 0.1568698028981212
    k = 1.054684976312832
/

&pure
    a = 0.54302
    acentric_factor = 0.48152
    b = 0.26826
    c = 616.0
    d = 0.28924
    pc = 25.4
    tc = 616.0
    vc = 0.494
    vc_rat = 1.168
/

&rkpr
    ac = 49.87449669429295
    b = 0.14257742109652294
    del1 = 3.563820715156726
    k = 2.6669940391751457
/

&soaveredlichkwong
    ac = 44.14820961553785
    b = 0.17470360572203414
    k = 1.1973367156799999
/
