&names
    formula_extended = 'CH2CHCOO(CH2)3CH3'
    iupac = 'N-Butyl Acrylate'
/

&pengrobinson
    ac = 38.84353071275126
    b = 0.13292312726938804
    k = 1.0549260422265012
/

&pure
    a = 0.5945
    acentric_factor = 0.481708
    b = 0.25445
    c = 598.0
    d = 0.3235
    pc = 29.1
    tc = 598.0
    vc = 0.428
    vc_rat = 1.168
/

&rkpr
    ac = 40.35463792887559
    b = 0.12445072158913985
    del1 = 3.2026696473417084
    k = 2.7675256029604176
/

&soaveredlichkwong
    ac = 36.315729050603586
    b = 0.1480345432249476
    k = 1.1976009374788001
/
