&names
    formula_extended = 'CH3CO2(CH2)9CH3'
    iupac = 'N-Decyl Acetate'
/

&pengrobinson
    ac = 78.1188359235515
    b = 0.23578116269280863
    k = 1.4109154281086504
/

&pure
    a = 0.3754
    acentric_factor = 0.752336
    b = 0.26466
    c = 678.0
    d = 0.31208
    pc = 18.6
    tc = 678.0
    vc = 0.705
    vc_rat = 1.168
/

&rkpr
    ac = 85.61322816643958
    b = 0.19995998539202933
    del1 = 4.434754583005524
    k = 3.3028516784846937
/

&soaveredlichkwong
    ac = 73.03513421906736
    b = 0.26258603327575525
    k = 1.5651252090432002
/
