&names
    formula_extended = 'HCO2(CH2)9CH3'
    iupac = 'N-Decyl Formate'
/

&pengrobinson
    ac = 71.72900215521007
    b = 0.2184281220801614
    k = 1.3594286373703415
/

&pure
    a = 0.35617
    acentric_factor = 0.71183
    b = 0.24811
    c = 672.0
    d = 0.28571
    pc = 19.9
    tc = 672.0
    vc = 0.697
    vc_rat = 1.168
/

&rkpr
    ac = 75.02387905286216
    b = 0.20205834164529557
    del1 = 3.3485276126452743
    k = 3.482895468323604
/

&soaveredlichkwong
    ac = 67.06112857252843
    b = 0.24326020568330742
    k = 1.5117475789425001
/
