&names
    formula_extended = 'CH3(CH2)9SH'
    iupac = 'N-Decyl Mercaptan'
/

&pengrobinson
    ac = 71.88664170555354
    b = 0.21135960639245663
    k = 1.1986215997074408
/

&pure
    a = 0.44289
    acentric_factor = 0.587421
    b = 0.27636
    c = 696.0
    d = 0.27668
    pc = 21.3
    tc = 696.0
    vc = 0.624
    vc_rat = 1.168
/

&rkpr
    ac = 79.47488497188101
    b = 0.17622771786290567
    del1 = 4.655814868088983
    k = 2.7355441424010234
/

&soaveredlichkwong
    ac = 67.20850949009404
    b = 0.2353881031184385
    k = 1.344214553532825
/
