&names
    formula_extended = '(C6H5)(CH2)9CH3'
    iupac = 'N-Decylbenzene'
/

&pengrobinson
    ac = 101.25722137075209
    b = 0.2751782251256553
    k = 1.3183112796095133
/

&pure
    a = 0.31781
    acentric_factor = 0.679718
    b = 0.25834
    c = 753.0
    d = 0.31666
    pc = 17.7
    tc = 753.0
    vc = 0.813
    vc_rat = 1.168
/

&rkpr
    ac = 111.89047877358514
    b = 0.2296605109694517
    del1 = 4.643150270974651
    k = 3.028500340709548
/

&soaveredlichkwong
    ac = 94.66775414702676
    b = 0.30646196563951583
    k = 1.4690232340833
/
