&names
    formula_extended = 'CH3(CH2)8COOH'
    iupac = 'N-Decanoic Acid'
/

&pengrobinson
    ac = 73.25233813412221
    b = 0.20759036007845788
    k = 1.478473730752365
/

&pure
    a = 0.43655
    acentric_factor = 0.805989
    b = 0.26528
    c = 722.1
    d = 0.27682
    pc = 22.5
    tc = 722.1
    vc = 0.608
    vc_rat = 1.168
/

&rkpr
    ac = 81.42574545513376
    b = 0.17124591324479907
    del1 = 4.796400913434933
    k = 3.3676253700766026
/

&soaveredlichkwong
    ac = 68.48533115267773
    b = 0.23119034861282636
    k = 1.634943489078825
/
