&names
    formula_extended = 'CH3(CH2)8CH3'
    iupac = 'N-Decane'
/

&pengrobinson
    ac = 57.15866369848131
    b = 0.18935967579817073
    k = 1.0728986929674826
/

&pure
    a = 0.42831
    acentric_factor = 0.492328
    b = 0.25745
    c = 617.7
    d = 0.28912
    pc = 21.1
    tc = 617.7
    vc = 0.6
    vc_rat = 1.168
/

&rkpr
    ac = 60.0972713438586
    b = 0.17352869417544303
    del1 = 3.4631031018379517
    k = 2.7315345446397785
/

&soaveredlichkwong
    ac = 53.43897698483942
    b = 0.2108871021007195
    k = 1.2125065715728
/
