&names
    formula_extended = 'CH3(CH2)9NH2'
    iupac = 'N-Decylamine'
/

&pengrobinson
    ac = 63.73527775425551
    b = 0.19672039607149858
    k = 1.3011410608495078
/

&pure
    a = 0.41076
    acentric_factor = 0.66637
    b = 0.25837
    c = 663.0
    d = 0.27111
    pc = 21.8
    tc = 663.0
    vc = 0.629
    vc_rat = 1.168
/

&rkpr
    ac = 66.56277811379829
    b = 0.18246849394356324
    del1 = 3.3158060885586247
    k = 3.3490447460924235
/

&soaveredlichkwong
    ac = 59.58760790837914
    b = 0.21908462863995287
    k = 1.4511578090425
/
