&names
    formula_extended = '(C6H11)(CH2)9CH3'
    iupac = 'N-Decylcyclohexane'
/

&pengrobinson
    ac = 108.11708933932486
    b = 0.2945051516579323
    k = 1.2963642774034159
/

&pure
    a = 0.30584
    acentric_factor = 0.662663
    b = 0.26241
    c = 751.25
    d = 0.32209
    pc = 16.5
    tc = 751.25
    vc = 0.858
    vc_rat = 1.168
/

&rkpr
    ac = 120.61178766557411
    b = 0.24122602554403907
    del1 = 4.89052221070157
    k = 2.9146642269368157
/

&soaveredlichkwong
    ac = 101.08120580547305
    b = 0.3279860811183023
    k = 1.4461851679754252
/
