&names
    formula_extended = 'CH3(CH2)10COOH'
    iupac = 'N-Dodecanoic Acid'
/

&pengrobinson
    ac = 89.94669642863457
    b = 0.24773047716008859
    k = 1.5704805944000226
/

&pure
    a = 0.37897
    acentric_factor = 0.879987
    b = 0.26716
    c = 743.0
    d = 0.29396
    pc = 19.4
    tc = 743.0
    vc = 0.705
    vc_rat = 1.168
/

&rkpr
    ac = 101.9190334758461
    b = 0.1966386892402441
    del1 = 5.314481147653607
    k = 3.4496586090267747
/

&soaveredlichkwong
    ac = 84.09327876641478
    b = 0.2758938100739199
    k = 1.7295835419704249
/
