&names
    formula_extended = 'CH3(CH2)11NH2'
    iupac = 'N-Dodecylamine'
/

&pengrobinson
    ac = 81.44603554937716
    b = 0.2394659370297514
    k = 1.4253886364177204
/

&pure
    a = 0.35944
    acentric_factor = 0.763782
    b = 0.26383
    c = 696.0
    d = 0.27735
    pc = 18.8
    tc = 696.0
    vc = 0.735
    vc_rat = 1.168
/

&rkpr
    ac = 87.63315807278912
    b = 0.21031502795470686
    del1 = 3.98928739767229
    k = 3.4578745845114076
/

&soaveredlichkwong
    ac = 76.14581128398952
    b = 0.26668971257567764
    k = 1.5801043528833
/
