&names
    formula_extended = 'CH3(CH2)11SH'
    iupac = 'N-Dodecyl Mercaptan'
/

&pengrobinson
    ac = 90.04687154968339
    b = 0.2545148333723258
    k = 1.3010934010273092
/

&pure
    a = 0.36389
    acentric_factor = 0.666333
    b = 0.26529
    c = 724.0
    d = 0.33717
    pc = 18.4
    tc = 724.0
    vc = 0.729
    vc_rat = 1.168
/

&rkpr
    ac = 101.59915552088061
    b = 0.20377953394918347
    del1 = 5.196470121533456
    k = 2.8528969512672604
/

&soaveredlichkwong
    ac = 84.18693483955919
    b = 0.2834494483859683
    k = 1.4511082002944249
/
