&names
    formula_extended = '(C6H5)(CH2)11CH3'
    iupac = 'N-Dodecylbenzene'
/

&pengrobinson
    ac = 123.27469213404049
    b = 0.32341663909190566
    k = 1.3867826190354435
/

&pure
    a = 0.27737
    acentric_factor = 0.733309
    b = 0.25598
    c = 780.0
    d = 0.33339
    pc = 15.6
    tc = 780.0
    vc = 0.923
    vc_rat = 1.168
/

&rkpr
    ac = 139.4232228848898
    b = 0.25769118275726
    del1 = 5.26262233326139
    k = 3.0395180336890837
/

&soaveredlichkwong
    ac = 115.25240461384664
    b = 0.36018438192692104
    k = 1.5401235003408251
/
