&names
    formula_extended = 'CH3(CH2)30CH3'
    iupac = 'N-Dotriacontane'
/

&pengrobinson
    ac = 308.09190364884427
    b = 0.7373899371295448
    k = 2.1557683367088853
/

&pure
    a = 0.13202
    acentric_factor = 1.37655
    b = 0.24556
    c = 855.0
    d = 0.35476
    pc = 7.5
    tc = 855.0
    vc = 1.86
    vc_rat = 1.168
/

&rkpr
    ac = 376.0430822181482
    b = 0.4977667753350284
    del1 = 7.719309841979831
    k = 4.145448832236525
/

&soaveredlichkwong
    ac = 288.0423558387598
    b = 0.8212203907933798
    k = 2.3150839670625
/
