&names
    formula_extended = 'CH3(CH2)10CH3'
    iupac = 'N-Dodecane'
/

&pengrobinson
    ac = 75.19513074827093
    b = 0.2338551082664549
    k = 1.1841577749416496
/

&pure
    a = 0.35541
    acentric_factor = 0.576385
    b = 0.25511
    c = 658.0
    d = 0.29368
    pc = 18.2
    tc = 658.0
    vc = 0.716
    vc_rat = 1.168
/

&rkpr
    ac = 81.05042320095883
    b = 0.20470741345725257
    del1 = 4.03099065090729
    k = 2.8590989701099643
/

&soaveredlichkwong
    ac = 70.30169359147575
    b = 0.26044101462408137
    k = 1.3290915480606251
/
