&names
    formula_extended = 'CH3(CH2)20CH3'
    iupac = 'N-Docosane'
/

&pengrobinson
    ac = 184.6940561015204
    b = 0.48024319804779203
    k = 1.6832822242765038
/

&pure
    a = 0.19488
    acentric_factor = 0.97219
    b = 0.2514
    c = 787.0
    d = 0.31564
    pc = 10.6
    tc = 787.0
    vc = 1.29
    vc_rat = 1.168
/

&rkpr
    ac = 217.1185290443374
    b = 0.3527822917006079
    del1 = 6.4157523877929235
    k = 3.448201383414509
/

&soaveredlichkwong
    ac = 172.67481033689788
    b = 0.5348398275028055
    k = 1.8448252156825
/
