&names
    formula_extended = 'CH3(CH2)18COOH'
    iupac = 'N-Eicosanic Acid'
/

&pengrobinson
    ac = 171.82009255732171
    b = 0.4282662269265396
    k = 1.820677322130277
/

&pure
    a = 0.22977
    acentric_factor = 1.08673
    b = 0.25964
    c = 821.0
    d = 0.34829
    pc = 12.4
    tc = 821.0
    vc = 1.13
    vc_rat = 1.168
/

&rkpr
    ac = 204.20497000829343
    b = 0.3071359938727173
    del1 = 6.774611754522466
    k = 3.6652257650234987
/

&soaveredlichkwong
    ac = 160.63863949198057
    b = 0.4769538347774228
    k = 1.9838411537425
/
