&names
    formula_extended = 'CH3(CH2)18CH3'
    iupac = 'N-Eicosane'
/

&pengrobinson
    ac = 160.7214235483384
    b = 0.42824823934928197
    k = 1.6035872014960086
/

&pure
    a = 0.21624
    acentric_factor = 0.906878
    b = 0.25287
    c = 768.0
    d = 0.31613
    pc = 11.6
    tc = 768.0
    vc = 1.17
    vc_rat = 1.168
/

&rkpr
    ac = 186.95237445675122
    b = 0.3218277825137768
    del1 = 6.083575187924991
    k = 3.3457754052147277
/

&soaveredlichkwong
    ac = 150.26223319840292
    b = 0.4769338022756471
    k = 1.7635011232953
/
