&names
    formula_extended = 'C6H5NHC2H5'
    iupac = 'N-Ethylaniline'
/

&pengrobinson
    ac = 43.08452278018045
    b = 0.1262137951048328
    k = 0.9680999690933109
/

&pure
    a = 0.57368
    acentric_factor = 0.414931
    b = 0.24402
    c = 698.55
    d = 0.27278
    pc = 35.8
    tc = 698.55
    vc = 0.426
    vc_rat = 1.168
/

&rkpr
    ac = 43.16342101968418
    b = 0.12582647761099025
    del1 = 2.4509394919067113
    k = 2.7473520378638145
/

&soaveredlichkwong
    ac = 40.280732128347964
    b = 0.14056245809779366
    k = 1.102972040416825
/
