&names
    formula_extended = 'H2CC(CH3)CH2NH(C2H5)'
    iupac = 'N-Ethyl-2-Methylallylamine'
/

&pengrobinson
    ac = 30.727822308941082
    b = 0.1130941203365406
    k = 0.8880905157807341
/

&pure
    a = 0.61051
    acentric_factor = 0.354974
    b = 0.24711
    c = 556.0
    d = 0.28571
    pc = 31.8
    tc = 556.0
    vc = 0.405
    vc_rat = 1.168
/

&rkpr
    ac = 29.327958157628736
    b = 0.12198502625520988
    del1 = 1.4758965884831607
    k = 2.8044314814331655
/

&soaveredlichkwong
    ac = 28.728162677556913
    b = 0.1259512681455145
    k = 1.0166779313817
/
