&names
    formula_extended = 'CH3(CH2)5NH2'
    iupac = 'N-Hexylamine'
/

&pengrobinson
    ac = 33.90063973590333
    b = 0.11878950769161818
    k = 1.023948197343312
/

&pure
    a = 0.60851
    acentric_factor = 0.45767
    b = 0.25402
    c = 584.0
    d = 0.25312
    pc = 31.8
    tc = 584.0
    vc = 0.418
    vc_rat = 1.168
/

&rkpr
    ac = 32.83511538640906
    b = 0.1251759628214942
    del1 = 1.7772673196295035
    k = 3.102272450400405
/

&soaveredlichkwong
    ac = 31.694504199306625
    b = 0.13229413776435336
    k = 1.1637167599425
/
