&names
    formula_extended = 'CH3(CH2)25CH3'
    iupac = 'N-Heptacosane'
/

&pengrobinson
    ac = 244.2354556158916
    b = 0.6050784686068269
    k = 1.9694624699953318
/

&pure
    a = 0.15621
    acentric_factor = 1.21357
    b = 0.24681
    c = 826.0
    d = 0.34017
    pc = 8.83
    tc = 826.0
    vc = 1.58
    vc_rat = 1.168
/

&rkpr
    ac = 292.09477852871146
    b = 0.42791267123886173
    del1 = 6.987670607943598
    k = 3.9266623830082032
/

&soaveredlichkwong
    ac = 228.34146299130822
    b = 0.6738670429708646
    k = 2.1324275546425002
/
