&names
    formula_extended = 'CH3COOCH2(CH2)4CH3'
    iupac = 'N-Hexyl Acetate'
/

&pengrobinson
    ac = 47.528329818898925
    b = 0.15737912043999822
    k = 1.1356920474742798
/

&pure
    a = 0.53532
    acentric_factor = 0.539588
    b = 0.26444
    c = 618.0
    d = 0.30165
    pc = 25.4
    tc = 618.0
    vc = 0.494
    vc_rat = 1.168
/

&rkpr
    ac = 50.31811839274695
    b = 0.14242261975909326
    del1 = 3.6170132206169043
    k = 2.8491338854883423
/

&soaveredlichkwong
    ac = 44.43535168558324
    b = 0.17527082522113163
    k = 1.2783593502947999
/
