&names
    formula_extended = '(C6H5)(CH2)6CH3'
    iupac = 'N-Heptylbenzene'
/

&pengrobinson
    ac = 73.91783692209516
    b = 0.21185273423084464
    k = 1.1192471115689075
/

&pure
    a = 0.40009
    acentric_factor = 0.527166
    b = 0.25919
    c = 714.0
    d = 0.30709
    pc = 21.8
    tc = 714.0
    vc = 0.648
    vc_rat = 1.168
/

&rkpr
    ac = 79.7291215527533
    b = 0.18520490441744625
    del1 = 4.0474790766410305
    k = 2.6926999570214223
/

&soaveredlichkwong
    ac = 69.10752159788352
    b = 0.2359372923814877
    k = 1.2611260854777
/
