&names
    formula_extended = 'CH3(CH2)15CH3'
    iupac = 'N-Heptadecane'
/

&pengrobinson
    ac = 127.77919561852505
    b = 0.3552755915994665
    k = 1.4328436937525053
/

&pure
    a = 0.2545
    acentric_factor = 0.769688
    b = 0.254
    c = 736.0
    d = 0.31072
    pc = 13.4
    tc = 736.0
    vc = 1.0
    vc_rat = 1.168
/

&rkpr
    ac = 145.83040004456328
    b = 0.27787856613035766
    del1 = 5.517671362332142
    k = 3.0870986659183863
/

&soaveredlichkwong
    ac = 119.46377070360174
    b = 0.3956652314898714
    k = 1.5878154789648
/
