&names
    formula_extended = 'CH3(CH2)5COOH'
    iupac = 'N-Heptanoic Acid'
/

&pengrobinson
    ac = 47.65072562145131
    b = 0.14396982560430346
    k = 1.4160125243428763
/

&pure
    a = 0.52645
    acentric_factor = 0.756364
    b = 0.24638
    c = 677.3
    d = 0.28113
    pc = 30.43
    tc = 677.3
    vc = 0.468
    vc_rat = 1.168
/

&rkpr
    ac = 49.15004875323217
    b = 0.136514304012187
    del1 = 3.049823095483294
    k = 3.7114276796547547
/

&soaveredlichkwong
    ac = 44.54978239568768
    b = 0.16033708963463922
    k = 1.5704017984132002
/
