&names
    formula_extended = 'CH3(CH2)14COOH'
    iupac = 'N-Hexadecanoic Acid'
/

&pengrobinson
    ac = 128.9946462222773
    b = 0.33626763137370325
    k = 1.6960221899367516
/

&pure
    a = 0.29209
    acentric_factor = 0.982707
    b = 0.26779
    c = 785.0
    d = 0.30146
    pc = 15.1
    tc = 785.0
    vc = 0.917
    vc_rat = 1.168
/

&rkpr
    ac = 150.22255181847328
    b = 0.2520759035369663
    del1 = 6.119568903185996
    k = 3.5406672868979356
/

&soaveredlichkwong
    ac = 120.60012401624665
    b = 0.3744963441226927
    k = 1.8577810346264247
/
