&names
    formula_extended = 'CH3(CH2)4CH3'
    iupac = 'N-Hexane'
/

&pengrobinson
    ac = 26.92323037927229
    b = 0.10853969322515788
    k = 0.8147653391825397
/

&pure
    a = 0.70824
    acentric_factor = 0.301261
    b = 0.26411
    c = 507.6
    d = 0.27537
    pc = 30.25
    tc = 507.6
    vc = 0.371
    vc_rat = 1.168
/

&rkpr
    ac = 26.702433759682098
    b = 0.11004056064700539
    del1 = 2.249671940153776
    k = 2.38127476016287
/

&soaveredlichkwong
    ac = 25.17116033686576
    b = 0.12087906926684634
    k = 0.938302130728825
/
