&names
    formula_extended = 'CH3(CH2)5SH'
    iupac = 'N-Hexyl Mercaptan'
/

&pengrobinson
    ac = 39.83223691582833
    b = 0.1308367312689982
    k = 0.905773734653426
/

&pure
    a = 0.66372
    acentric_factor = 0.368101
    b = 0.27345
    c = 623.0
    d = 0.29185
    pc = 30.8
    tc = 623.0
    vc = 0.412
    vc_rat = 1.168
/

&rkpr
    ac = 42.07178208354284
    b = 0.11890888272812382
    del1 = 3.5645779245866107
    k = 2.2688851746725955
/

&soaveredlichkwong
    ac = 37.24009369827479
    b = 0.14571095450679986
    k = 1.035678763414825
/
