&names
    formula_extended = 'CH3(CH2)14CH3'
    iupac = 'N-Hexadecane'
/

&pengrobinson
    ac = 118.02061638193196
    b = 0.3340431858049254
    k = 1.3665386313234402
/

&pure
    a = 0.26807
    acentric_factor = 0.717404
    b = 0.25287
    c = 723.0
    d = 0.31143
    pc = 14.0
    tc = 723.0
    vc = 0.944
    vc_rat = 1.168
/

&rkpr
    ac = 134.34371750638974
    b = 0.2626743224949142
    del1 = 5.44351713999501
    k = 2.9499469685384008
/

&soaveredlichkwong
    ac = 110.34024580840924
    b = 0.3720190116188055
    k = 1.5191269086372001
/
