&names
    formula_extended = 'CH3(CH2)34CH3'
    iupac = 'N-Hexatriacontane'
/

&pengrobinson
    ac = 355.0775970157703
    b = 0.8313710075480163
    k = 2.322089524198747
/

&pure
    a = 0.11896
    acentric_factor = 1.52596
    b = 0.2486
    c = 874.0
    d = 0.34024
    pc = 6.8
    tc = 874.0
    vc = 2.09
    vc_rat = 1.168
/

&rkpr
    ac = 434.23510751704674
    b = 0.5586666350922053
    del1 = 7.792550621172132
    k = 4.438778198960616
/

&soaveredlichkwong
    ac = 331.9703839623178
    b = 0.9258857347180262
    k = 2.47436410372
/
