&names
    formula_extended = 'HCO2(CH2)6CH3'
    iupac = 'N-Heptyl Formate'
/

&pengrobinson
    ac = 49.07890791701133
    b = 0.15992570814938328
    k = 1.127907779523356
/

&pure
    a = 0.53381
    acentric_factor = 0.533704
    b = 0.2637
    c = 628.0
    d = 0.3034
    pc = 25.4
    tc = 628.0
    vc = 0.494
    vc_rat = 1.168
/

&rkpr
    ac = 52.56725898221189
    b = 0.14165744692151147
    del1 = 3.8827415878757527
    k = 2.757740346962613
/

&soaveredlichkwong
    ac = 45.88502356271683
    b = 0.1781069227166192
    k = 1.2702031030671999
/
