&names
    formula_extended = 'CH3(CH2)5I'
    iupac = 'N-Hexyl Iodide'
/

&pengrobinson
    ac = 41.977462310617014
    b = 0.12878740195480662
    k = 0.9460402154405613
/

&pure
    a = 0.60407
    acentric_factor = 0.398254
    b = 0.26999
    c = 667.0
    d = 0.28571
    pc = 33.5
    tc = 667.0
    vc = 0.449
    vc_rat = 1.168
/

&rkpr
    ac = 40.97021392106365
    b = 0.13404898338485455
    del1 = 1.9303405879716073
    k = 2.838882530751307
/

&soaveredlichkwong
    ac = 39.245715297550404
    b = 0.14342864641507838
    k = 1.0790957025096999
/
