&names
    formula_extended = 'CH3(CH2)19CH3'
    iupac = 'N-Heneicosane'
/

&pengrobinson
    ac = 172.36359148454738
    b = 0.4533660274117164
    k = 1.646573145055504
/

&pure
    a = 0.20386
    acentric_factor = 0.942004
    b = 0.25075
    c = 778.0
    d = 0.32255
    pc = 11.1
    tc = 778.0
    vc = 1.23
    vc_rat = 1.168
/

&rkpr
    ac = 201.37391734346244
    b = 0.3375239956220018
    del1 = 6.219546172487781
    k = 3.410644069386006
/

&soaveredlichkwong
    ac = 161.14676940237365
    b = 0.5049071155660262
    k = 1.8074242771972
/
