&names
    formula_extended = 'CH3(CH2)4COOH'
    iupac = 'N-Hexanoic Acid'
/

&pengrobinson
    ac = 41.64806788771518
    b = 0.12909290515627336
    k = 1.3824058417334855
/

&pure
    a = 0.61351
    acentric_factor = 0.729866
    b = 0.253
    c = 660.2
    d = 0.25013
    pc = 33.08
    tc = 660.2
    vc = 0.413
    vc_rat = 1.168
/

&rkpr
    ac = 43.47730650511899
    b = 0.11983113407706261
    del1 = 3.3066207923339213
    k = 3.5515006622616045
/

&soaveredlichkwong
    ac = 38.93775671620147
    b = 0.14376888086345418
    k = 1.5355858178577
/
