&names
    formula_extended = '(C6H5)(CH2)15CH3'
    iupac = 'N-Hexadecylbenzene'
/

&pengrobinson
    ac = 166.53756329395858
    b = 0.41662174925539974
    k = 1.5945850140224265
/

&pure
    a = 0.22406
    acentric_factor = 0.899552
    b = 0.25542
    c = 818.0
    d = 0.34936
    pc = 12.7
    tc = 818.0
    vc = 1.14
    vc_rat = 1.168
/

&rkpr
    ac = 193.52905806430522
    b = 0.31374190292832693
    del1 = 6.053606739611304
    k = 3.3324321768091436
/

&soaveredlichkwong
    ac = 155.6998788306794
    b = 0.46398555026176597
    k = 1.7542859328768
/
