&names
    formula_extended = '(C6H5)(CH2)5CH3'
    iupac = 'N-Hexylbenzene'
/

&pengrobinson
    ac = 64.70579951139092
    b = 0.18970152444214294
    k = 1.0514056125711435
/

&pure
    a = 0.4405
    acentric_factor = 0.478964
    b = 0.26114
    c = 698.0
    d = 0.29621
    pc = 23.8
    tc = 698.0
    vc = 0.593
    vc_rat = 1.168
/

&rkpr
    ac = 68.7106733832492
    b = 0.1707279029770176
    del1 = 3.6850947066190285
    k = 2.6255989124866836
/

&soaveredlichkwong
    ac = 60.494971490502614
    b = 0.21126781393696706
    k = 1.1937431961732001
/
