&names
    formula_extended = 'CH3(CH2)5CH3'
    iupac = 'N-Heptane'
/

&pengrobinson
    ac = 33.66417040124915
    b = 0.12752530542879376
    k = 0.8806471130970869
/

&pure
    a = 0.61259
    acentric_factor = 0.349469
    b = 0.26211
    c = 540.2
    d = 0.28141
    pc = 27.4
    tc = 540.2
    vc = 0.428
    vc_rat = 1.168
/

&rkpr
    ac = 33.87662591464252
    b = 0.12618031160327278
    del1 = 2.540827796439614
    k = 2.4806829155193744
/

&soaveredlichkwong
    ac = 31.473423465179167
    b = 0.14202306796855674
    k = 1.008691704156825
/
