&names
    formula_extended = 'CH3(CH2)24CH3'
    iupac = 'N-Hexacosane'
/

&pengrobinson
    ac = 232.98916813333653
    b = 0.5821499503654303
    k = 1.9005299076063542
/

&pure
    a = 0.16242
    acentric_factor = 1.15444
    b = 0.24689
    c = 819.0
    d = 0.34102
    pc = 9.1
    tc = 819.0
    vc = 1.52
    vc_rat = 1.168
/

&rkpr
    ac = 278.6588116223264
    b = 0.41165086207397883
    del1 = 6.989411973245256
    k = 3.786239272300826
/

&soaveredlichkwong
    ac = 217.82704472017016
    b = 0.6483318874684578
    k = 2.0638605101199996
/
