&names
    formula_extended = 'CH3CO2(CH2)6CH3'
    iupac = 'N-Heptyl Acetate'
/

&pengrobinson
    ac = 55.046823541914236
    b = 0.1768381108167759
    k = 1.2076402007011104
/

&pure
    a = 0.47998
    acentric_factor = 0.594315
    b = 0.26254
    c = 637.0
    d = 0.31396
    pc = 23.3
    tc = 637.0
    vc = 0.547
    vc_rat = 1.168
/

&rkpr
    ac = 58.90059064176481
    b = 0.1569286740442785
    del1 = 3.8596038880381376
    k = 2.9633358610041407
/

&soaveredlichkwong
    ac = 51.4645680287839
    b = 0.19694201827248814
    k = 1.353640004135625
/
