&names
    formula_extended = 'CH3(CH2)6SH'
    iupac = 'N-Heptyl Mercaptan'
/

&pengrobinson
    ac = 47.47325168477663
    b = 0.15061641315110408
    k = 0.97815180582869
/

&pure
    a = 0.58622
    acentric_factor = 0.422568
    b = 0.2726
    c = 645.0
    d = 0.29644
    pc = 27.7
    tc = 645.0
    vc = 0.465
    vc_rat = 1.168
/

&rkpr
    ac = 50.866640924262725
    b = 0.1333180026854631
    del1 = 3.8915019740573116
    k = 2.376963827399903
/

&soaveredlichkwong
    ac = 44.38385784455757
    b = 0.1677392969984578
    k = 1.1138733819408
/
