&names
    formula_extended = '(C6H5)(CH2)16CH3'
    iupac = 'N-Heptadecylbenzene'
/

&pengrobinson
    ac = 178.23132835440683
    b = 0.44155726262795714
    k = 1.6190193800173864
/

&pure
    a = 0.21338
    acentric_factor = 0.919461
    b = 0.25607
    c = 826.0
    d = 0.33632
    pc = 12.1
    tc = 826.0
    vc = 1.2
    vc_rat = 1.168
/

&rkpr
    ac = 208.0083306372318
    b = 0.3294833058811656
    del1 = 6.186350699193847
    k = 3.3572956758152017
/

&soaveredlichkwong
    ac = 166.6326543977894
    b = 0.49175586689526735
    k = 1.7792851211588252
/
