&names
    formula_extended = 'CH3(CH2)6NH2'
    iupac = 'N-Heptylamine'
/

&pengrobinson
    ac = 40.864090906068455
    b = 0.13776414030090298
    k = 1.093411125613357
/

&pure
    a = 0.53767
    acentric_factor = 0.507715
    b = 0.25324
    c = 607.0
    d = 0.26424
    pc = 28.5
    tc = 607.0
    vc = 0.471
    vc_rat = 1.168
/

&rkpr
    ac = 40.521517828916345
    b = 0.13971167297847645
    del1 = 2.2460109094200496
    k = 3.140181141087673
/

&soaveredlichkwong
    ac = 38.20479822543157
    b = 0.15342590865237968
    k = 1.234032868785625
/
