&names
    formula_extended = 'CH3(CH2)15CO2H'
    iupac = 'N-Heptadecanoic Acid'
/

&pengrobinson
    ac = 139.001554372959
    b = 0.35869845426556807
    k = 1.750442775000076
/

&pure
    a = 0.27309
    acentric_factor = 1.02787
    b = 0.26462
    c = 793.0
    d = 0.31524
    pc = 14.3
    tc = 793.0
    vc = 0.969
    vc_rat = 1.168
/

&rkpr
    ac = 162.83079666236367
    b = 0.26551299120849264
    del1 = 6.303629420953594
    k = 3.6173357962322292
/

&soaveredlichkwong
    ac = 129.95581744488587
    b = 0.399477223591676
    k = 1.9129769510425003
/
