&names
    formula_extended = 'HCO2(CH2)5CH3'
    iupac = 'N-Hexyl Formate'
/

&pengrobinson
    ac = 41.59380681510539
    b = 0.14022421423484768
    k = 1.05658221312
/

&pure
    a = 0.6094
    acentric_factor = 0.483
    b = 0.26934
    c = 607.0
    d = 0.2759
    pc = 28.0
    tc = 607.0
    vc = 0.442
    vc_rat = 1.168
/

&rkpr
    ac = 43.90037044787903
    b = 0.12760978936795767
    del1 = 3.548294212890378
    k = 2.676283079155472
/

&soaveredlichkwong
    ac = 38.88702676517141
    b = 0.1561656570211722
    k = 1.199416425
/
