&names
    formula_extended = 'CH3(C4H6N)S'
    iupac = 'N-Methylthiopyrrolidone'
/

&pengrobinson
    ac = 55.25417841087022
    b = 0.13011530526428983
    k = 0.7265767672891829
/

&pure
    a = 0.59791
    acentric_factor = 0.238119
    b = 0.207
    c = 869.0
    d = 0.28571
    pc = 43.2
    tc = 869.0
    vc = 0.347
    vc_rat = 1.168
/

&rkpr
    ac = 65.24281329144017
    b = 0.09466161912688847
    del1 = 6.559232579136672
    k = 1.1714180550729056
/

&soaveredlichkwong
    ac = 51.65842896521666
    b = 0.14490751291411774
    k = 0.8448766908218249
/
