&names
    formula_extended = '(C4H4N)CH3'
    iupac = 'N-Methylpyrrole'
/

&pengrobinson
    ac = 24.657589067933376
    b = 0.08271872110946014
    k = 0.6906612993111116
/

&pure
    a = 0.83268
    acentric_factor = 0.212836
    b = 0.23565
    c = 610.0
    d = 0.34379
    pc = 47.7
    tc = 610.0
    vc = 0.283
    vc_rat = 1.168
/

&rkpr
    ac = 24.437408168696066
    b = 0.08396471523336199
    del1 = 2.23503542469486
    k = 2.040961335546519
/

&soaveredlichkwong
    ac = 23.052959069404036
    b = 0.09212263017837391
    k = 0.8070765104932
/
