&names
    formula_extended = '-C(O)N(CH3)CH2CH2CH2-'
    iupac = 'N-Methyl-2-Pyrrolidone'
/

&pengrobinson
    ac = 36.413626546502876
    b = 0.10326435697730933
    k = 0.912677784539652
/

&pure
    a = 0.83172
    acentric_factor = 0.373245
    b = 0.25782
    c = 721.6
    d = 0.28269
    pc = 45.2
    tc = 721.6
    vc = 0.31
    vc_rat = 1.168
/

&rkpr
    ac = 39.79668755158677
    b = 0.088044039015289
    del1 = 4.366056473861017
    k = 2.0877491067007026
/

&soaveredlichkwong
    ac = 34.04395458259825
    b = 0.11500400442410008
    k = 1.043108059745625
/
