&names
    formula_extended = 'HCONHCH3'
    iupac = 'N-Methylformamide'
/

&pengrobinson
    ac = 29.23772207028549
    b = 0.08298341522607258
    k = 0.9616564518069043
/

&pure
    a = 1.0431
    acentric_factor = 0.410048
    b = 0.22427
    c = 721.0
    d = 0.2747
    pc = 56.2
    tc = 721.0
    vc = 0.215
    vc_rat = 1.168
/

&rkpr
    ac = 35.13065704079739
    b = 0.05807194097303511
    del1 = 7.149954380504215
    k = 1.6499173978421764
/

&soaveredlichkwong
    ac = 27.33503297146941
    b = 0.09241741614566193
    k = 1.0959911635968003
/
