&names
    formula_extended = '-N(CH3)CH2CH2CH2CH2-'
    iupac = 'N-Methylpyrrolidine'
/

&pengrobinson
    ac = 22.765930629149718
    b = 0.08470435785740385
    k = 0.7090563471188519
/

&pure
    a = 0.91845
    acentric_factor = 0.225755
    b = 0.27546
    c = 550.0
    d = 0.28571
    pc = 42.0
    tc = 550.0
    vc = 0.3
    vc_rat = 1.168
/

&rkpr
    ac = 21.931619073066067
    b = 0.09003138267488561
    del1 = 1.6680082188964032
    k = 2.245987370486653
/

&soaveredlichkwong
    ac = 21.28440317197106
    b = 0.09433400479038406
    k = 0.826419438995625
/
