&names
    formula_extended = '(C6H5)NHCH3'
    iupac = 'N-Methylaniline'
/

&pengrobinson
    ac = 29.917357689871075
    b = 0.08726651659804861
    k = 1.0462947982430957
/

&pure
    a = 0.65241
    acentric_factor = 0.474986
    b = 0.24314
    c = 701.55
    d = 0.25399
    pc = 52.0
    tc = 701.55
    vc = 0.373
    vc_rat = 1.168
/

&rkpr
    ac = 27.603684484423574
    b = 0.0991482322958272
    del1 = 0.41421356237309515
    k = 3.4539231005351674
/

&soaveredlichkwong
    ac = 27.97044027253401
    b = 0.09718744351570438
    k = 1.1881459164657
/
