&names
    formula_extended = 'CH3NHCOCH3'
    iupac = 'N-Methylacetamide'
/

&pengrobinson
    ac = 32.72117309633873
    b = 0.09325829191485473
    k = 0.9945926093599157
/

&pure
    a = 0.88268
    acentric_factor = 0.435111
    b = 0.23568
    c = 718.0
    d = 0.27379
    pc = 49.8
    tc = 718.0
    vc = 0.267
    vc_rat = 1.168
/

&rkpr
    ac = 36.92975131028684
    b = 0.07462417492755455
    del1 = 5.204459915741439
    k = 2.109017991630088
/

&soaveredlichkwong
    ac = 30.591793139814992
    b = 0.10386039607370653
    k = 1.1317334370938252
/
