&names
    formula_extended = '(C6H11)NHCH3'
    iupac = 'N-Methylcyclohexylamine'
/

&pengrobinson
    ac = 35.040045545210575
    b = 0.11528088797430677
    k = 0.9290763562203629
/

&pure
    a = 0.6748
    acentric_factor = 0.385506
    b = 0.26542
    c = 622.0
    d = 0.2857
    pc = 34.9
    tc = 622.0
    vc = 0.393
    vc_rat = 1.168
/

&rkpr
    ac = 34.82654103018783
    b = 0.11646372625504506
    del1 = 2.291992118049322
    k = 2.6859522517094225
/

&soaveredlichkwong
    ac = 32.75976144781679
    b = 0.1283866392885644
    k = 1.0607788406937
/
