&names
    formula_extended = 'CH3(CH2)8SH'
    iupac = 'N-Nonyl Mercaptan'
/

&pengrobinson
    ac = 63.45875735239731
    b = 0.19068981058146126
    k = 1.1177543466866444
/

&pure
    a = 0.47377
    acentric_factor = 0.52604
    b = 0.27052
    c = 681.0
    d = 0.30284
    pc = 23.1
    tc = 681.0
    vc = 0.571
    vc_rat = 1.168
/

&rkpr
    ac = 69.47695695871668
    b = 0.16203255463096716
    del1 = 4.409774437052893
    k = 2.596889708848239
/

&soaveredlichkwong
    ac = 59.32908249097804
    b = 0.21236845375950922
    k = 1.25956129572
/
