&names
    formula_extended = 'CH3(CH2)7CH3'
    iupac = 'N-Nonane'
/

&pengrobinson
    ac = 48.800429798733205
    b = 0.16795068437034683
    k = 1.005489023809728
/

&pure
    a = 0.48387
    acentric_factor = 0.44346
    b = 0.26147
    c = 594.6
    d = 0.28281
    pc = 22.9
    tc = 594.6
    vc = 0.544
    vc_rat = 1.168
/

&rkpr
    ac = 50.472887009267986
    b = 0.15849360534780707
    del1 = 3.107340003026354
    k = 2.660732653464369
/

&soaveredlichkwong
    ac = 45.62466783026045
    b = 0.18704422139191898
    k = 1.14359110497
/
