&names
    formula_extended = 'HCO2(CH2)8CH3'
    iupac = 'N-Nonyl Formate'
/

&pengrobinson
    ac = 63.56282999544026
    b = 0.19828160303204684
    k = 1.280561176973309
/

&pure
    a = 0.39235
    acentric_factor = 0.650419
    b = 0.25071
    c = 656.0
    d = 0.28571
    pc = 21.4
    tc = 656.0
    vc = 0.639
    vc_rat = 1.168
/

&rkpr
    ac = 65.9927041107777
    b = 0.18585737828572726
    del1 = 3.188751025374238
    k = 3.335428937839327
/

&soaveredlichkwong
    ac = 59.426382448962734
    b = 0.22082332200379454
    k = 1.429726652776825
/
