&names
    formula_extended = 'CH3(CH2)7COOH'
    iupac = 'N-Nonanoic Acid'
/

&pengrobinson
    ac = 63.5062804738084
    b = 0.18285776086127076
    k = 1.4362022845730864
/

&pure
    a = 0.45184
    acentric_factor = 0.772351
    b = 0.25303
    c = 710.7
    d = 0.31146
    pc = 25.14
    tc = 710.7
    vc = 0.56
    vc_rat = 1.168
/

&rkpr
    ac = 68.43923043623445
    b = 0.16011981041889997
    del1 = 4.026787431242147
    k = 3.4731649339411717
/

&soaveredlichkwong
    ac = 59.37351297320086
    b = 0.20364601450713027
    k = 1.591288412239825
/
