&names
    formula_extended = 'CH3CO2(CH2)8CH3'
    iupac = 'N-Nonyl Acetate'
/

&pengrobinson
    ac = 69.39995073044336
    b = 0.2148526617484921
    k = 1.3488867005918916
/

&pure
    a = 0.39869
    acentric_factor = 0.703577
    b = 0.26034
    c = 661.0
    d = 0.32892
    pc = 19.9
    tc = 661.0
    vc = 0.653
    vc_rat = 1.168
/

&rkpr
    ac = 75.19453376698912
    b = 0.18623387559817112
    del1 = 4.1552439606851514
    k = 3.229114951565691
/

&soaveredlichkwong
    ac = 64.88364370092319
    b = 0.23927826779265807
    k = 1.500801593887425
/
