&names
    formula_extended = 'CH3(CH2)17CH3'
    iupac = 'N-Nonadecane'
/

&pengrobinson
    ac = 150.0936643596161
    b = 0.4052063015399413
    k = 1.536126369540926
/

&pure
    a = 0.22451
    acentric_factor = 0.852231
    b = 0.25133
    c = 758.0
    d = 0.3133
    pc = 12.1
    tc = 758.0
    vc = 1.12
    vc_rat = 1.168
/

&rkpr
    ac = 173.31008313784554
    b = 0.3093013439082518
    del1 = 5.8600389634425145
    k = 3.244833479056954
/

&soaveredlichkwong
    ac = 140.32609155446107
    b = 0.4512723330588531
    k = 1.694309500461825
/
