&names
    formula_extended = 'CH3(CH2)27CH3'
    iupac = 'N-Nonacosane'
/

&pengrobinson
    ac = 268.73071615750024
    b = 0.6562303718136003
    k = 2.0291840774992385
/

&pure
    a = 0.14829
    acentric_factor = 1.26531
    b = 0.25061
    c = 838.0
    d = 0.32432
    pc = 8.26
    tc = 838.0
    vc = 1.69
    vc_rat = 1.168
/

&rkpr
    ac = 324.04850155420166
    b = 0.45552543547709257
    del1 = 7.2761531747232615
    k = 3.9870856511158053
/

&soaveredlichkwong
    ac = 251.24265730938757
    b = 0.7308341696241157
    k = 2.1914212956825
/
