&names
    formula_extended = 'CH3(CH2)8NH2'
    iupac = 'N-Nonylamine'
/

&pengrobinson
    ac = 56.24026111022613
    b = 0.17760506960301256
    k = 1.2373067496066132
/

&pure
    a = 0.43803
    acentric_factor = 0.617062
    b = 0.253
    c = 648.0
    d = 0.28571
    pc = 23.6
    tc = 648.0
    vc = 0.577
    vc_rat = 1.168
/

&rkpr
    ac = 58.03560268449967
    b = 0.16827648695345104
    del1 = 3.0591939406203026
    k = 3.265483392443494
/

&soaveredlichkwong
    ac = 52.58034083764956
    b = 0.19779616905817354
    k = 1.3846216234273
/
