&names
    formula_extended = '(C6H5)(CH2)8CH3'
    iupac = 'N-Nonylbenzene'
/

&pengrobinson
    ac = 91.58756678391325
    b = 0.25293058529509455
    k = 1.2580923068454943
/

&pure
    a = 0.34602
    acentric_factor = 0.633063
    b = 0.26049
    c = 741.0
    d = 0.31465
    pc = 18.95
    tc = 741.0
    vc = 0.753
    vc_rat = 1.168
/

&rkpr
    ac = 100.6759109720884
    b = 0.21326123767688634
    del1 = 4.509966672174637
    k = 2.9168122801978837
/

&soaveredlichkwong
    ac = 85.62736699516341
    b = 0.28168509446738627
    k = 1.4063066286554249
/
