&names
    formula_extended = 'CH3(CH2)26CH3'
    iupac = 'N-Octacosane'
/

&pengrobinson
    ac = 257.4168943824857
    b = 0.6331356322928601
    k = 1.9971752986178173
/

&pure
    a = 0.1536
    acentric_factor = 1.23752
    b = 0.25034
    c = 832.0
    d = 0.32973
    pc = 8.5
    tc = 832.0
    vc = 1.63
    vc_rat = 1.168
/

&rkpr
    ac = 310.4646253631359
    b = 0.43930426262272443
    del1 = 7.282912665508124
    k = 3.9221904896767703
/

&soaveredlichkwong
    ac = 240.6650996422786
    b = 0.7051138959134076
    k = 2.15985172368
/
