&names
    formula_extended = '(C6H5)(CH2)7CH3'
    iupac = 'N-Octylbenzene'
/

&pengrobinson
    ac = 83.15971777406273
    b = 0.23343636623564282
    k = 1.1718856740245445
/

&pure
    a = 0.36928
    acentric_factor = 0.567041
    b = 0.25952
    c = 729.0
    d = 0.30826
    pc = 20.2
    tc = 729.0
    vc = 0.703
    vc_rat = 1.168
/

&rkpr
    ac = 90.68534913719101
    b = 0.19987459369107713
    del1 = 4.31169200621813
    k = 2.755849227593645
/

&soaveredlichkwong
    ac = 77.74797303933393
    b = 0.2599746677472529
    k = 1.316253822255825
/
