&names
    formula_extended = 'CH3(CH2)7SH'
    iupac = 'N-Octyl Mercaptan'
/

&pengrobinson
    ac = 55.85358174128557
    b = 0.17128247878256242
    k = 1.0136655533185228
/

&pure
    a = 0.52577
    acentric_factor = 0.449744
    b = 0.27234
    c = 667.3
    d = 0.30063
    pc = 25.2
    tc = 667.3
    vc = 0.518
    vc_rat = 1.168
/

&rkpr
    ac = 60.72875346505785
    b = 0.14748538890589719
    del1 = 4.239663431441444
    k = 2.3830306279910305
/

&soaveredlichkwong
    ac = 52.21882521499032
    b = 0.19075479211097968
    k = 1.1524998645312
/
