&names
    formula_extended = 'CH3(CH2)6COOH'
    iupac = 'N-Octanoic Acid'
/

&pengrobinson
    ac = 54.823285746521286
    b = 0.16159426833821264
    k = 1.4340256470891704
/

&pure
    a = 0.52887
    acentric_factor = 0.770625
    b = 0.26354
    c = 694.26
    d = 0.28099
    pc = 27.79
    tc = 694.26
    vc = 0.499
    vc_rat = 1.168
/

&rkpr
    ac = 58.73293898091603
    b = 0.14307638459909802
    del1 = 3.8878921774193134
    k = 3.5068991938982594
/

&soaveredlichkwong
    ac = 51.255577294391294
    b = 0.1799651738010681
    k = 1.5890377441406252
/
