&names
    formula_extended = 'CH3CO2(CH2)7CH3'
    iupac = 'N-Octyl Acetate'
/

&pengrobinson
    ac = 62.49799013112599
    b = 0.1961559522678349
    k = 1.2874866660630786
/

&pure
    a = 0.44016
    acentric_factor = 0.655781
    b = 0.26409
    c = 652.0
    d = 0.30911
    pc = 21.5
    tc = 652.0
    vc = 0.6
    vc_rat = 1.168
/

&rkpr
    ac = 67.41049430746541
    b = 0.1714871953785484
    del1 = 4.047136640672027
    k = 3.109327855415972
/

&soaveredlichkwong
    ac = 58.430838653505845
    b = 0.2184560158291651
    k = 1.436940768006825
/
