&names
    formula_extended = 'CH3(CH2)7NH2'
    iupac = 'N-Octylamine'
/

&pengrobinson
    ac = 48.16423816732578
    b = 0.1571955292330425
    k = 1.1749230735380054
/

&pure
    a = 0.48126
    acentric_factor = 0.569352
    b = 0.25218
    c = 627.0
    d = 0.2798
    pc = 25.8
    tc = 627.0
    vc = 0.524
    vc_rat = 1.168
/

&rkpr
    ac = 48.72745990428858
    b = 0.15413362688517357
    del1 = 2.64901072804044
    k = 3.230047076435656
/

&soaveredlichkwong
    ac = 45.02987733396632
    b = 0.17506636237843368
    k = 1.3194317505168
/
