&names
    formula_extended = 'CH3(CH2)16CH3'
    iupac = 'N-Octadecane'
/

&pengrobinson
    ac = 138.88226869175003
    b = 0.3804602037821316
    k = 1.4851958821671842
/

&pure
    a = 0.23864
    acentric_factor = 0.811359
    b = 0.25272
    c = 747.0
    d = 0.31104
    pc = 12.7
    tc = 747.0
    vc = 1.06
    vc_rat = 1.168
/

&rkpr
    ac = 159.5510476794073
    b = 0.2935273089189096
    del1 = 5.709161919993515
    k = 3.1634544639468545
/

&soaveredlichkwong
    ac = 129.84429446026235
    b = 0.4237129658258425
    k = 1.641875966295825
/
