&names
    formula_extended = '(C6H5)(CH2)17CH3'
    iupac = 'N-Octadecylbenzene'
/

&pengrobinson
    ac = 189.53238674178743
    b = 0.4650508224183609
    k = 1.6568888530459565
/

&pure
    a = 0.20621
    acentric_factor = 0.950469
    b = 0.25774
    c = 834.0
    d = 0.33046
    pc = 11.6
    tc = 834.0
    vc = 1.25
    vc_rat = 1.168
/

&rkpr
    ac = 222.7172083632544
    b = 0.3419191610528654
    del1 = 6.402925542024228
    k = 3.3935027749514806
/

&soaveredlichkwong
    ac = 177.19827927406874
    b = 0.5179203009087106
    k = 1.817944725006825
/
