&names
    formula_extended = 'CH3(CH2)6CH3'
    iupac = 'N-Octane'
/

&pengrobinson
    ac = 41.05598055281311
    b = 0.1477325643787685
    k = 0.9477625526739764
/

&pure
    a = 0.53731
    acentric_factor = 0.399552
    b = 0.26115
    c = 568.7
    d = 0.28034
    pc = 24.9
    tc = 568.7
    vc = 0.486
    vc_rat = 1.168
/

&rkpr
    ac = 41.96307815792809
    b = 0.14232998240960285
    del1 = 2.8590106167827254
    k = 2.574052022563328
/

&soaveredlichkwong
    ac = 38.384200362439344
    b = 0.16452759678862652
    k = 1.0809575328768
/
