&names
    formula_extended = 'HCO2(CH2)7CH3'
    iupac = 'N-Octyl Formate'
/

&pengrobinson
    ac = 56.43815758233101
    b = 0.17905899760882327
    k = 1.1981817230176006
/

&pure
    a = 0.48168
    acentric_factor = 0.587085
    b = 0.26348
    c = 645.0
    d = 0.30888
    pc = 23.3
    tc = 645.0
    vc = 0.547
    vc_rat = 1.168
/

&rkpr
    ac = 60.92993674159001
    b = 0.15627150842158374
    del1 = 4.068820988388115
    k = 2.8839015355681537
/

&soaveredlichkwong
    ac = 52.765358896748694
    b = 0.1994153874187674
    k = 1.3437547504856249
/
