&names
    formula_extended = 'CH3(CH2)23CH2'
    iupac = 'N-Pentacosane'
/

&pengrobinson
    ac = 219.3803741172113
    b = 0.5528722335634261
    k = 1.8426293630075656
/

&pure
    a = 0.1713
    acentric_factor = 1.10526
    b = 0.2501
    c = 812.0
    d = 0.32726
    pc = 9.5
    tc = 812.0
    vc = 1.46
    vc_rat = 1.168
/

&rkpr
    ac = 260.5972610658126
    b = 0.3969447179214363
    del1 = 6.7576114460861465
    k = 3.714663696370564
/

&soaveredlichkwong
    ac = 205.10386361055893
    b = 0.615725722367705
    k = 2.0058992981699997
/
