&names
    formula_extended = 'CH3COOCH2(CH2)3CH3'
    iupac = 'N-Pentyl Acetate'
/

&pengrobinson
    ac = 41.06646064791763
    b = 0.14008493992146873
    k = 1.0111032489599323
/

&pure
    a = 0.60006
    acentric_factor = 0.447773
    b = 0.26519
    c = 599.9
    d = 0.29379
    pc = 27.7
    tc = 599.9
    vc = 0.442
    vc_rat = 1.168
/

&rkpr
    ac = 43.31216183394053
    b = 0.12765227472014237
    del1 = 3.532030098321528
    k = 2.559008580295572
/

&soaveredlichkwong
    ac = 38.393998449463275
    b = 0.1560105492548447
    k = 1.149707086582425
/
