&names
    formula_extended = 'CH3(CH2)4SH'
    iupac = 'N-Pentyl Mercaptan'
/

&pengrobinson
    ac = 32.574834113575264
    b = 0.1114715562979594
    k = 0.841488763239012
/

&pure
    a = 0.75345
    acentric_factor = 0.320705
    b = 0.27047
    c = 598.0
    d = 0.30583
    pc = 34.7
    tc = 598.0
    vc = 0.359
    vc_rat = 1.168
/

&rkpr
    ac = 33.836970262685966
    b = 0.10439440122098137
    del1 = 3.1994355855836556
    k = 2.1925488072765593
/

&soaveredlichkwong
    ac = 30.45497738825834
    b = 0.12414424230103674
    k = 0.966790623020625
/
