&names
    formula_extended = '(C6H5)(CH2)14CH3'
    iupac = 'N-Pentadecylbenzene'
/

&pengrobinson
    ac = 155.54452242641017
    b = 0.3934497158275965
    k = 1.5416902124266412
/

&pure
    a = 0.23365
    acentric_factor = 0.856716
    b = 0.25467
    c = 809.0
    d = 0.3444
    pc = 13.3
    tc = 809.0
    vc = 1.09
    vc_rat = 1.168
/

&rkpr
    ac = 179.34189468694262
    b = 0.3012521010154795
    del1 = 5.816402052179935
    k = 3.2672214265126125
/

&soaveredlichkwong
    ac = 145.4222267670618
    b = 0.438179195456961
    k = 1.7000275806852
/
