&names
    formula_extended = 'CH3(CH2)4NH2'
    iupac = 'N-Pentylamine'
/

&pengrobinson
    ac = 27.1964525459016
    b = 0.10027722608715511
    k = 0.9576318095529307
/

&pure
    a = 0.68154
    acentric_factor = 0.407003
    b = 0.24876
    c = 555.0
    d = 0.2519
    pc = 35.8
    tc = 555.0
    vc = 0.365
    vc_rat = 1.168
/

&rkpr
    ac = 25.59886493647312
    b = 0.11052667495439547
    del1 = 1.1681846397143356
    k = 3.0824430274793806
/

&soaveredlichkwong
    ac = 25.42660215669682
    b = 0.11167728042985539
    k = 1.091633719648425
/
