&names
    formula_extended = 'CH3(CH2)3COOH'
    iupac = 'N-Pentanoic Acid'
/

&pengrobinson
    ac = 36.15072783454161
    b = 0.11574186956437985
    k = 1.3423276051865316
/

&pure
    a = 0.7944
    acentric_factor = 0.698449
    b = 0.26639
    c = 639.16
    d = 0.26547
    pc = 35.72
    tc = 639.16
    vc = 0.3362
    vc_rat = 1.168
/

&rkpr
    ac = 40.40900447834354
    b = 0.09442746172079342
    del1 = 4.943418100406952
    k = 3.011354933025261
/

&soaveredlichkwong
    ac = 33.798164402968574
    b = 0.12890002774491088
    k = 1.4939883000198249
/
