&names
    formula_extended = 'CH3(CH2)3CH3'
    iupac = 'N-Pentane'
/

&pengrobinson
    ac = 20.692860932777922
    b = 0.09015358776348252
    k = 0.7454537816117228
/

&pure
    a = 0.84947
    acentric_factor = 0.251506
    b = 0.26726
    c = 469.7
    d = 0.27789
    pc = 33.7
    tc = 469.7
    vc = 0.313
    vc_rat = 1.168
/

&rkpr
    ac = 20.265447637166176
    b = 0.09331757837842834
    del1 = 1.998363435206896
    k = 2.258473419303846
/

&soaveredlichkwong
    ac = 19.34624162962339
    b = 0.10040273245761114
    k = 0.8648007720937
/
