&names
    formula_extended = '(C6H5)(CH2)4CH3'
    iupac = 'N-Pentylbenzene'
/

&pengrobinson
    ac = 56.11234542262102
    b = 0.1688870759743369
    k = 0.998082668094882
/

&pure
    a = 0.46833
    acentric_factor = 0.437782
    b = 0.25746
    c = 679.9
    d = 0.2813
    pc = 26.04
    tc = 679.9
    vc = 0.55
    vc_rat = 1.168
/

&rkpr
    ac = 57.797755152367785
    b = 0.16053105054865416
    del1 = 3.0206165150604347
    k = 2.6651123862148505
/

&soaveredlichkwong
    ac = 52.46074945738237
    b = 0.18808706702927308
    k = 1.1355295790833
/
