&names
    formula_extended = 'CH3(CH2)13CH3'
    iupac = 'N-Pentadecane'
/

&pengrobinson
    ac = 107.05676590068896
    b = 0.30943105469874216
    k = 1.326786576842805
/

&pure
    a = 0.28445
    acentric_factor = 0.68632
    b = 0.25269
    c = 708.0
    d = 0.30786
    pc = 14.8
    tc = 708.0
    vc = 0.889
    vc_rat = 1.168
/

&rkpr
    ac = 120.54767522352846
    b = 0.24876212299946912
    del1 = 5.141123017590941
    k = 2.926947704897743
/

&soaveredlichkwong
    ac = 100.08988452244493
    b = 0.3446088410868379
    k = 1.4778365300800003
/
