&names
    formula_extended = 'HCO2(CH2)4CH3'
    iupac = 'N-Pentyl Formate'
/

&pengrobinson
    ac = 33.55863323689305
    b = 0.1192243098348401
    k = 1.1037097353119418
/

&pure
    a = 0.6623
    acentric_factor = 0.515459
    b = 0.25775
    c = 576.0
    d = 0.3086
    pc = 31.25
    tc = 576.0
    vc = 0.389
    vc_rat = 1.168
/

&rkpr
    ac = 34.51703033090714
    b = 0.11361058882371691
    del1 = 2.9904563320468696
    k = 2.9446724001792193
/

&soaveredlichkwong
    ac = 31.37475429182652
    b = 0.13277837055354014
    k = 1.244835319380825
/
