&names
    formula_extended = 'CH3CH2CH2SH'
    iupac = 'N-Propyl Mercaptan'
/

&pengrobinson
    ac = 19.657562503301257
    b = 0.0749656019597048
    k = 0.7176171432905716
/

&pure
    a = 1.0714
    acentric_factor = 0.231789
    b = 0.27214
    c = 536.6
    d = 0.29481
    pc = 46.3
    tc = 536.6
    vc = 0.254
    vc_rat = 1.168
/

&rkpr
    ac = 19.633613199525897
    b = 0.07511894045664969
    del1 = 2.3897813003618174
    k = 2.073490591382262
/

&soaveredlichkwong
    ac = 18.378316815336422
    b = 0.08348809474815802
    k = 0.835433811408825
/
