&names
    formula_extended = 'CH3(CH2)2NH2'
    iupac = 'N-Propylamine'
/

&pengrobinson
    ac = 16.46858811280151
    b = 0.06781514717161287
    k = 0.7850870971306037
/

&pure
    a = 0.9195
    acentric_factor = 0.279839
    b = 0.23878
    c = 496.95
    d = 0.2461
    pc = 47.4
    tc = 496.95
    vc = 0.26
    vc_rat = 1.168
/

&rkpr
    ac = 15.194981952687964
    b = 0.07704847434115564
    del1 = 0.41421356237309515
    k = 2.6992110115231065
/

&soaveredlichkwong
    ac = 15.396869768951284
    b = 0.07552473780530944
    k = 0.9067623594638251
/
