&names
    formula_extended = 'HCOOCH2CH2CH3'
    iupac = 'N-Propyl Formate'
/

&pengrobinson
    ac = 22.758719218041335
    b = 0.0865662446922613
    k = 0.8251221209705972
/

&pure
    a = 0.915
    acentric_factor = 0.308779
    b = 0.26134
    c = 538.0
    d = 0.28
    pc = 40.2
    tc = 538.0
    vc = 0.285
    vc_rat = 1.168
/

&rkpr
    ac = 23.2476955696303
    b = 0.0834866272360113
    del1 = 2.846669668939527
    k = 2.24339133965218
/

&soaveredlichkwong
    ac = 21.277661054375695
    b = 0.09640756093367336
    k = 0.949332863602825
/
