&names
    formula_extended = '(C5H9)CH2CH2CH3'
    iupac = 'N-Propylcyclopentane'
/

&pengrobinson
    ac = 37.17875958658968
    b = 0.12765318999918926
    k = 0.8496077775554131
/

&pure
    a = 0.62812
    acentric_factor = 0.326642
    b = 0.26881
    c = 596.0
    d = 0.28111
    pc = 30.2
    tc = 596.0
    vc = 0.428
    vc_rat = 1.168
/

&rkpr
    ac = 37.4428910159568
    b = 0.1261383383433968
    del1 = 2.556757545705647
    k = 2.39086274112491
/

&soaveredlichkwong
    ac = 34.75929542987956
    b = 0.1421654911446655
    k = 0.9754628836713001
/
