&names
    formula_extended = '(CH3)2CHCO2C3H7'
    iupac = 'N-Propyl Isobutyrate'
/

&pengrobinson
    ac = 37.36353523569437
    b = 0.13196309907735926
    k = 1.0576149406979307
/

&pure
    a = 0.60017
    acentric_factor = 0.483806
    b = 0.26528
    c = 579.4
    d = 0.29615
    pc = 28.4
    tc = 579.4
    vc = 0.442
    vc_rat = 1.168
/

&rkpr
    ac = 37.659090243980735
    b = 0.13022032024624342
    del1 = 2.572943933334839
    k = 2.9576405713503284
/

&soaveredlichkwong
    ac = 34.932046523431225
    b = 0.14696537386511127
    k = 1.2005487010137
/
