&names
    formula_extended = '(C6H5)CH2CH2CH3'
    iupac = 'N-Propylbenzene'
/

&pengrobinson
    ac = 40.251036349090725
    b = 0.12903313222769874
    k = 0.8737665586350004
/

&pure
    a = 0.57233
    acentric_factor = 0.344391
    b = 0.25171
    c = 638.35
    d = 0.29616
    pc = 32.0
    tc = 638.35
    vc = 0.44
    vc_rat = 1.168
/

&rkpr
    ac = 39.997211628714325
    b = 0.13040351082596444
    del1 = 2.287719308683409
    k = 2.533996419877253
/

&soaveredlichkwong
    ac = 37.631639123364344
    b = 0.14370231262690628
    k = 1.0013155308458248
/
