&names
    formula_extended = 'CH3CH2COOCH2CH2CH3'
    iupac = 'N-Propyl Propionate'
/

&pengrobinson
    ac = 33.39654992802112
    b = 0.12019261502461279
    k = 1.012277411268718
/

&pure
    a = 0.6761
    acentric_factor = 0.448676
    b = 0.26304
    c = 568.6
    d = 0.28901
    pc = 30.6
    tc = 568.6
    vc = 0.389
    vc_rat = 1.168
/

&rkpr
    ac = 34.561862530761225
    b = 0.11330451700042071
    del1 = 3.1201094155217075
    k = 2.6755104143795423
/

&soaveredlichkwong
    ac = 31.22321880005708
    b = 0.13385675788473678
    k = 1.1509867472292001
/
