&names
    formula_extended = '(C6H11)CH2CH2CH3'
    iupac = 'N-Propylcyclohexane'
/

&pengrobinson
    ac = 46.00155298477817
    b = 0.1472830387428511
    k = 0.756729065392548
/

&pure
    a = 0.5597
    acentric_factor = 0.259535
    b = 0.26694
    c = 639.15
    d = 0.3002
    pc = 28.07
    tc = 639.15
    vc = 0.477
    vc_rat = 1.168
/

&rkpr
    ac = 47.58235396588036
    b = 0.13896775680538587
    del1 = 3.1092433235170325
    k = 1.9875549354224475
/

&soaveredlichkwong
    ac = 43.007932169095625
    b = 0.1640269666609131
    k = 0.876720367160625
/
