&names
    formula_extended = 'CH3COO(CH2)2CH3'
    iupac = 'N-Propyl Acetate'
/

&pengrobinson
    ac = 28.429480138666438
    b = 0.10582846964761505
    k = 0.9336040113881683
/

&pure
    a = 0.73041
    acentric_factor = 0.388902
    b = 0.25456
    c = 549.73
    d = 0.27666
    pc = 33.6
    tc = 549.73
    vc = 0.345
    vc_rat = 1.168
/

&rkpr
    ac = 29.26029285669408
    b = 0.10073156296243851
    del1 = 3.0040203921293416
    k = 2.4948642524771443
/

&soaveredlichkwong
    ac = 26.579388609141173
    b = 0.11785961921231326
    k = 1.0656639140192998
/
