&names
    formula_extended = 'CH2C(CH3)COO(CH2)2CH3'
    iupac = 'N-Propyl Methacrylate'
/

&pengrobinson
    ac = 38.9735508083407
    b = 0.13314540674642714
    k = 0.9438348809953818
/

&pure
    a = 0.60359
    acentric_factor = 0.396593
    b = 0.25834
    c = 599.0
    d = 0.30563
    pc = 29.1
    tc = 599.0
    vc = 0.428
    vc_rat = 1.168
/

&rkpr
    ac = 40.540531999290366
    b = 0.12438129027582687
    del1 = 3.2296090411309066
    k = 2.460344862136626
/

&soaveredlichkwong
    ac = 36.43728789131446
    b = 0.1482820926283338
    k = 1.076712330661425
/
