&names
    formula_extended = 'CH3(CH2)2COO(CH2)2CH3'
    iupac = 'N-Propyl N-Butyrate'
/

&pengrobinson
    ac = 40.96137374458148
    b = 0.14118563134475323
    k = 0.9924386393132236
/

&pure
    a = 0.59878
    acentric_factor = 0.433464
    b = 0.26464
    c = 593.7
    d = 0.29713
    pc = 27.2
    tc = 593.7
    vc = 0.442
    vc_rat = 1.168
/

&rkpr
    ac = 43.449413025361764
    b = 0.12731787219148205
    del1 = 3.660505123811484
    k = 2.47493830948587
/

&soaveredlichkwong
    ac = 38.29575023571195
    b = 0.15723637319853898
    k = 1.1293914041232
/
