&names
    formula_extended = 'CH3CH2CH2I'
    iupac = 'N-Propyl Iodide'
/

&pengrobinson
    ac = 22.097885616681044
    b = 0.0762568854797217
    k = 0.7542365878426451
/

&pure
    a = 0.90105
    acentric_factor = 0.257758
    b = 0.2613
    c = 593.0
    d = 0.30121
    pc = 50.3
    tc = 593.0
    vc = 0.29
    vc_rat = 1.168
/

&rkpr
    ac = 20.388935034268194
    b = 0.08663959202731379
    del1 = 0.41421356237309515
    k = 2.609861497889228
/

&soaveredlichkwong
    ac = 20.659832201689635
    b = 0.0849261783231269
    k = 0.8740842343513
/
