&names
    formula_extended = 'CH2CHCOO(CH2)2CH3'
    iupac = 'N-Propyl Acrylate'
/

&pengrobinson
    ac = 31.488392583833587
    b = 0.11324558008818111
    k = 0.9899310245720243
/

&pure
    a = 0.687
    acentric_factor = 0.431548
    b = 0.2597
    c = 569.0
    d = 0.2857
    pc = 32.5
    tc = 569.0
    vc = 0.376
    vc_rat = 1.168
/

&rkpr
    ac = 31.95530686597303
    b = 0.11045384197333108
    del1 = 2.712140550596042
    k = 2.731225741781173
/

&soaveredlichkwong
    ac = 29.439237688507763
    b = 0.12611994665625725
    k = 1.1266656586468
/
