&names
    formula_extended = 'C6H5COOCH2C2H5'
    iupac = 'N-Propyl Benzoate'
/

&pengrobinson
    ac = 55.90892694986037
    b = 0.1611409219335109
    k = 1.110899838989835
/

&pure
    a = 0.52469
    acentric_factor = 0.520873
    b = 0.2634
    c = 710.0
    d = 0.29611
    pc = 28.5
    tc = 710.0
    vc = 0.502
    vc_rat = 1.168
/

&rkpr
    ac = 59.516980344312266
    b = 0.1443626946249996
    del1 = 3.74161945037854
    k = 2.752547032006947
/

&soaveredlichkwong
    ac = 52.27056875019351
    b = 0.1794602885390273
    k = 1.2523750826274251
/
