&names
    formula_extended = 'CH3CH2CH2Cl'
    iupac = 'N-Propyl Chloride'
/

&pengrobinson
    ac = 17.471846101704763
    b = 0.07105986111750758
    k = 0.7118165621444981
/

&pure
    a = 1.087
    acentric_factor = 0.227699
    b = 0.26832
    c = 503.15
    d = 0.28055
    pc = 45.8
    tc = 503.15
    vc = 0.247
    vc_rat = 1.168
/

&rkpr
    ac = 17.09450223990649
    b = 0.07366902082823541
    del1 = 1.9792115935261338
    k = 2.169651076105313
/

&soaveredlichkwong
    ac = 16.3348392229202
    b = 0.07913832828232764
    k = 0.829325029944825
/
