&names
    formula_extended = 'CH3(CH2)12COOH'
    iupac = 'N-Tetradecanoic Acid'
/

&pengrobinson
    ac = 108.81362247985496
    b = 0.2910749751827151
    k = 1.638803047759361
/

&pure
    a = 0.32938
    acentric_factor = 0.935637
    b = 0.2671
    c = 765.0
    d = 0.2957
    pc = 17.0
    tc = 765.0
    vc = 0.811
    vc_rat = 1.168
/

&rkpr
    ac = 125.00393931187466
    b = 0.22457949602372965
    del1 = 5.708321111092578
    k = 3.5088940998677236
/

&soaveredlichkwong
    ac = 101.73241099568385
    b = 0.32416594373422886
    k = 1.799494733740425
/
