&names
    formula_extended = 'CH3(CH2)12CH3'
    iupac = 'N-Tetradecane'
/

&pengrobinson
    ac = 96.68879245905731
    b = 0.2855130329817715
    k = 1.2709883852316013
/

&pure
    a = 0.30545
    acentric_factor = 0.643017
    b = 0.2535
    c = 693.0
    d = 0.30538
    pc = 15.7
    tc = 693.0
    vc = 0.83
    vc_rat = 1.168
/

&rkpr
    ac = 108.02033591700253
    b = 0.23318232517715046
    del1 = 4.929224005235539
    k = 2.844432747081713
/

&soaveredlichkwong
    ac = 90.39662267417152
    b = 0.3179716900323009
    k = 1.419751357099425
/
