&names
    formula_extended = 'CH3(CH2)22CH3'
    iupac = 'N-Tetracosane'
/

&pengrobinson
    ac = 208.4948545016167
    b = 0.5306673016936574
    k = 1.8020068741891746
/

&pure
    a = 0.17544
    acentric_factor = 1.07102
    b = 0.24737
    c = 804.0
    d = 0.3338
    pc = 9.8
    tc = 804.0
    vc = 1.41
    vc_rat = 1.168
/

&rkpr
    ac = 246.74249915877405
    b = 0.38416068022664934
    del1 = 6.633394762413187
    k = 3.655726367821045
/

&soaveredlichkwong
    ac = 194.9267356903827
    b = 0.5909964144270294
    k = 1.9650458079300002
/
