&names
    formula_extended = '(C6H5)(CH2)13CH3'
    iupac = 'N-Tetradecylbenzene'
/

&pengrobinson
    ac = 144.49780762964448
    b = 0.36961901610503506
    k = 1.4871911221907104
/

&pure
    a = 0.2484
    acentric_factor = 0.812954
    b = 0.25584
    c = 800.0
    d = 0.34227
    pc = 14.0
    tc = 800.0
    vc = 1.03
    vc_rat = 1.168
/

&rkpr
    ac = 165.98112775614072
    b = 0.2852392588323694
    del1 = 5.705413986503878
    k = 3.1688585417075896
/

&soaveredlichkwong
    ac = 135.09439368656012
    b = 0.41163929363076684
    k = 1.6439331099296999
/
