&names
    formula_extended = 'CH3(CH2)13NH2'
    iupac = 'N-Tetradecylamine'
/

&pengrobinson
    ac = 99.26030987704844
    b = 0.2813335101498264
    k = 1.5468564172687842
/

&pure
    a = 0.31026
    acentric_factor = 0.860884
    b = 0.26061
    c = 722.0
    d = 0.28792
    pc = 16.6
    tc = 722.0
    vc = 0.84
    vc_rat = 1.168
/

&rkpr
    ac = 108.89087736051735
    b = 0.23813498122557458
    del1 = 4.459520427106709
    k = 3.6137594871566603
/

&soaveredlichkwong
    ac = 92.80079469682488
    b = 0.31331701656775535
    k = 1.7053351952452
/
