&names
    formula_extended = 'CH3(CH2)11COOH'
    iupac = 'N-Tridecanoic Acid'
/

&pengrobinson
    ac = 99.28266733712445
    b = 0.26945430483458216
    k = 1.5999183220237017
/

&pure
    a = 0.34918
    acentric_factor = 0.903891
    b = 0.26465
    c = 754.0
    d = 0.3017
    pc = 18.1
    tc = 754.0
    vc = 0.758
    vc_rat = 1.168
/

&rkpr
    ac = 113.35062874932902
    b = 0.21059057485807317
    del1 = 5.528413513677664
    k = 3.464616499330772
/

&soaveredlichkwong
    ac = 92.82169721128435
    b = 0.30008731930707006
    k = 1.759746119520825
/
