&names
    formula_extended = 'CH3(CH2)21CH3'
    iupac = 'N-Tricosane'
/

&pengrobinson
    ac = 196.35197921368075
    b = 0.5047836170924646
    k = 1.7484027155211541
/

&pure
    a = 0.1844
    acentric_factor = 1.02617
    b = 0.24894
    c = 796.0
    d = 0.32656
    pc = 10.2
    tc = 796.0
    vc = 1.35
    vc_rat = 1.168
/

&rkpr
    ac = 231.4459760303032
    b = 0.36863734208079774
    del1 = 6.502749162770558
    k = 3.5698036575538805
/

&soaveredlichkwong
    ac = 183.57407642485433
    b = 0.5621701333604493
    k = 1.9109122279424997
/
