&names
    formula_extended = 'CH3(CH2)11CH3'
    iupac = 'N-Tridecane'
/

&pengrobinson
    ac = 85.72501770996975
    b = 0.25988837069885273
    k = 1.237742619580328
/

&pure
    a = 0.3216
    acentric_factor = 0.617397
    b = 0.2504
    c = 675.0
    d = 0.3071
    pc = 16.8
    tc = 675.0
    vc = 0.775
    vc_rat = 1.168
/

&rkpr
    ac = 94.12366228869318
    b = 0.2196151302108115
    del1 = 4.481166079522427
    k = 2.8745750024413446
/

&soaveredlichkwong
    ac = 80.14633219197782
    b = 0.2894338783341329
    k = 1.3850765432684249
/
