&names
    formula_extended = 'CH3(CH2)28CH3'
    iupac = 'N-Triacontane'
/

&pengrobinson
    ac = 281.4519265897238
    b = 0.6824091084839209
    k = 2.0771159651081557
/

&pure
    a = 0.14253
    acentric_factor = 1.30718
    b = 0.24943
    c = 844.0
    d = 0.32581
    pc = 8.0
    tc = 844.0
    vc = 1.75
    vc_rat = 1.168
/

&rkpr
    ac = 340.2351848481722
    b = 0.4710101809380616
    del1 = 7.365401897964928
    k = 4.063309051257441
/

&soaveredlichkwong
    ac = 263.1360156827213
    b = 0.7599890458658032
    k = 2.2384753983300003
/
