&names
    formula_extended = '(C6H5)(CH2)12CH3'
    iupac = 'N-Tridecylbenzene'
/

&pengrobinson
    ac = 133.2912948039755
    b = 0.3452691147062236
    k = 1.4456706290268078
/

&pure
    a = 0.26188
    acentric_factor = 0.779866
    b = 0.2561
    c = 790.0
    d = 0.33576
    pc = 14.8
    tc = 790.0
    vc = 0.978
    vc_rat = 1.168
/

&rkpr
    ac = 151.49590757778404
    b = 0.2723508684561914
    del1 = 5.400446659105099
    k = 3.1440173536944287
/

&soaveredlichkwong
    ac = 124.61716167619831
    b = 0.38452116448955076
    k = 1.6010756628577
/
