&names
    formula_extended = 'CH3(CH2)9CH3'
    iupac = 'N-Undecane'
/

&pengrobinson
    ac = 66.18756813525778
    b = 0.21196228962023356
    k = 1.123421282004372
/

&pure
    a = 0.39
    acentric_factor = 0.530316
    b = 0.25678
    c = 639.0
    d = 0.2913
    pc = 19.5
    tc = 639.0
    vc = 0.659
    vc_rat = 1.168
/

&rkpr
    ac = 70.56130598668629
    b = 0.18938445217245117
    del1 = 3.774836673784188
    k = 2.775264273110892
/

&soaveredlichkwong
    ac = 61.88031177426754
    b = 0.2360593026167205
    k = 1.2655012485252002
/
