&names
    formula_extended = '(C6H5)(CH2)10CH3'
    iupac = 'N-Undecylbenzene'
/

&pengrobinson
    ac = 110.34680514640978
    b = 0.29556257448111956
    k = 1.3809623534299011
/

&pure
    a = 0.29686
    acentric_factor = 0.728731
    b = 0.25763
    c = 764.0
    d = 0.3217
    pc = 16.72
    tc = 764.0
    vc = 0.868
    vc_rat = 1.168
/

&rkpr
    ac = 122.43442259144732
    b = 0.2446998854541773
    del1 = 4.748637808294744
    k = 3.15116864076664
/

&soaveredlichkwong
    ac = 103.16581947534631
    b = 0.329163717454746
    k = 1.5340890416868251
/
