&names
    formula_extended = 'CH3(CH2)9COOH'
    iupac = 'N-Undecanoic Acid'
/

&pengrobinson
    ac = 81.42694605279844
    b = 0.22763555751468745
    k = 1.514144472226113
/

&pure
    a = 0.39747
    acentric_factor = 0.83455
    b = 0.25955
    c = 732.0
    d = 0.32003
    pc = 20.8
    tc = 732.0
    vc = 0.653
    vc_rat = 1.168
/

&rkpr
    ac = 91.78117910801397
    b = 0.1826290791174343
    del1 = 5.168898046045172
    k = 3.3569644948864084
/

&soaveredlichkwong
    ac = 76.12796406534733
    b = 0.2535143918947175
    k = 1.6716988020625
/
