&names
    formula_extended = 'Polyring compound, see refs. 1353 and 4350.'
    iupac = 'Naphthacene'
/

&pengrobinson
    ac = 128.83851900174452
    b = 0.26712319898218484
    k = 1.1696175202713819
/

&pure
    a = 0.29124
    acentric_factor = 0.565316
    b = 0.201
    c = 987.0
    d = 0.28571
    pc = 23.9
    tc = 987.0
    vc = 0.69
    vc_rat = 1.168
/

&rkpr
    ac = 155.08344605431168
    b = 0.1861768370351622
    del1 = 7.212980498375492
    k = 2.1298140724709342
/

&soaveredlichkwong
    ac = 120.45415701133608
    b = 0.297491200804913
    k = 1.3138805025252
/
