&names
    formula_extended = '(C6H4)(C4H4)'
    iupac = 'Naphthalene'
/

&pengrobinson
    ac = 43.71413146406326
    b = 0.11952840133154675
    k = 0.8158316297708524
/

&pure
    a = 0.6348
    acentric_factor = 0.302034
    b = 0.25838
    c = 748.4
    d = 0.27727
    pc = 40.5
    tc = 748.4
    vc = 0.407
    vc_rat = 1.168
/

&rkpr
    ac = 43.488764615464724
    b = 0.12056548722792576
    del1 = 2.3108093313476084
    k = 2.366992625909618
/

&soaveredlichkwong
    ac = 40.86936807240981
    b = 0.13311703280696674
    k = 0.9394372219977
/
