&names
    formula_extended = 'CH3CH2C(CH3)2CO2H'
    iupac = 'Neohexanoic Acid'
/

&pengrobinson
    ac = 39.52585773229871
    b = 0.12386572746452455
    k = 1.17200661947381
/

&pure
    a = 0.69338
    acentric_factor = 0.567133
    b = 0.26973
    c = 653.0
    d = 0.23882
    pc = 34.1
    tc = 653.0
    vc = 0.389
    vc_rat = 1.168
/

&rkpr
    ac = 41.830531558775014
    b = 0.11216952987721661
    del1 = 3.608743236040197
    k = 2.9430056517127308
/

&soaveredlichkwong
    ac = 36.95365260469638
    b = 0.13794744950045712
    k = 1.3163803700544252
/
