&names
    formula_extended = 'CH3CH2CH2C(CH3)2CO2H'
    iupac = 'Neoheptanoic Acid'
/

&pengrobinson
    ac = 45.71752067325923
    b = 0.1413213300850439
    k = 1.2610951861087079
/

&pure
    a = 0.55049
    acentric_factor = 0.635379
    b = 0.25111
    c = 662.0
    d = 0.28571
    pc = 30.3
    tc = 662.0
    vc = 0.455
    vc_rat = 1.168
/

&rkpr
    ac = 47.499291566757215
    b = 0.13229756247335644
    del1 = 3.2041367580160762
    k = 3.282257164142363
/

&soaveredlichkwong
    ac = 42.74238369094576
    b = 0.15738749890140044
    k = 1.4094379131128252
/
