&names
    formula_extended = 'Ne'
    iupac = 'Neon'
/

&pengrobinson
    ac = 0.23487565802174795
    b = 0.010825253505978598
    k = 0.3131451026176081
/

&pure
    a = 7.3718
    acentric_factor = -0.0395988
    b = 0.3067
    c = 44.4
    d = 0.2786
    pc = 26.53
    tc = 44.4
    vc = 0.0417
    vc_rat = 1.168
/

&rkpr
    ac = 0.2167114363611983
    b = 0.012299158842510555
    del1 = 0.41421356237309515
    k = 1.3283353697753508
/

&soaveredlichkwong
    ac = 0.21959076841848382
    b = 0.012055926541692642
    k = 0.417397077431748
/
