&names
    formula_extended = 'C(CH3)4'
    iupac = 'Neopentane'
/

&pengrobinson
    ac = 18.611511469491145
    b = 0.08779608137551231
    k = 0.6660609787077019
/

&pure
    a = 0.90246
    acentric_factor = 0.195657
    b = 0.2775
    c = 433.8
    d = 0.29085
    pc = 31.96
    tc = 433.8
    vc = 0.307
    vc_rat = 1.168
/

&rkpr
    ac = 18.120609123242392
    b = 0.09174476262282723
    del1 = 1.881594285829294
    k = 2.067821233917154
/

&soaveredlichkwong
    ac = 17.40033913874789
    b = 0.09777721206501773
    k = 0.781264827211425
/
