&names
    formula_extended = '(CH3)3CCO2H'
    iupac = 'Neopentanoic Acid'
/

&pengrobinson
    ac = 32.455916308052856
    b = 0.10508962257382229
    k = 1.100182102646692
/

&pure
    a = 0.77361
    acentric_factor = 0.512805
    b = 0.25993
    c = 632.0
    d = 0.3099
    pc = 38.9
    tc = 632.0
    vc = 0.336
    vc_rat = 1.168
/

&rkpr
    ac = 33.8970334978409
    b = 0.09746960997110081
    del1 = 3.31661923675214
    k = 2.842233417440191
/

&soaveredlichkwong
    ac = 30.34379833925323
    b = 0.11703677602972445
    k = 1.2411355005956248
/
