&names
    formula_extended = 'HOCH2C(CH3)2CH2OH'
    iupac = 'Neopentyl Glycol'
/

&pengrobinson
    ac = 30.060134092736135
    b = 0.09687243670913212
    k = 1.8669457171535606
/

&pure
    a = 0.6087
    acentric_factor = 1.12586
    b = 0.21
    c = 635.0
    d = 0.28571
    pc = 42.4
    tc = 635.0
    vc = 0.345
    vc_rat = 1.168
/

&rkpr
    ac = 28.82450282012485
    b = 0.10372482249475387
    del1 = 1.5729274576011258
    k = 5.254185254831958
/

&soaveredlichkwong
    ac = 28.10392528448132
    b = 0.10788541628471454
    k = 2.0302805105700004
/
