&names
    formula_extended = 'C5H4NCO2H'
    iupac = 'Niacin'
/

&pengrobinson
    ac = 39.347624987081
    b = 0.10594683004734841
    k = 1.2095171364085657
/

&pure
    a = 0.7343
    acentric_factor = 0.595751
    b = 0.256
    c = 760.0
    d = 0.28571
    pc = 46.4
    tc = 760.0
    vc = 0.349
    vc_rat = 1.168
/

&rkpr
    ac = 40.17582837422955
    b = 0.10225340015967067
    del1 = 2.8378199729238505
    k = 3.261453927761102
/

&soaveredlichkwong
    ac = 36.78701862563982
    b = 0.11799143545881895
    k = 1.3556012045498251
/
