&names
    formula_extended = '-NCHCHCHC(CN)CH-'
    iupac = 'Nicotinonitrile'
/

&pengrobinson
    ac = 37.916020864371426
    b = 0.11036985304932506
    k = 0.976721701023232
/

&pure
    a = 0.66411
    acentric_factor = 0.42148
    b = 0.22845
    c = 703.0
    d = 0.24905
    pc = 41.2
    tc = 703.0
    vc = 0.344
    vc_rat = 1.168
/

&rkpr
    ac = 40.348761488179974
    b = 0.0989418918832113
    del1 = 3.7336165818923788
    k = 2.4139218103561135
/

&soaveredlichkwong
    ac = 35.4485783120516
    b = 0.12291729150224534
    k = 1.11232157668
/
