&names
    formula_extended = 'C6H5NO2'
    iupac = 'Nitrobenzene'
/

&pengrobinson
    ac = 37.137650419758565
    b = 0.10569843795776372
    k = 1.012903971092437
/

&pure
    a = 0.69123
    acentric_factor = 0.449158
    b = 0.24124
    c = 719.0
    d = 0.28135
    pc = 44.0
    tc = 719.0
    vc = 0.349
    vc_rat = 1.168
/

&rkpr
    ac = 37.8507291189169
    b = 0.1023333017232858
    del1 = 2.8004314468280724
    k = 2.7684392341125945
/

&soaveredlichkwong
    ac = 34.72086150441653
    b = 0.1177148048206619
    k = 1.1516696829313002
/
