&names
    formula_extended = 'O2NNO2'
    iupac = 'Nitrogen Tetroxide'
/

&pengrobinson
    ac = 5.798951653889803
    b = 0.02752353001618063
    k = 1.5374206946204252
/

&pure
    a = 7.474
    acentric_factor = 0.853274
    b = 0.6165
    c = 431.15
    d = 0.5524
    pc = 101.325
    tc = 431.15
    vc = 0.08249
    vc_rat = 1.168
/

&rkpr
    ac = 6.344960826176656
    b = 0.023415239811304462
    del1 = 4.394354535209945
    k = 3.609543688159405
/

&soaveredlichkwong
    ac = 5.421576081678891
    b = 0.030652552927272037
    k = 1.6956398851617
/
