&names
    formula_extended = 'N2'
    iupac = 'Nitrogen'
/

&pengrobinson
    ac = 1.480638753990398
    b = 0.02400892932552853
    k = 0.4324322883011174
/

&pure
    a = 3.2091
    acentric_factor = 0.0377215
    b = 0.2861
    c = 126.2
    d = 0.2966
    pc = 34.0
    tc = 126.2
    vc = 0.08921
    vc_rat = 1.168
/

&rkpr
    ac = 1.3688423540187902
    b = 0.027196791298656445
    del1 = 0.6164331873811929
    k = 1.6658965463072026
/

&soaveredlichkwong
    ac = 1.3842839418839756
    b = 0.0267383935289279
    k = 0.5391246314766062
/
