&names
    formula_extended = 'NF3'
    iupac = 'Nitrogen Trifluoride'
/

&pengrobinson
    ac = 3.8800562188937353
    b = 0.03393166702423652
    k = 0.5558007122637004
/

&pure
    a = 2.3736
    acentric_factor = 0.119984
    b = 0.2817
    c = 234.0
    d = 0.29529
    pc = 44.607
    tc = 234.0
    vc = 0.11875
    vc_rat = 1.168
/

&rkpr
    ac = 3.7750982941317415
    b = 0.03549743545515814
    del1 = 1.8677473276596637
    k = 1.761785060694834
/

&soaveredlichkwong
    ac = 3.6275556768632877
    b = 0.03778920141273769
    k = 0.6663354879551999
/
