&names
    formula_extended = 'NON'
    iupac = 'Nitrous Oxide'
/

&pengrobinson
    ac = 4.181081798109724
    b = 0.027638395849187366
    k = 0.5865769663358188
/

&pure
    a = 2.781
    acentric_factor = 0.140894
    b = 0.27244
    c = 309.57
    d = 0.2882
    pc = 72.45
    tc = 309.57
    vc = 0.0974
    vc_rat = 1.168
/

&rkpr
    ac = 4.04465463519004
    b = 0.02918213887170908
    del1 = 1.7523190859951085
    k = 1.8782061372069965
/

&soaveredlichkwong
    ac = 3.9089915600467955
    b = 0.030780477325912194
    k = 0.6982932101336999
/
