&names
    formula_extended = 'NCl3'
    iupac = 'Nitrogen Trichloride'
/

&pengrobinson
    ac = 14.553872756375938
    b = 0.05587716973613799
    k = 0.9723590941885516
/

&pure
    a = 1.3923
    acentric_factor = 0.418164
    b = 0.27991
    c = 533.0
    d = 0.28571
    pc = 61.7
    tc = 533.0
    vc = 0.201
    vc_rat = 1.168
/

&rkpr
    ac = 13.838133737564455
    b = 0.06062994513963452
    del1 = 1.394961456038572
    k = 3.065501180292846
/

&soaveredlichkwong
    ac = 13.606757417754674
    b = 0.062229586893694934
    k = 1.1075894380931999
/
