&names
    formula_extended = 'NO'
    iupac = 'Nitric Oxide'
/

&pengrobinson
    ac = 1.5830799430985767
    b = 0.017982564053211976
    k = 1.192757999374995
/

&pure
    a = 5.246
    acentric_factor = 0.582944
    b = 0.3044
    c = 180.15
    d = 0.242
    pc = 64.8
    tc = 180.15
    vc = 0.058
    vc_rat = 1.168
/

&rkpr
    ac = 1.642578847321518
    b = 0.01687432681727273
    del1 = 3.175480385232392
    k = 3.118607805934224
/

&soaveredlichkwong
    ac = 1.4800586152725874
    b = 0.020026918643251488
    k = 1.3380847072512
/
