&names
    formula_extended = 'ONO'
    iupac = 'Nitrogen Dioxide'
/

&pengrobinson
    ac = 5.798951653889803
    b = 0.02752353001618063
    k = 1.5347076437308722
/

&pure
    a = 3.4069
    acentric_factor = 0.851088
    b = 0.28287
    c = 431.15
    d = 0.23882
    pc = 101.325
    tc = 431.15
    vc = 0.08249
    vc_rat = 1.168
/

&rkpr
    ac = 6.344960826176656
    b = 0.023415239811304462
    del1 = 4.394354535209945
    k = 3.6032756254878344
/

&soaveredlichkwong
    ac = 5.421576081678891
    b = 0.030652552927272037
    k = 1.6928511248448
/
