&names
    formula_extended = 'NOCl'
    iupac = 'Nitrosyl Chloride'
/

&pengrobinson
    ac = 6.7297980219883975
    b = 0.03125296974031759
    k = 0.8136780252950683
/

&pure
    a = 1.9484
    acentric_factor = 0.300473
    b = 0.27083
    c = 440.65
    d = 0.24939
    pc = 91.2
    tc = 440.65
    vc = 0.139
    vc_rat = 1.168
/

&rkpr
    ac = 6.209345864316071
    b = 0.03550819746845214
    del1 = 0.41421356237309515
    k = 2.7819788833699937
/

&soaveredlichkwong
    ac = 6.291846210869538
    b = 0.0348059754158109
    k = 0.937144797847425
/
