&names
    formula_extended = 'O2NOCH2CH(ONO2)CH2ONO2'
    iupac = 'Nitroglycerine'
/

&pengrobinson
    ac = 48.71984413912846
    b = 0.14661554305499722
    k = 1.935233883958589
/

&pure
    a = 0.66553
    acentric_factor = 1.18413
    b = 0.27886
    c = 680.0
    d = 0.29995
    pc = 30.0
    tc = 680.0
    vc = 0.419
    vc_rat = 1.168
/

&rkpr
    ac = 55.05224266935498
    b = 0.11703451720850594
    del1 = 5.237610790686493
    k = 4.258609936996067
/

&soaveredlichkwong
    ac = 45.54932640465186
    b = 0.1632835864735375
    k = 2.0984419450425
/
