&names
    formula_extended = 'HNO3'
    iupac = 'Nitric Acid'
/

&pengrobinson
    ac = 12.404820425383482
    b = 0.04881689738256076
    k = 1.3627154842427813
/

&pure
    a = 1.5895
    acentric_factor = 0.714406
    b = 0.2304
    c = 520.0
    d = 0.1933
    pc = 68.901
    tc = 520.0
    vc = 0.145
    vc_rat = 1.168
/

&rkpr
    ac = 13.657316856730798
    b = 0.041034439877927105
    del1 = 4.549822916073307
    k = 3.1584115235561185
/

&soaveredlichkwong
    ac = 11.597557925951776
    b = 0.05436666480950898
    k = 1.5151592557537
/
