&names
    formula_extended = 'CH3CH2NO2'
    iupac = 'Nitroethane'
/

&pengrobinson
    ac = 21.54115594029179
    b = 0.07433568487655041
    k = 0.9221555508040781
/

&pure
    a = 1.0024
    acentric_factor = 0.380324
    b = 0.23655
    c = 593.0
    d = 0.278
    pc = 51.6
    tc = 593.0
    vc = 0.236
    vc_rat = 1.168
/

&rkpr
    ac = 22.615848775805258
    b = 0.06829939389653615
    del1 = 3.4311847350727214
    k = 2.347791551308342
/

&soaveredlichkwong
    ac = 20.139332553197452
    b = 0.08278656530335819
    k = 1.0533168656292
/
