&names
    formula_extended = 'CH3NO2'
    iupac = 'Nitromethane'
/

&pengrobinson
    ac = 17.328308174474664
    b = 0.06029080706241024
    k = 0.878693302425214
/

&pure
    a = 1.3728
    acentric_factor = 0.348026
    b = 0.23793
    c = 588.15
    d = 0.29601
    pc = 63.1
    tc = 588.15
    vc = 0.173
    vc_rat = 1.168
/

&rkpr
    ac = 19.52813928199419
    b = 0.04838873381433351
    del1 = 5.1637998759642185
    k = 1.820623373042855
/

&soaveredlichkwong
    ac = 16.20064224396065
    b = 0.06714499024732759
    k = 1.0065965570817
/
