&names
    formula_extended = 'CH3(CH2)17COOH'
    iupac = 'Nonadecanoic Acid'
/

&pengrobinson
    ac = 160.31642723950057
    b = 0.4040220168348113
    k = 1.7921922432361548
/

&pure
    a = 0.24567
    acentric_factor = 1.06278
    b = 0.26287
    c = 812.0
    d = 0.33705
    pc = 13.0
    tc = 812.0
    vc = 1.07
    vc_rat = 1.168
/

&rkpr
    ac = 190.1037130978545
    b = 0.2911994951836933
    del1 = 6.6992653508401965
    k = 3.62111246170509
/

&soaveredlichkwong
    ac = 149.88359263848537
    b = 0.4499534124994767
    k = 1.9551529875300004
/
