&names
    formula_extended = '(C6H4)(OH)(CH2)8CH3'
    iupac = 'Nonylphenol'
/

&pengrobinson
    ac = 90.53581687882149
    b = 0.24060948029059648
    k = 1.5699238703407292
/

&pure
    a = 0.34313
    acentric_factor = 0.879536
    b = 0.25975
    c = 770.0
    d = 0.26866
    pc = 20.7
    tc = 770.0
    vc = 0.757
    vc_rat = 1.168
/

&rkpr
    ac = 95.68818517888774
    b = 0.2184158563361039
    del1 = 3.579087791574544
    k = 3.9169742805167163
/

&soaveredlichkwong
    ac = 84.64406130998348
    b = 0.2679632599842794
    k = 1.7290125383232
/
