&names
    formula_extended = '(C6H4)CH3Cl'
    iupac = 'O-Chlorotoluene'
/

&pengrobinson
    ac = 34.788863475765254
    b = 0.10852241188966245
    k = 0.8191456906017874
/

&pure
    a = 0.76237
    acentric_factor = 0.304438
    b = 0.26985
    c = 656.0
    d = 0.28396
    pc = 39.1
    tc = 656.0
    vc = 0.354
    vc_rat = 1.168
/

&rkpr
    ac = 35.78873622202217
    b = 0.10338054578389924
    del1 = 2.994174964870379
    k = 2.1870911448495622
/

&soaveredlichkwong
    ac = 32.52492543242462
    b = 0.12085982329619445
    k = 0.9429659752273
/
