&names
    formula_extended = '(C6H4)ClNH2'
    iupac = 'O-Chloroaniline'
/

&pengrobinson
    ac = 35.8980641385404
    b = 0.10174588820233373
    k = 0.9765205412844443
/

&pure
    a = 0.66535
    acentric_factor = 0.421327
    b = 0.24214
    c = 722.0
    d = 0.2604
    pc = 45.9
    tc = 722.0
    vc = 0.364
    vc_rat = 1.168
/

&rkpr
    ac = 34.29138809122217
    b = 0.1096002089884101
    del1 = 1.4935207458011905
    k = 3.050178006899033
/

&soaveredlichkwong
    ac = 33.56194318011532
    b = 0.11331290795260869
    k = 1.112103320837425
/
