&names
    formula_extended = '(C6H4)ClNO2'
    iupac = 'O-Chloronitrobenzene'
/

&pengrobinson
    ac = 45.51117063053715
    b = 0.12302833959425759
    k = 1.0609464890341171
/

&pure
    a = 0.51037
    acentric_factor = 0.486408
    b = 0.22048
    c = 757.0
    d = 0.27115
    pc = 39.8
    tc = 757.0
    vc = 0.432
    vc_rat = 1.168
/

&rkpr
    ac = 44.15811506706447
    b = 0.1292781984517882
    del1 = 1.8125148008485634
    k = 3.1956554086224958
/

&soaveredlichkwong
    ac = 42.549462190156035
    b = 0.13701486287370815
    k = 1.2042024620687999
/
