&names
    formula_extended = 'ClC6H4OH'
    iupac = 'O-Chlorophenol'
/

&pengrobinson
    ac = 28.803605950549837
    b = 0.08732249255481453
    k = 0.9973068517649074
/

&pure
    a = 0.796
    acentric_factor = 0.437188
    b = 0.25865
    c = 675.0
    d = 0.2714
    pc = 50.0
    tc = 675.0
    vc = 0.325
    vc_rat = 1.168
/

&rkpr
    ac = 26.590008905297285
    b = 0.09913377346858648
    del1 = 0.5148199069702031
    k = 3.3095754399508337
/

&soaveredlichkwong
    ac = 26.929167616504547
    b = 0.09724978312026866
    k = 1.1346855762148
/
