&names
    formula_extended = 'Cl(C6H4)COOH'
    iupac = 'O-Chlorobenzoic Acid'
/

&pengrobinson
    ac = 49.19881433273956
    b = 0.12711959213934954
    k = 1.297740855665994
/

&pure
    a = 0.612
    acentric_factor = 0.663731
    b = 0.22797
    c = 792.0
    d = 0.28571
    pc = 40.3
    tc = 792.0
    vc = 0.383
    vc_rat = 1.168
/

&rkpr
    ac = 53.63390738888533
    b = 0.10891013873487453
    del1 = 4.3038245036107154
    k = 3.0660769591219825
/

&soaveredlichkwong
    ac = 45.99712688661951
    b = 0.1415712310104821
    k = 1.447618296936825
/
