&names
    formula_extended = 'CH3(C6H4)OH'
    iupac = 'O-Cresol'
/

&pengrobinson
    ac = 30.698862228363577
    b = 0.09005959145651049
    k = 0.9929435869908
/

&pure
    a = 1.0861
    acentric_factor = 0.43385
    b = 0.30624
    c = 697.55
    d = 0.30587
    pc = 50.1
    tc = 697.55
    vc = 0.282
    vc_rat = 1.168
/

&rkpr
    ac = 32.55877285864514
    b = 0.08123543455067053
    del1 = 3.6571918303323514
    k = 2.4771586607971994
/

&soaveredlichkwong
    ac = 28.70108721813708
    b = 0.10029805014495956
    k = 1.1299403810625002
/
