&names
    formula_extended = 'CH3(C6H4)CH(CH3)2'
    iupac = 'O-Cymene'
/

&pengrobinson
    ac = 47.04809689210118
    b = 0.14654119440233243
    k = 0.903250950933934
/

&pure
    a = 0.51656
    acentric_factor = 0.366224
    b = 0.25312
    c = 657.0
    d = 0.28179
    pc = 29.0
    tc = 657.0
    vc = 0.49
    vc_rat = 1.168
/

&rkpr
    ac = 47.483097120959116
    b = 0.14428096604087148
    del1 = 2.5997811339993486
    k = 2.525995851026991
/

&soaveredlichkwong
    ac = 43.986370644705815
    b = 0.16320078546619798
    k = 1.0329655728191998
/
