&names
    formula_extended = '(C6H4)Cl2'
    iupac = 'O-Dichlorobenzene'
/

&pengrobinson
    ac = 38.600519031009554
    b = 0.11204360224068476
    k = 0.6997184398607477
/

&pure
    a = 0.74404
    acentric_factor = 0.219189
    b = 0.26112
    c = 705.0
    d = 0.30815
    pc = 40.7
    tc = 705.0
    vc = 0.351
    vc_rat = 1.168
/

&rkpr
    ac = 40.925355238123444
    b = 0.10112787643729682
    del1 = 3.64957449919757
    k = 1.6985418231650518
/

&soaveredlichkwong
    ac = 36.08853172254591
    b = 0.12478132150293822
    k = 0.816595817898825
/
