&names
    formula_extended = 'CH3CH2(C6H4)CH2CH3'
    iupac = 'O-Diethylbenzene'
/

&pengrobinson
    ac = 48.97447135222585
    b = 0.1500293853565229
    k = 0.8671900949867867
/

&pure
    a = 0.51854
    acentric_factor = 0.339547
    b = 0.2534
    c = 668.0
    d = 0.2857
    pc = 28.8
    tc = 668.0
    vc = 0.502
    vc_rat = 1.168
/

&rkpr
    ac = 49.401330408506
    b = 0.1478472747273557
    del1 = 2.5891315130956554
    k = 2.4300320770476924
/

&soaveredlichkwong
    ac = 45.787383365748845
    b = 0.16708553272721055
    k = 0.9942708490884251
/
