&names
    formula_extended = 'C6H4(NO2)2'
    iupac = 'O-Dinitrobenzene'
/

&pengrobinson
    ac = 56.695767349167575
    b = 0.1396151829014928
    k = 1.3042780909242317
/

&pure
    a = 0.54644
    acentric_factor = 0.668806
    b = 0.23716
    c = 831.0
    d = 0.25803
    pc = 38.5
    tc = 831.0
    vc = 0.434
    vc_rat = 1.168
/

&rkpr
    ac = 60.44929420691724
    b = 0.12471687743431234
    del1 = 3.7774985844144977
    k = 3.224386678671304
/

&soaveredlichkwong
    ac = 53.006204317377644
    b = 0.15548738773053056
    k = 1.4544228875137
/
