&names
    formula_extended = 'C2H5(C6H4)NH2'
    iupac = 'O-Ethylaniline'
/

&pengrobinson
    ac = 41.88736447052284
    b = 0.12175685236401157
    k = 1.0295862223790682
/

&pure
    a = 0.55414
    acentric_factor = 0.462027
    b = 0.23604
    c = 704.0
    d = 0.28571
    pc = 37.4
    tc = 704.0
    vc = 0.426
    vc_rat = 1.168
/

&rkpr
    ac = 40.76296742003966
    b = 0.1273315248506906
    del1 = 1.8720055907882258
    k = 3.0900001310955645
/

&soaveredlichkwong
    ac = 39.16148071102168
    b = 0.13559882613719382
    k = 1.1698734319724249
/
