&names
    formula_extended = 'CH3(C6H4)CH2CH3'
    iupac = 'O-Ethyltoluene'
/

&pengrobinson
    ac = 40.591970560854264
    b = 0.12779380875971957
    k = 0.8614178115397146
/

&pure
    a = 0.6012
    acentric_factor = 0.335303
    b = 0.25665
    c = 650.0
    d = 0.29213
    pc = 32.9
    tc = 650.0
    vc = 0.427
    vc_rat = 1.168
/

&rkpr
    ac = 40.99079771148479
    b = 0.12569995690791771
    del1 = 2.611428347194797
    k = 2.407907044493893
/

&soaveredlichkwong
    ac = 37.95038652431627
    b = 0.14232209620212685
    k = 0.988092004183425
/
