&names
    formula_extended = 'CH3CH2(C6H4)OH'
    iupac = 'O-Ethylphenol'
/

&pengrobinson
    ac = 36.41352120307932
    b = 0.10599622250890893
    k = 1.047976219820235
/

&pure
    a = 0.78508
    acentric_factor = 0.476294
    b = 0.27556
    c = 703.0
    d = 0.33689
    pc = 42.9
    tc = 703.0
    vc = 0.351
    vc_rat = 1.168
/

&rkpr
    ac = 37.029483055334104
    b = 0.10301910295991863
    del1 = 2.7542566499375245
    k = 2.877672887462113
/

&soaveredlichkwong
    ac = 34.04385609455772
    b = 0.1180464431210375
    k = 1.1899869604737
/
