&names
    formula_extended = 'CH3(C6H4)CHCH2'
    iupac = 'O-Methylstyrene'
/

&pengrobinson
    ac = 39.55948908199455
    b = 0.12284240066949037
    k = 0.8693800354111925
/

&pure
    a = 0.63077
    acentric_factor = 0.341159
    b = 0.25672
    c = 659.0
    d = 0.29306
    pc = 34.7
    tc = 659.0
    vc = 0.407
    vc_rat = 1.168
/

&rkpr
    ac = 40.212198275655616
    b = 0.1194761834247167
    del1 = 2.745853039826621
    k = 2.3920168054377493
/

&soaveredlichkwong
    ac = 36.98509534331332
    b = 0.13680778541201202
    k = 0.9966161099258252
/
