&names
    formula_extended = 'C6H4(NO2)(CH3)'
    iupac = 'O-Nitrotoluene'
/

&pengrobinson
    ac = 43.12118785579391
    b = 0.12255788428745898
    k = 1.0627579711768782
/

&pure
    a = 0.49565
    acentric_factor = 0.487824
    b = 0.21858
    c = 720.0
    d = 0.27229
    pc = 38.0
    tc = 720.0
    vc = 0.441
    vc_rat = 1.168
/

&rkpr
    ac = 40.989656255068326
    b = 0.13303755991457464
    del1 = 1.3892370849794253
    k = 3.323606541432155
/

&soaveredlichkwong
    ac = 40.31501116856822
    b = 0.13649092367757007
    k = 1.2061898313792
/
