&names
    formula_extended = '(C6H5)NH(C6H4)NO2'
    iupac = 'O-Nitrodiphenylamine'
/

&pengrobinson
    ac = 76.78924079617295
    b = 0.18819016978518552
    k = 1.429325538224654
/

&pure
    a = 0.41339
    acentric_factor = 0.7669
    b = 0.258
    c = 835.0
    d = 0.28571
    pc = 28.7
    tc = 835.0
    vc = 0.623
    vc_rat = 1.168
/

&rkpr
    ac = 78.1056920013562
    b = 0.18283398157046032
    del1 = 2.758859038430005
    k = 3.835004346477001
/

&soaveredlichkwong
    ac = 71.79206451075602
    b = 0.2095846403546892
    k = 1.5841768682500001
/
