&names
    formula_extended = 'NH2(C6H4)NO2'
    iupac = 'O-Nitroaniline'
/

&pengrobinson
    ac = 43.95610231369113
    b = 0.1147324185737801
    k = 1.3964876607603534
/

&pure
    a = 0.67807
    acentric_factor = 0.740952
    b = 0.275
    c = 784.0
    d = 0.28571
    pc = 44.2
    tc = 784.0
    vc = 0.406
    vc_rat = 1.168
/

&rkpr
    ac = 42.37582316562975
    b = 0.12180777924607428
    del1 = 1.6826993436741116
    k = 4.1003906165162
/

&soaveredlichkwong
    ac = 41.09559230208174
    b = 0.12777581693697107
    k = 1.5501817213968
/
