&names
    formula_extended = 'CH3O(C6H4)NO2'
    iupac = 'O-Nitroanisole'
/

&pengrobinson
    ac = 51.40850575052984
    b = 0.13452755945205863
    k = 1.1643799221002638
/

&pure
    a = 0.5755
    acentric_factor = 0.561335
    b = 0.24287
    c = 782.0
    d = 0.2883
    pc = 37.6
    tc = 782.0
    vc = 0.422
    vc_rat = 1.168
/

&rkpr
    ac = 54.451560217328336
    b = 0.12163850169690292
    del1 = 3.6275597931825625
    k = 2.9186141753173556
/

&soaveredlichkwong
    ac = 48.063019284695805
    b = 0.1498213758866235
    k = 1.308399318110625
/
