&names
    formula_extended = '(C6H4)(NH2)2'
    iupac = 'O-Phenylenediamine'
/

&pengrobinson
    ac = 37.220450692392575
    b = 0.09752447688447041
    k = 1.1347823460842008
/

&pure
    a = 0.79771
    acentric_factor = 0.5389
    b = 0.25093
    c = 781.0
    d = 0.28571
    pc = 51.8
    tc = 781.0
    vc = 0.315
    vc_rat = 1.168
/

&rkpr
    ac = 38.57780533089222
    b = 0.09168877666564677
    del1 = 3.1524897159892267
    k = 2.977627616717926
/

&soaveredlichkwong
    ac = 34.79827342375335
    b = 0.10861158389379356
    k = 1.2774062882500001
/
