&names
    formula_extended = '(C6H5)(C6H4)(C6H5)'
    iupac = 'O-Terphenyl'
/

&pengrobinson
    ac = 77.64254726280242
    b = 0.1853966954526844
    k = 1.1511120298795439
/

&pure
    a = 0.3448
    acentric_factor = 0.551265
    b = 0.25116
    c = 857.0
    d = 0.29268
    pc = 29.9
    tc = 857.0
    vc = 0.731
    vc_rat = 1.168
/

&rkpr
    ac = 71.63802363251348
    b = 0.2106392617031825
    del1 = 0.41421356237309515
    k = 3.731860317994294
/

&soaveredlichkwong
    ac = 72.58984076514453
    b = 0.20647358883703767
    k = 1.2945098174606249
/
