&names
    formula_extended = 'CH3(C6H4)CH2OH'
    iupac = 'O-Tolualcohol'
/

&pengrobinson
    ac = 38.50165049375574
    b = 0.11402086612882999
    k = 1.3989524978342118
/

&pure
    a = 0.63906
    acentric_factor = 0.742895
    b = 0.24732
    c = 691.0
    d = 0.28571
    pc = 39.2
    tc = 691.0
    vc = 0.387
    vc_rat = 1.168
/

&rkpr
    ac = 38.401582475963494
    b = 0.114518825691162
    del1 = 2.3620908397390408
    k = 3.887357126550827
/

&soaveredlichkwong
    ac = 35.996097205274786
    b = 0.12698337138341959
    k = 1.552735458320625
/
