&names
    formula_extended = 'o-(C6H4)CH3NH2'
    iupac = 'O-Toluidine'
/

&pengrobinson
    ac = 34.52580800267848
    b = 0.09860766889759591
    k = 0.9273628646169426
/

&pure
    a = 0.73118
    acentric_factor = 0.384222
    b = 0.25407
    c = 716.5
    d = 0.29207
    pc = 47.0
    tc = 716.5
    vc = 0.3476
    vc_rat = 1.168
/

&rkpr
    ac = 33.3913871660422
    b = 0.10415459637799185
    del1 = 1.7475735901773974
    k = 2.8394056028449226
/

&soaveredlichkwong
    ac = 32.27898869313738
    b = 0.10981791900027187
    k = 1.0589307825752998
/
