&names
    formula_extended = 'CH3(C6H4)COOH'
    iupac = 'O-Toluic Acid'
/

&pengrobinson
    ac = 46.185100065292254
    b = 0.12584761448602133
    k = 1.2893659092347964
/

&pure
    a = 0.61818
    acentric_factor = 0.657237
    b = 0.24685
    c = 751.0
    d = 0.28571
    pc = 38.6
    tc = 751.0
    vc = 0.397
    vc_rat = 1.168
/

&rkpr
    ac = 48.71774142151047
    b = 0.11464845928063176
    del1 = 3.5352437303584003
    k = 3.256241775076442
/

&soaveredlichkwong
    ac = 43.17953464502067
    b = 0.14015464809695213
    k = 1.438897955020425
/
