&names
    formula_extended = 'CH3C6H4CHO'
    iupac = 'O-Tolualdehyde'
/

&pengrobinson
    ac = 41.48223965672515
    b = 0.12231670165110764
    k = 0.9939414723191516
/

&pure
    a = 0.63603
    acentric_factor = 0.434613
    b = 0.24527
    c = 694.0
    d = 0.28571
    pc = 36.7
    tc = 694.0
    vc = 0.386
    vc_rat = 1.168
/

&rkpr
    ac = 43.74544252937752
    b = 0.11148521660208072
    del1 = 3.5293661498363904
    k = 2.5138140612981044
/

&soaveredlichkwong
    ac = 38.78272000879943
    b = 0.13622232210206164
    k = 1.131025381540425
/
