&names
    formula_extended = 'CH3(C6H4)CH3'
    iupac = 'O-Xylene'
/

&pengrobinson
    ac = 33.64823579599143
    b = 0.10924410912091538
    k = 0.826980021686352
/

&pure
    a = 0.69962
    acentric_factor = 0.31013
    b = 0.26143
    c = 630.3
    d = 0.27365
    pc = 37.32
    tc = 630.3
    vc = 0.37
    vc_rat = 1.168
/

&rkpr
    ac = 33.617575698041996
    b = 0.1094112002577026
    del1 = 2.3959405030149044
    k = 2.37382703355373
/

&soaveredlichkwong
    ac = 31.458525828521285
    b = 0.12166356694991333
    k = 0.9513130120425
/
