&names
    formula_extended = '(CH3)3SiOSi(CH3)2OSi(CH3)3'
    iupac = 'Octamethyltrisiloxane'
/

&pengrobinson
    ac = 69.92312630717834
    b = 0.2535227098659327
    k = 1.1266884751070791
/

&pure
    a = 0.29571
    acentric_factor = 0.532783
    b = 0.25666
    c = 564.4
    d = 0.28853
    pc = 14.4
    tc = 564.4
    vc = 0.868
    vc_rat = 1.168
/

&rkpr
    ac = 69.25767301294606
    b = 0.2575942034052055
    del1 = 2.2232313830951695
    k = 3.234795558262926
/

&soaveredlichkwong
    ac = 65.3727728336764
    b = 0.2823445349438253
    k = 1.2689253401094251
/
