&names
    formula_extended = '(CH3)3SiO(Si(CH3)2O)6Si(CH3)3'
    iupac = 'Octadecamethyloctasiloxane'
/

&pengrobinson
    ac = 240.40145917461646
    b = 0.7141080854820955
    k = 1.6974754191720343
/

&pure
    a = 0.086219
    acentric_factor = 0.983908
    b = 0.21262
    c = 688.9
    d = 0.30642
    pc = 6.24
    tc = 688.9
    vc = 2.466
    vc_rat = 1.168
/

&rkpr
    ac = 236.4680603701154
    b = 0.7339081839511952
    del1 = 2.0853326270071997
    k = 4.6968869862424345
/

&soaveredlichkwong
    ac = 224.7569696821915
    b = 0.7952917330431277
    k = 1.8592580753188
/
