&names
    formula_extended = 'CF3CFCFCF3'
    iupac = 'Octafluoro-2-Butene'
/

&pengrobinson
    ac = 20.846134359068113
    b = 0.10882345281032361
    k = 0.8021759181452083
/

&pure
    a = 0.78666
    acentric_factor = 0.292152
    b = 0.27297
    c = 392.0
    d = 0.23109
    pc = 23.3
    tc = 392.0
    vc = 0.347
    vc_rat = 1.168
/

&rkpr
    ac = 21.81555045566451
    b = 0.10056975349552617
    del1 = 3.3603760861617022
    k = 2.044608893442992
/

&soaveredlichkwong
    ac = 19.48954055527911
    b = 0.121195088167685
    k = 0.9249105095568
/
