&names
    formula_extended = '-(CF2)4-'
    iupac = 'Octafluorocyclobutane'
/

&pengrobinson
    ac = 17.165110442002234
    b = 0.09044487497686655
    k = 0.8891438436133612
/

&pure
    a = 0.79648
    acentric_factor = 0.355754
    b = 0.2612
    c = 388.37
    d = 0.27585
    pc = 27.775
    tc = 388.37
    vc = 0.3248
    vc_rat = 1.168
/

&rkpr
    ac = 16.344263509373675
    b = 0.09791911146250375
    del1 = 1.425548635137905
    k = 2.8209753681903527
/

&soaveredlichkwong
    ac = 16.048064851396383
    b = 0.10072713476792679
    k = 1.0178086370097
/
