&names
    formula_extended = 'CF3CF2CF3'
    iupac = 'Octafluoropropane'
/

&pengrobinson
    ac = 14.04231105656288
    b = 0.0832797845661657
    k = 0.8497320745482331
/

&pure
    a = 0.9089
    acentric_factor = 0.326733
    b = 0.2724
    c = 345.05
    d = 0.2817
    pc = 26.8
    tc = 345.05
    vc = 0.299
    vc_rat = 1.168
/

&rkpr
    ac = 13.373423398570475
    b = 0.09013420340034942
    del1 = 1.4297355298481216
    k = 2.707929083144368
/

&soaveredlichkwong
    ac = 13.128486371271798
    b = 0.09274747834618215
    k = 0.975595712674425
/
