&names
    formula_extended = 'CH3(CH2)7CHCH(CH2)7COOH'
    iupac = 'Oleic Acid'
/

&pengrobinson
    ac = 138.70642776013923
    b = 0.36343653975651563
    k = 1.9330069385521431
/

&pure
    a = 0.26668
    acentric_factor = 1.18222
    b = 0.26667
    c = 781.0
    d = 0.30687
    pc = 13.9
    tc = 781.0
    vc = 1.0
    vc_rat = 1.168
/

&rkpr
    ac = 160.62358948574052
    b = 0.275734323872895
    del1 = 5.946814260142221
    k = 4.081093666589387
/

&soaveredlichkwong
    ac = 129.67989664391536
    b = 0.40475396012219467
    k = 2.09622655753
/
