&names
    formula_extended = 'HOOCCOOH'
    iupac = 'Oxalic Acid'
/

&pengrobinson
    ac = 29.10611928939948
    b = 0.07408176006549633
    k = 1.6167356845440408
/

&pure
    a = 1.0501
    acentric_factor = 0.917597
    b = 0.215
    c = 804.0
    d = 0.28571
    pc = 70.2
    tc = 804.0
    vc = 0.205
    vc_rat = 1.168
/

&rkpr
    ac = 33.583567193109154
    b = 0.05663548082513472
    del1 = 5.838071260285286
    k = 3.4300984636356793
/

&soaveredlichkwong
    ac = 27.21199444110756
    b = 0.0825037729542007
    k = 1.776950433478425
/
