&names
    formula_extended = '-CHOCHCHN-'
    iupac = 'Oxazole'
/

&pengrobinson
    ac = 15.35011985191949
    b = 0.056700258878770796
    k = 0.7164889359680539
/

&pure
    a = 1.3721
    acentric_factor = 0.230993
    b = 0.325
    c = 554.0
    d = 0.28571
    pc = 63.2
    tc = 554.0
    vc = 0.237
    vc_rat = 1.168
/

&rkpr
    ac = 14.163010971183741
    b = 0.0644202456761247
    del1 = 0.41421356237309515
    k = 2.5004809094773988
/

&soaveredlichkwong
    ac = 14.351187526153582
    b = 0.06314624923655512
    k = 0.8342453729414251
/
