&names
    formula_extended = 'O2'
    iupac = 'Oxygen'
/

&pengrobinson
    ac = 1.497707337034917
    b = 0.019826985552578537
    k = 0.4087142329509114
/

&pure
    a = 3.9143
    acentric_factor = 0.0221798
    b = 0.28772
    c = 154.58
    d = 0.2924
    pc = 50.43
    tc = 154.58
    vc = 0.0734
    vc_rat = 1.168
/

&rkpr
    ac = 1.3891242243100639
    b = 0.022349954760388306
    del1 = 0.7576077740085294
    k = 1.5812329369290348
/

&soaveredlichkwong
    ac = 1.4002417610046507
    b = 0.022081023897784435
    k = 0.514824915082593
/
