&names
    formula_extended = 'O3'
    iupac = 'Ozone'
/

&pengrobinson
    ac = 3.865762234895259
    b = 0.030309422909510726
    k = 0.6893193399528653
/

&pure
    a = 3.3592
    acentric_factor = 0.211896
    b = 0.29884
    c = 261.0
    d = 0.28523
    pc = 55.7
    tc = 261.0
    vc = 0.089
    vc_rat = 1.168
/

&rkpr
    ac = 4.289614682700963
    b = 0.025089062567490175
    del1 = 4.750991822234484
    k = 1.4216209806900313
/

&soaveredlichkwong
    ac = 3.614191895548426
    b = 0.03375516110697536
    k = 0.8056668189071999
/
