&names
    formula_extended = '(C6H5)NN(C6H4)NH2'
    iupac = 'P-Aminoazobenzene'
/

&pengrobinson
    ac = 83.8321314645114
    b = 0.1956113051611043
    k = 1.2599362123036622
/

&pure
    a = 0.39771
    acentric_factor = 0.634485
    b = 0.255
    c = 877.0
    d = 0.28571
    pc = 29.0
    tc = 877.0
    vc = 0.642
    vc_rat = 1.168
/

&rkpr
    ac = 85.83894485508455
    b = 0.1878693306699397
    del1 = 2.896428724478138
    k = 3.371499453070502
/

&soaveredlichkwong
    ac = 78.37662838925131
    b = 0.21784945031028255
    k = 1.4082294273356248
/
