&names
    formula_extended = '(C6H5)NH(C6H4)NH2'
    iupac = 'P-Aminodiphenylamine'
/

&pengrobinson
    ac = 74.48294353793486
    b = 0.1758007687101456
    k = 1.3366558210974555
/

&pure
    a = 0.44253
    acentric_factor = 0.694019
    b = 0.264
    c = 867.0
    d = 0.28571
    pc = 31.9
    tc = 867.0
    vc = 0.596
    vc_rat = 1.168
/

&rkpr
    ac = 74.35763121648144
    b = 0.17629748371113416
    del1 = 2.3804740054684803
    k = 3.725721912620317
/

&soaveredlichkwong
    ac = 69.6358530437889
    b = 0.19578674553645173
    k = 1.488094990836825
/
