&names
    formula_extended = '(C6H5)(C6H4)NH2'
    iupac = 'P-Aminodiphenyl'
/

&pengrobinson
    ac = 72.21902428146267
    b = 0.17045728029950288
    k = 1.1387256484143369
/

&pure
    a = 0.4564
    acentric_factor = 0.541883
    b = 0.261
    c = 867.0
    d = 0.28571
    pc = 32.9
    tc = 867.0
    vc = 0.572
    vc_rat = 1.168
/

&rkpr
    ac = 72.68361010339747
    b = 0.1686248758589669
    del1 = 2.543276891383408
    k = 3.168499528743098
/

&soaveredlichkwong
    ac = 67.51926176586218
    b = 0.1898357806265292
    k = 1.281537334504425
/
