&names
    formula_extended = 'CH3(C6H4)Br'
    iupac = 'P-Bromotoluene'
/

&pengrobinson
    ac = 35.34127668332118
    b = 0.10346372115571718
    k = 0.8376914591193692
/

&pure
    a = 0.69248
    acentric_factor = 0.317933
    b = 0.26245
    c = 699.0
    d = 0.30082
    pc = 43.7
    tc = 699.0
    vc = 0.379
    vc_rat = 1.168
/

&rkpr
    ac = 33.08286331078806
    b = 0.11500536963998377
    del1 = 1.0328416793810857
    k = 2.770495832864367
/

&soaveredlichkwong
    ac = 33.04138951283816
    b = 0.11522603339447036
    k = 0.962737298314425
/
