&names
    formula_extended = '(C6H4)CH3Cl'
    iupac = 'P-Chlorotoluene'
/

&pengrobinson
    ac = 35.21441136703261
    b = 0.10918413391337992
    k = 0.8299030839814938
/

&pure
    a = 0.74626
    acentric_factor = 0.312257
    b = 0.2686
    c = 660.0
    d = 0.28754
    pc = 39.1
    tc = 660.0
    vc = 0.36
    vc_rat = 1.168
/

&rkpr
    ac = 35.92974508048962
    b = 0.10550906835286346
    del1 = 2.8229439661031828
    k = 2.262921041926058
/

&soaveredlichkwong
    ac = 32.92278014938133
    b = 0.1215967734382444
    k = 0.954429242041425
/
