&names
    formula_extended = 'ClC6H4OH'
    iupac = 'P-Chlorophenol'
/

&pengrobinson
    ac = 32.3601414221382
    b = 0.0897298795676039
    k = 1.0589930726048338
/

&pure
    a = 0.775
    acentric_factor = 0.484882
    b = 0.2518
    c = 738.0
    d = 0.2954
    pc = 53.2
    tc = 738.0
    vc = 0.325
    vc_rat = 1.168
/

&rkpr
    ac = 30.588739505924803
    b = 0.09825491714389589
    del1 = 1.265944105896999
    k = 3.3463749978037027
/

&soaveredlichkwong
    ac = 30.254256149269274
    b = 0.09993085483536378
    k = 1.2020599210633
/
