&names
    formula_extended = '(C6H4)ClNO2'
    iupac = 'P-Chloronitrobenzene'
/

&pengrobinson
    ac = 44.7925844854342
    b = 0.12205321404925688
    k = 1.062216942642514
/

&pure
    a = 0.53296
    acentric_factor = 0.487401
    b = 0.23023
    c = 751.0
    d = 0.2268
    pc = 39.8
    tc = 751.0
    vc = 0.432
    vc_rat = 1.168
/

&rkpr
    ac = 43.174377515862
    b = 0.12961757780294675
    del1 = 1.6790016197515247
    k = 3.2388731628837566
/

&soaveredlichkwong
    ac = 41.87763912808537
    b = 0.13592887981262194
    k = 1.205596220409825
/
