&names
    formula_extended = 'NH2(C6H4)Cl'
    iupac = 'P-Chloroaniline'
/

&pengrobinson
    ac = 39.15068145538024
    b = 0.10625540125285265
    k = 0.9760826793461229
/

&pure
    a = 0.65218
    acentric_factor = 0.420994
    b = 0.23739
    c = 754.0
    d = 0.285
    pc = 45.9
    tc = 754.0
    vc = 0.364
    vc_rat = 1.168
/

&rkpr
    ac = 38.76030927968225
    b = 0.10804374942428333
    del1 = 2.2141035622419283
    k = 2.8391183195350833
/

&soaveredlichkwong
    ac = 36.602891492902984
    b = 0.1183350866984307
    k = 1.1116282650937
/
