&names
    formula_extended = 'Cl(C6H4)CF3'
    iupac = 'P-Chlorobenzotrifluoride'
/

&pengrobinson
    ac = 37.93077951572327
    b = 0.12915176085995703
    k = 0.9103359817702901
/

&pure
    a = 0.67281
    acentric_factor = 0.371499
    b = 0.26845
    c = 601.0
    d = 0.28571
    pc = 30.1
    tc = 601.0
    vc = 0.399
    vc_rat = 1.168
/

&rkpr
    ac = 40.62247087836546
    b = 0.11442128646220036
    del1 = 3.8802874418183753
    k = 2.2002182628192726
/

&soaveredlichkwong
    ac = 35.46237652178722
    b = 0.14383442760005283
    k = 1.040587412274825
/
