&names
    formula_extended = 'CH3(C6H4)OH'
    iupac = 'P-Cresol'
/

&pengrobinson
    ac = 30.47537112198312
    b = 0.08850312028586847
    k = 1.0927389562803478
/

&pure
    a = 1.1503
    acentric_factor = 0.50721
    b = 0.31861
    c = 704.65
    d = 0.30104
    pc = 51.5
    tc = 704.65
    vc = 0.277
    vc_rat = 1.168
/

&rkpr
    ac = 32.33247495691263
    b = 0.07978289443977467
    del1 = 3.664699716947835
    k = 2.727213499519838
/

&soaveredlichkwong
    ac = 28.49214013439868
    b = 0.09856463096108926
    k = 1.2333276927825
/
