&names
    formula_extended = '(C6H5)C(CH3)2(C6H4)OH'
    iupac = 'P-Cumylphenol'
/

&pengrobinson
    ac = 76.87327574142427
    b = 0.18862201188996455
    k = 1.3300276023009205
/

&pure
    a = 0.33711
    acentric_factor = 0.688847
    b = 0.23698
    c = 834.0
    d = 0.27507
    pc = 28.6
    tc = 834.0
    vc = 0.703
    vc_rat = 1.168
/

&rkpr
    ac = 70.92824409318725
    b = 0.21430371899811426
    del1 = 0.41421356237309515
    k = 4.2089158977841725
/

&soaveredlichkwong
    ac = 71.87063075451738
    b = 0.21006557659234412
    k = 1.481205894853425
/
