&names
    formula_extended = 'CH3(C6H4)CH(CH3)2'
    iupac = 'P-Cymene'
/

&pengrobinson
    ac = 47.98952813640032
    b = 0.1506197490628018
    k = 0.9133923368927827
/

&pure
    a = 0.52098
    acentric_factor = 0.373778
    b = 0.25659
    c = 652.0
    d = 0.28857
    pc = 28.0
    tc = 652.0
    vc = 0.497
    vc_rat = 1.168
/

&rkpr
    ac = 48.935539477655546
    b = 0.14569813370880008
    del1 = 2.8107860158730773
    k = 2.4939703973008713
/

&soaveredlichkwong
    ac = 44.866536823227705
    b = 0.1677430121545375
    k = 1.0438773231753002
/
