&names
    formula_extended = 'CH(CH3)2C6H4C(CH3)2OOH'
    iupac = 'P-Diisopropylbenzene Hydroperoxide'
/

&pengrobinson
    ac = 83.28753527869834
    b = 0.21041564471039645
    k = 1.6293787767057129
/

&pure
    a = 0.36973
    acentric_factor = 0.927925
    b = 0.24721
    c = 810.0
    d = 0.28571
    pc = 24.9
    tc = 810.0
    vc = 0.669
    vc_rat = 1.168
/

&rkpr
    ac = 87.3483938424344
    b = 0.193705932471041
    del1 = 3.407455875666876
    k = 4.106718647708675
/

&soaveredlichkwong
    ac = 77.86747262603724
    b = 0.2343368267958281
    k = 1.789871109015625
/
