&names
    formula_extended = '(C6H4)Cl2'
    iupac = 'P-Dichlorobenzene'
/

&pengrobinson
    ac = 36.414889144589864
    b = 0.10882532855930338
    k = 0.7917572098014035
/

&pure
    a = 0.74858
    acentric_factor = 0.284638
    b = 0.26276
    c = 684.75
    d = 0.30788
    pc = 40.7
    tc = 684.75
    vc = 0.351
    vc_rat = 1.168
/

&rkpr
    ac = 37.78346694051401
    b = 0.10211882993143558
    del1 = 3.175452519852492
    k = 2.064768811037567
/

&soaveredlichkwong
    ac = 34.045135015200174
    b = 0.12119717716189637
    k = 0.9138419235673001
/
