&names
    formula_extended = 'C6H4(NO2)2'
    iupac = 'P-Dinitrobenzene'
/

&pengrobinson
    ac = 52.939481159013326
    b = 0.1349109408783378
    k = 1.295294257886724
/

&pure
    a = 0.57665
    acentric_factor = 0.661833
    b = 0.24594
    c = 803.0
    d = 0.28571
    pc = 38.5
    tc = 803.0
    vc = 0.434
    vc_rat = 1.168
/

&rkpr
    ac = 55.03707223172699
    b = 0.12615648132990823
    del1 = 3.217540569559639
    k = 3.3635638862857076
/

&soaveredlichkwong
    ac = 49.49436414695294
    b = 0.15024834217522992
    k = 1.445071131019425
/
