&names
    formula_extended = '(CH3)2CH(C6H4)CH(CH3)2'
    iupac = 'P-Diisopropylbenzene'
/

&pengrobinson
    ac = 61.246556906921846
    b = 0.18190535864026366
    k = 0.9350971974724123
/

&pure
    a = 0.42768
    acentric_factor = 0.390023
    b = 0.25774
    c = 689.0
    d = 0.2857
    pc = 24.5
    tc = 689.0
    vc = 0.598
    vc_rat = 1.168
/

&rkpr
    ac = 62.63349604529856
    b = 0.17508945491544856
    del1 = 2.8701833334007727
    k = 2.5364006600399476
/

&soaveredlichkwong
    ac = 57.26084434399778
    b = 0.20258533807971307
    k = 1.067275562407425
/
