&names
    formula_extended = 'CH3CH2(C6H4)CH2CH3'
    iupac = 'P-Diethylbenzene'
/

&pengrobinson
    ac = 48.809683844584804
    b = 0.1518200548402174
    k = 0.9520564676933045
/

&pure
    a = 0.50779
    acentric_factor = 0.402791
    b = 0.25237
    c = 657.9
    d = 0.28978
    pc = 28.03
    tc = 657.9
    vc = 0.497
    vc_rat = 1.168
/

&rkpr
    ac = 50.07643327414506
    b = 0.14531359842980857
    del1 = 2.937369530088767
    k = 2.5636235163891286
/

&soaveredlichkwong
    ac = 45.63331965504574
    b = 0.1690797751478568
    k = 1.085600930805825
/
