&names
    formula_extended = 'CH3CH2(C6H4)OH'
    iupac = 'P-Ethylphenol'
/

&pengrobinson
    ac = 37.82019828187496
    b = 0.10802417299645492
    k = 1.1036525963228698
/

&pure
    a = 0.72018
    acentric_factor = 0.515416
    b = 0.26911
    c = 716.45
    d = 0.28571
    pc = 42.9
    tc = 716.45
    vc = 0.374
    vc_rat = 1.168
/

&rkpr
    ac = 37.12334147273303
    b = 0.11140145064916446
    del1 = 2.043585614584339
    k = 3.2289612046092446
/

&soaveredlichkwong
    ac = 35.358991529413224
    b = 0.12030494192612706
    k = 1.2447753947152
/
