&names
    formula_extended = 'CH3(C6H4)CH2CH3'
    iupac = 'P-Ethyltoluene'
/

&pengrobinson
    ac = 40.10865853002857
    b = 0.1282051593477635
    k = 0.9037174799327732
/

&pure
    a = 0.60247
    acentric_factor = 0.366571
    b = 0.25726
    c = 640.2
    d = 0.31681
    pc = 32.3
    tc = 640.2
    vc = 0.427
    vc_rat = 1.168
/

&rkpr
    ac = 40.60457368579808
    b = 0.1255658299270635
    del1 = 2.662506129874497
    k = 2.5094358026858057
/

&soaveredlichkwong
    ac = 37.49852675677457
    b = 0.14278021133722282
    k = 1.033467251842825
/
