&names
    formula_extended = 'HO(C6H4)OH'
    iupac = 'P-Hydroquinone'
/

&pengrobinson
    ac = 28.73774701375237
    b = 0.07145554200607741
    k = 1.3216760558067953
/

&pure
    a = 1.0887
    acentric_factor = 0.682338
    b = 0.327
    c = 823.0
    d = 0.28571
    pc = 74.5
    tc = 823.0
    vc = 0.3
    vc_rat = 1.168
/

&rkpr
    ac = 26.515299565689173
    b = 0.08118452476194317
    del1 = 0.41421356237309515
    k = 4.187049587074636
/

&soaveredlichkwong
    ac = 26.867594549885435
    b = 0.07957899230224322
    k = 1.4725226114073
/
