&names
    formula_extended = 'OH(C6H4)CHO'
    iupac = 'P-Hydroxybenzaldehyde'
/

&pengrobinson
    ac = 45.12255336107797
    b = 0.10940426588920575
    k = 1.2375318444108934
/

&pure
    a = 0.67536
    acentric_factor = 0.617235
    b = 0.2438
    c = 844.0
    d = 0.24234
    pc = 49.9
    tc = 844.0
    vc = 0.361
    vc_rat = 1.168
/

&rkpr
    ac = 46.01217299947604
    b = 0.10582890317133822
    del1 = 2.8108418823178902
    k = 3.340864633280875
/

&soaveredlichkwong
    ac = 42.18613477879299
    b = 0.12184193120093037
    k = 1.3848565570856248
/
