&names
    formula_extended = 'CH2C(CH3)(C6H4)CHCH2'
    iupac = 'P-Isopropenylstyrene'
/

&pengrobinson
    ac = 62.43109318543726
    b = 0.17241131623532524
    k = 0.9574122598939353
/

&pure
    a = 0.45123
    acentric_factor = 0.406837
    b = 0.23961
    c = 741.0
    d = 0.28571
    pc = 27.8
    tc = 741.0
    vc = 0.531
    vc_rat = 1.168
/

&rkpr
    ac = 67.00986036850446
    b = 0.15211668068314033
    del1 = 3.931975426741737
    k = 2.31176308514715
/

&soaveredlichkwong
    ac = 58.36829512799808
    b = 0.19201196187614997
    k = 1.091396077700425
/
