&names
    formula_extended = 'HO(C6H4)OCH3'
    iupac = 'P-Methoxyphenol'
/

&pengrobinson
    ac = 36.831740692027886
    b = 0.09904227861124354
    k = 1.1310575602464605
/

&pure
    a = 0.77484
    acentric_factor = 0.536084
    b = 0.26497
    c = 761.0
    d = 0.28719
    pc = 49.7
    tc = 761.0
    vc = 0.342
    vc_rat = 1.168
/

&rkpr
    ac = 36.23070886441509
    b = 0.10178105585007173
    del1 = 2.0862111729115047
    k = 3.288349639279968
/

&soaveredlichkwong
    ac = 34.43485931608908
    b = 0.11030193748345547
    k = 1.2735036563651998
/
