&names
    formula_extended = 'CH3(C6H4)CHCH2'
    iupac = 'P-Methylstyrene'
/

&pengrobinson
    ac = 41.60191600196585
    b = 0.12801908630721265
    k = 0.8371472776389836
/

&pure
    a = 0.5272
    acentric_factor = 0.317536
    b = 0.22722
    c = 665.0
    d = 0.3466
    pc = 33.6
    tc = 665.0
    vc = 0.431
    vc_rat = 1.168
/

&rkpr
    ac = 41.761650723545564
    b = 0.12719638722887872
    del1 = 2.49122689992215
    k = 2.3750271308013637
/

&soaveredlichkwong
    ac = 38.89460823440042
    b = 0.14257298451273953
    k = 0.9621565695232001
/
