&names
    formula_extended = 'CH3(C6H10)C(CH3)2OOH'
    iupac = 'P-Menthane Hydroperoxide'
/

&pengrobinson
    ac = 54.16596752915453
    b = 0.15589778331819995
    k = 1.5960444687845547
/

&pure
    a = 0.49902
    acentric_factor = 0.900739
    b = 0.27935
    c = 711.0
    d = 0.28571
    pc = 29.5
    tc = 711.0
    vc = 0.553
    vc_rat = 1.168
/

&rkpr
    ac = 52.11368163378653
    b = 0.16604211468250443
    del1 = 1.6417087253870717
    k = 4.605637954388264
/

&soaveredlichkwong
    ac = 50.641035056754774
    b = 0.17362108172884125
    k = 1.755780305428825
/
