&names
    formula_extended = '(C6H5)NH(C6H4)NO2'
    iupac = 'P-Nitrodiphenylamine'
/

&pengrobinson
    ac = 72.97535773183837
    b = 0.1834572433594503
    k = 1.427609916267248
/

&pure
    a = 0.42406
    acentric_factor = 0.765541
    b = 0.264
    c = 814.0
    d = 0.28571
    pc = 28.7
    tc = 814.0
    vc = 0.623
    vc_rat = 1.168
/

&rkpr
    ac = 72.75544242368466
    b = 0.18438646294477756
    del1 = 2.353777462179114
    k = 3.9610129808814634
/

&soaveredlichkwong
    ac = 68.22637567007622
    b = 0.2043136493996611
    k = 1.5824022550308252
/
