&names
    formula_extended = 'NH2(C6H4)NO2'
    iupac = 'P-Nitroaniline'
/

&pengrobinson
    ac = 51.79003093059766
    b = 0.12453735740597814
    k = 1.4488273684739132
/

&pure
    a = 0.62469
    acentric_factor = 0.782374
    b = 0.254
    c = 851.0
    d = 0.28571
    pc = 44.2
    tc = 851.0
    vc = 0.406
    vc_rat = 1.168
/

&rkpr
    ac = 53.30260686766609
    b = 0.11854296364420781
    del1 = 3.0036589948487884
    k = 3.805439265908996
/

&soaveredlichkwong
    ac = 48.41971613513885
    b = 0.13869543394561526
    k = 1.6043375877217
/
