&names
    formula_extended = 'C6H4(NO2)(CH3)'
    iupac = 'P-Nitrotoluene'
/

&pengrobinson
    ac = 54.41116029671065
    b = 0.1498587856846186
    k = 0.9816376345132627
/

&pure
    a = 0.50916
    acentric_factor = 0.425222
    b = 0.22453
    c = 743.0
    d = 0.2608
    pc = 32.07
    tc = 743.0
    vc = 0.441
    vc_rat = 1.168
/

&rkpr
    ac = 60.28773991145099
    b = 0.12440920190051578
    del1 = 4.712687393209621
    k = 2.186152671570105
/

&soaveredlichkwong
    ac = 50.87027153316017
    b = 0.1668955383671358
    k = 1.1176570218753
/
