&names
    formula_extended = 'C2H5O(C6H4)NH2'
    iupac = 'P-Phenetidine'
/

&pengrobinson
    ac = 50.336590442631724
    b = 0.13661408732509625
    k = 1.1297846013898802
/

&pure
    a = 0.52581
    acentric_factor = 0.535122
    b = 0.23451
    c = 754.0
    d = 0.32106
    pc = 35.7
    tc = 754.0
    vc = 0.446
    vc_rat = 1.168
/

&rkpr
    ac = 51.751005316907545
    b = 0.130283350870733
    del1 = 2.981080875052308
    k = 3.0146416175090076
/

&soaveredlichkwong
    ac = 47.06086049087526
    b = 0.15214511146941087
    k = 1.2721698058953002
/
