&names
    formula_extended = '(C6H4)(NH2)2'
    iupac = 'P-Phenylenediamine'
/

&pengrobinson
    ac = 38.66390324284833
    b = 0.0993975462228405
    k = 1.134438529698051
/

&pure
    a = 0.78268
    acentric_factor = 0.53864
    b = 0.24797
    c = 796.0
    d = 0.28571
    pc = 51.8
    tc = 796.0
    vc = 0.317
    vc_rat = 1.168
/

&rkpr
    ac = 40.45659940407578
    b = 0.09188038347558176
    del1 = 3.3575137591743704
    k = 2.918216045037342
/

&soaveredlichkwong
    ac = 36.147791110685596
    b = 0.11069759382773325
    k = 1.27704607632
/
