&names
    formula_extended = '(CH3)3C(C6H4)OH'
    iupac = 'P-Tert-Butylphenol'
/

&pengrobinson
    ac = 50.98647323458246
    b = 0.1421483910739274
    k = 1.095633438060409
/

&pure
    a = 0.54729
    acentric_factor = 0.509385
    b = 0.2652
    c = 734.0
    d = 0.28571
    pc = 33.4
    tc = 734.0
    vc = 0.493
    vc_rat = 1.168
/

&rkpr
    ac = 49.97620373879392
    b = 0.14693164158877814
    del1 = 2.015430008760479
    k = 3.2162569400392913
/

&soaveredlichkwong
    ac = 47.66845117467953
    b = 0.1583085846313533
    k = 1.236364201310625
/
