&names
    formula_extended = 'CH3CH2(C6H4)C(CH3)3'
    iupac = 'P-Tert-Butyl Ethylbenzene'
/

&pengrobinson
    ac = 62.136182248506394
    b = 0.18589662280576763
    k = 0.9940526196430162
/

&pure
    a = 0.41849
    acentric_factor = 0.434698
    b = 0.25329
    c = 684.0
    d = 0.28571
    pc = 23.8
    tc = 684.0
    vc = 0.605
    vc_rat = 1.168
/

&rkpr
    ac = 64.03418581954439
    b = 0.17654587623277196
    del1 = 3.0310287279181134
    k = 2.651241932774729
/

&soaveredlichkwong
    ac = 58.092575967480954
    b = 0.2070303506201798
    k = 1.1311462405393
/
