&names
    formula_extended = '(C6H5)(C6H4)(C6H5)'
    iupac = 'P-Terphenyl'
/

&pengrobinson
    ac = 87.15851622982554
    b = 0.19642963765581967
    k = 1.270440894173271
/

&pure
    a = 0.34537
    acentric_factor = 0.642594
    b = 0.25163
    c = 908.0
    d = 0.28393
    pc = 29.9
    tc = 908.0
    vc = 0.729
    vc_rat = 1.168
/

&rkpr
    ac = 80.66270821733121
    b = 0.22215782201690623
    del1 = 0.6688297412781936
    k = 4.033090375964331
/

&soaveredlichkwong
    ac = 81.48654362194534
    b = 0.21876081524390925
    k = 1.4191807224537
/
