&names
    formula_extended = '(CH3)3C(C6H4)CHCH2'
    iupac = 'P-Tert-Butylstyrene'
/

&pengrobinson
    ac = 64.0693191859301
    b = 0.18492128799690413
    k = 0.9768465977697
/

&pure
    a = 0.4207
    acentric_factor = 0.421575
    b = 0.24989
    c = 709.0
    d = 0.28571
    pc = 24.8
    tc = 709.0
    vc = 0.594
    vc_rat = 1.168
/

&rkpr
    ac = 66.6819062352387
    b = 0.17258040688818474
    del1 = 3.241425820671697
    k = 2.546094872256851
/

&soaveredlichkwong
    ac = 59.89991108735839
    b = 0.2059441345049895
    k = 1.1124570908906248
/
