&names
    formula_extended = '(CH3)3C(C6H3)(OH)2'
    iupac = 'P-Tert-Butylcatechol'
/

&pengrobinson
    ac = 50.48837720907839
    b = 0.13314127954128316
    k = 1.38816379541422
/

&pure
    a = 0.49506
    acentric_factor = 0.734396
    b = 0.25298
    c = 776.0
    d = 0.28571
    pc = 37.7
    tc = 776.0
    vc = 0.511
    vc_rat = 1.168
/

&rkpr
    ac = 46.58383434315812
    b = 0.15126904369204525
    del1 = 0.41421356237309515
    k = 4.359978696006207
/

&soaveredlichkwong
    ac = 47.20276950333109
    b = 0.14827749622031333
    k = 1.5415552441572
/
