&names
    formula_extended = 'CH3CH2C(CH3)2(C6H4)OH'
    iupac = 'P-Tert-Amylphenol'
/

&pengrobinson
    ac = 59.98307649334747
    b = 0.16322772657524365
    k = 1.1672696211278994
/

&pure
    a = 0.47661
    acentric_factor = 0.563531
    b = 0.26
    c = 752.0
    d = 0.28571
    pc = 29.8
    tc = 752.0
    vc = 0.546
    vc_rat = 1.168
/

&rkpr
    ac = 60.51994045215581
    b = 0.1607901795745785
    del1 = 2.5938400699652155
    k = 3.227093845384856
/

&soaveredlichkwong
    ac = 56.0795868342357
    b = 0.18178433235506347
    k = 1.311423536106825
/
