&names
    formula_extended = '(CH3)3CCH2(CH3)2C(C6H4)OH'
    iupac = 'P-Tert-Octylphenol'
/

&pengrobinson
    ac = 81.13296412971641
    b = 0.21702958675904194
    k = 1.2574308597348722
/

&pure
    a = 0.35846
    acentric_factor = 0.632553
    b = 0.252
    c = 765.0
    d = 0.29
    pc = 22.8
    tc = 765.0
    vc = 0.704
    vc_rat = 1.168
/

&rkpr
    ac = 83.82045328950878
    b = 0.20520970189418125
    del1 = 3.083813802135184
    k = 3.3087768294965634
/

&soaveredlichkwong
    ac = 75.85311346169411
    b = 0.24170267734569698
    k = 1.405616844883425
/
