&names
    formula_extended = 'CH3(C6H4)CH2OH'
    iupac = 'P-Tolualcohol'
/

&pengrobinson
    ac = 37.395339154091275
    b = 0.11237078123550395
    k = 1.4054848016851131
/

&pure
    a = 0.68872
    acentric_factor = 0.748048
    b = 0.26653
    c = 681.0
    d = 0.22163
    pc = 39.2
    tc = 681.0
    vc = 0.387
    vc_rat = 1.168
/

&rkpr
    ac = 36.86403497678797
    b = 0.11507271338852733
    del1 = 2.128810369811406
    k = 3.9792560742802685
/

&soaveredlichkwong
    ac = 34.96178075361206
    b = 0.12514569596542507
    k = 1.5595017851968
/
