&names
    formula_extended = 'p-(C6H4)CH3NH2'
    iupac = 'P-Toluidine'
/

&pengrobinson
    ac = 37.96678154157438
    b = 0.1120881216932772
    k = 1.042755399860868
/

&pure
    a = 0.74967
    acentric_factor = 0.472235
    b = 0.25939
    c = 693.15
    d = 0.27823
    pc = 40.0
    tc = 693.15
    vc = 0.346
    vc_rat = 1.168
/

&rkpr
    ac = 40.684958762959695
    b = 0.09919513893466202
    del1 = 3.893967255509779
    k = 2.5475385147052325
/

&soaveredlichkwong
    ac = 35.49603566121381
    b = 0.12483090216632262
    k = 1.184271858335625
/
