&names
    formula_extended = 'CH3C6H4CHO'
    iupac = 'P-Tolualdehyde'
/

&pengrobinson
    ac = 41.96179913817721
    b = 0.12302169704967308
    k = 1.0038170068411163
/

&pure
    a = 0.6324
    acentric_factor = 0.442177
    b = 0.2476
    c = 698.0
    d = 0.2857
    pc = 36.7
    tc = 698.0
    vc = 0.416
    vc_rat = 1.168
/

&rkpr
    ac = 41.97664226542886
    b = 0.1229487075458659
    del1 = 2.4213073294928322
    k = 2.8545579086011847
/

&soaveredlichkwong
    ac = 39.23107142980823
    b = 0.1370074651689323
    k = 1.141770510617425
/
