&names
    formula_extended = 'CH3(C6H4)COOH'
    iupac = 'P-Toluic Acid'
/

&pengrobinson
    ac = 48.93065199691848
    b = 0.1295342290248928
    k = 1.2942421104946717
/

&pure
    a = 0.60059
    acentric_factor = 0.661017
    b = 0.238
    c = 773.0
    d = 0.28571
    pc = 38.6
    tc = 773.0
    vc = 0.397
    vc_rat = 1.168
/

&rkpr
    ac = 52.702803124935684
    b = 0.11354264527406095
    del1 = 4.013954780820331
    k = 3.1347861659597274
/

&soaveredlichkwong
    ac = 45.74641562143429
    b = 0.1442603768028549
    k = 1.443975649999425
/
