&names
    formula_extended = 'CH3(C6H4)CH3'
    iupac = 'P-Xylene'
/

&pengrobinson
    ac = 34.183921151504784
    b = 0.11352283281596826
    k = 0.8430410102486836
/

&pure
    a = 0.67752
    acentric_factor = 0.321839
    b = 0.25887
    c = 616.2
    d = 0.27596
    pc = 35.11
    tc = 616.2
    vc = 0.378
    vc_rat = 1.168
/

&rkpr
    ac = 34.61365345640846
    b = 0.11114695877123038
    del1 = 2.666671191842174
    k = 2.3420581959856634
/

&soaveredlichkwong
    ac = 31.95935064722946
    b = 0.1264287189651773
    k = 0.9684480261638251
/
