&names
    formula_extended = 'Polyring compound SEE REFERENCE # 13096'
    iupac = 'Palustric Acid'
/

&pengrobinson
    ac = 114.40233247163839
    b = 0.29671596307385306
    k = 1.6164550664387398
/

&pure
    a = 0.26219
    acentric_factor = 0.917368
    b = 0.26
    c = 789.0
    d = 0.28571
    pc = 17.2
    tc = 789.0
    vc = 0.993
    vc_rat = 1.168
/

&rkpr
    ac = 115.38259308524391
    b = 0.29247296949701485
    del1 = 2.586169379474909
    k = 4.339555628214861
/

&soaveredlichkwong
    ac = 106.95742721022127
    b = 0.33044822946551244
    k = 1.7766635237008
/
