&names
    formula_extended = '-OCH(CH3)-OCH(CH3)-OCH(CH3)-'
    iupac = 'Paraldehyde'
/

&pengrobinson
    ac = 30.275993454731037
    b = 0.10700470516240765
    k = 0.9967973738223442
/

&pure
    a = 0.78044
    acentric_factor = 0.436798
    b = 0.28486
    c = 579.0
    d = 0.31341
    pc = 35.0
    tc = 579.0
    vc = 0.365
    vc_rat = 1.168
/

&rkpr
    ac = 30.077385878407682
    b = 0.1081870673351913
    del1 = 2.282623675907878
    k = 2.876253694929961
/

&soaveredlichkwong
    ac = 28.30573727117257
    b = 0.119169575506107
    k = 1.1341313657593
/
