&names
    formula_extended = '(C6H)(CH3)5'
    iupac = 'Pentamethylbenzene'
/

&pengrobinson
    ac = 56.95952938897487
    b = 0.1620801923365463
    k = 1.031696709235648
/

&pure
    a = 0.45747
    acentric_factor = 0.46366
    b = 0.24613
    c = 719.15
    d = 0.29266
    pc = 28.7
    tc = 719.15
    vc = 0.538
    vc_rat = 1.168
/

&rkpr
    ac = 57.815952975393714
    b = 0.15802917569342595
    del1 = 2.7163243225290348
    k = 2.844270009946597
/

&soaveredlichkwong
    ac = 53.25280164248465
    b = 0.18050634025278411
    k = 1.17217923577
/
