&names
    formula_extended = 'CCl3CCl2F'
    iupac = 'Pentachlorofluoroethane'
/

&pengrobinson
    ac = 36.84953671455869
    b = 0.1208454986786522
    k = 0.7363425116213838
/

&pure
    a = 0.69258
    acentric_factor = 0.245036
    b = 0.26457
    c = 624.0
    d = 0.28571
    pc = 33.4
    tc = 624.0
    vc = 0.382
    vc_rat = 1.168
/

&rkpr
    ac = 38.81188104258493
    b = 0.11039217017800769
    del1 = 3.5018392170177863
    k = 1.8324578656028507
/

&soaveredlichkwong
    ac = 34.45149723546841
    b = 0.1345838648637118
    k = 0.8551792017732001
/
