&names
    formula_extended = 'CHCl2CCl3'
    iupac = 'Pentachloroethane'
/

&pengrobinson
    ac = 37.98435808875143
    b = 0.11688699184571591
    k = 0.736982586800208
/

&pure
    a = 0.72163
    acentric_factor = 0.24549
    b = 0.26628
    c = 665.0
    d = 0.28491
    pc = 36.8
    tc = 665.0
    vc = 0.369
    vc_rat = 1.168
/

&rkpr
    ac = 40.045968476901926
    b = 0.10658828598424235
    del1 = 3.5233917942847914
    k = 1.8287975619375203
/

&soaveredlichkwong
    ac = 35.512468387930824
    b = 0.13017533368554482
    k = 0.8558548254824999
/
