&names
    formula_extended = 'CHF2CF3'
    iupac = 'Pentafluoroethane'
/

&pengrobinson
    ac = 10.044649902284165
    b = 0.06060477051720003
    k = 0.8202767745726965
/

&pure
    a = 1.2347
    acentric_factor = 0.305259
    b = 0.26314
    c = 339.17
    d = 0.27507
    pc = 36.199
    tc = 339.165
    vc = 0.2113
    vc_rat = 1.168
/

&rkpr
    ac = 9.8032631831035
    b = 0.06308457637505414
    del1 = 1.9295972947610065
    k = 2.4870265254158537
/

&soaveredlichkwong
    ac = 9.390979078525852
    b = 0.06749464675612263
    k = 0.9441706310108251
/
