&names
    formula_extended = 'C(CH2OH)4'
    iupac = 'Pentaerythritol'
/

&pengrobinson
    ac = 40.23190789311782
    b = 0.10555020020572653
    k = 3.0009825746199623
/

&pure
    a = 0.73706
    acentric_factor = 2.17276
    b = 0.281
    c = 780.0
    d = 0.29
    pc = 47.8
    tc = 780.0
    vc = 0.381
    vc_rat = 1.168
/

&rkpr
    ac = 38.140639266117454
    b = 0.11505620660227173
    del1 = 1.3307953804244903
    k = 7.192629796772328
/

&soaveredlichkwong
    ac = 37.61375548066962
    b = 0.11754971460376502
    k = 3.07376918692
/
