&names
    formula_extended = '(C6H)(CH2CH3)5'
    iupac = 'Pentaethylbenzene'
/

&pengrobinson
    ac = 89.36804743377833
    b = 0.25017731553035244
    k = 1.3054766026665727
/

&pure
    a = 0.31097
    acentric_factor = 0.669737
    b = 0.25061
    c = 731.0
    d = 0.28571
    pc = 18.9
    tc = 731.0
    vc = 0.813
    vc_rat = 1.168
/

&rkpr
    ac = 92.20123295647188
    b = 0.23712585594902058
    del1 = 3.0546851973714415
    k = 3.4376594966289753
/

&soaveredlichkwong
    ac = 83.55228623234257
    b = 0.27861881818897277
    k = 1.455670199395425
/
