&names
    formula_extended = 'C(CH2ONO2)4'
    iupac = 'Pentaerythritol Tetranitrate'
/

&pengrobinson
    ac = 64.48440443297308
    b = 0.19520504288047164
    k = 2.239558477534978
/

&pure
    a = 0.39854
    acentric_factor = 1.45136
    b = 0.291
    c = 676.0
    d = 0.28571
    pc = 22.4
    tc = 676.0
    vc = 0.731
    vc_rat = 1.168
/

&rkpr
    ac = 59.497472089134355
    b = 0.22178305828312042
    del1 = 0.41421356237309515
    k = 6.287194629428225
/

&soaveredlichkwong
    ac = 60.28798403252882
    b = 0.21739700194874872
    k = 2.39581261632
/
