&names
    formula_extended = 'CH3(CH2)13COOH'
    iupac = 'Pentadecanoic Acid'
/

&pengrobinson
    ac = 118.6568300689232
    b = 0.31330986912028364
    k = 1.6667452903745223
/

&pure
    a = 0.30633
    acentric_factor = 0.95857
    b = 0.26465
    c = 775.0
    d = 0.30736
    pc = 16.0
    tc = 775.0
    vc = 0.864
    vc_rat = 1.168
/

&rkpr
    ac = 137.21177178552188
    b = 0.23841595422485687
    del1 = 5.90410700785614
    k = 3.525340499690869
/

&soaveredlichkwong
    ac = 110.93505692498661
    b = 0.3489286199917047
    k = 1.8279893021425002
/
