&names
    formula_extended = 'CH3COOOH'
    iupac = 'Peracetic Acid'
/

&pengrobinson
    ac = 15.048995108978632
    b = 0.055789370243353724
    k = 1.4108622589653845
/

&pure
    a = 1.2274
    acentric_factor = 0.752294
    b = 0.24307
    c = 552.0
    d = 0.2669
    pc = 64.0
    tc = 552.0
    vc = 0.198
    vc_rat = 1.168
/

&rkpr
    ac = 14.472428405613684
    b = 0.059461181901418435
    del1 = 1.6327011137195118
    k = 4.152424720213816
/

&soaveredlichkwong
    ac = 14.069658932474967
    b = 0.062131805882393865
    k = 1.5650701600737
/
