&names
    formula_extended = 'HClO4'
    iupac = 'Perchloric Acid'
/

&pengrobinson
    ac = 32.60473940134296
    b = 0.10573880791035879
    k = 0.45071467167236146
/

&pure
    a = 1.5563
    acentric_factor = 0.0497601
    b = 0.26092
    c = 631.0
    d = 0.34521
    pc = 38.6
    tc = 631.0
    vc = 0.168
    vc_rat = 1.168
/

&rkpr
    ac = 49.20721233429262
    b = 0.03812696433703019
    del1 = 22.12248860520601
    k = -0.7680104760823334
/

&soaveredlichkwong
    ac = 30.48293654407718
    b = 0.11775976424657364
    k = 0.5578890855783982
/
