&names
    formula_extended = 'ClO3F'
    iupac = 'Perchloryl Fluoride'
/

&pengrobinson
    ac = 7.98866623734675
    b = 0.04437493103964917
    k = 0.632749481309392
/

&pure
    a = 1.69
    acentric_factor = 0.17257
    b = 0.272
    c = 368.4
    d = 0.2987
    pc = 53.7
    tc = 368.4
    vc = 0.161
    vc_rat = 1.168
/

&rkpr
    ac = 7.540307241446868
    b = 0.048701261367990474
    del1 = 1.232689216216336
    k = 2.1381269162470833
/

&soaveredlichkwong
    ac = 7.468791668208287
    b = 0.049419711844274745
    k = 0.7464136091425
/
