&names
    formula_extended = '(C6H5)NHNH2'
    iupac = 'Phenylhydrazine'
/

&pengrobinson
    ac = 37.281823063009895
    b = 0.10025257122156424
    k = 1.1297859247642186
/

&pure
    a = 0.47091
    acentric_factor = 0.535123
    b = 0.19684
    c = 761.0
    d = 0.24048
    pc = 49.1
    tc = 761.0
    vc = 0.418
    vc_rat = 1.168
/

&rkpr
    ac = 34.39861539589949
    b = 0.11390239472388748
    del1 = 0.41421356237309515
    k = 3.6738439154154356
/

&soaveredlichkwong
    ac = 34.855651894289764
    b = 0.1116498226665527
    k = 1.2721711926024253
/
