&names
    formula_extended = '(C6H5)SiCl3'
    iupac = 'Phenyltrichlorosilane'
/

&pengrobinson
    ac = 50.54689524731051
    b = 0.15034503222650747
    k = 0.9425330217940315
/

&pure
    a = 0.52299
    acentric_factor = 0.395613
    b = 0.26096
    c = 688.0
    d = 0.30243
    pc = 29.6
    tc = 688.0
    vc = 0.499
    vc_rat = 1.168
/

&rkpr
    ac = 51.31065252850306
    b = 0.14656894354463568
    del1 = 2.7178209515117255
    k = 2.599932656332919
/

&soaveredlichkwong
    ac = 47.25747939149048
    b = 0.16743706403089298
    k = 1.075305673990425
/
