&names
    formula_extended = '(C6H5)NCO'
    iupac = 'Phenyl Isocyanate'
/

&pengrobinson
    ac = 33.19782632195532
    b = 0.10403500755025338
    k = 0.9646601015916761
/

&pure
    a = 0.63163
    acentric_factor = 0.412323
    b = 0.23373
    c = 653.0
    d = 0.28571
    pc = 40.6
    tc = 653.0
    vc = 0.37
    vc_rat = 1.168
/

&rkpr
    ac = 31.869981666123
    b = 0.11119084634416843
    del1 = 1.596719562184281
    k = 2.987597437573461
/

&soaveredlichkwong
    ac = 31.03742743399376
    b = 0.1158622666986598
    k = 1.099244607142425
/
