&names
    formula_extended = '(C6H5)Si(CH3)Cl2'
    iupac = 'Phenylmethyldichlorosilane'
/

&pengrobinson
    ac = 52.28364614005523
    b = 0.15528506225388364
    k = 0.9513025592563027
/

&pure
    a = 0.49903
    acentric_factor = 0.402222
    b = 0.2535
    c = 689.0
    d = 0.33126
    pc = 28.7
    tc = 689.0
    vc = 0.508
    vc_rat = 1.168
/

&rkpr
    ac = 53.66826399643805
    b = 0.14849638974438803
    del1 = 2.9481542986233147
    k = 2.5585415300667886
/

&soaveredlichkwong
    ac = 48.88120858633957
    b = 0.17293870323877947
    k = 1.0847854839753002
/
