&names
    formula_extended = '(C6H5)CH2CN'
    iupac = 'Phenylacetonitrile'
/

&pengrobinson
    ac = 48.95030282942797
    b = 0.1368444970030491
    k = 1.0418026288460518
/

&pure
    a = 0.62719
    acentric_factor = 0.471495
    b = 0.2452
    c = 732.0
    d = 0.27607
    pc = 34.6
    tc = 732.0
    vc = 0.391
    vc_rat = 1.168
/

&rkpr
    ac = 55.31976336209238
    b = 0.10920636672570058
    del1 = 5.241165936487195
    k = 2.2221688313938834
/

&soaveredlichkwong
    ac = 45.76478764622036
    b = 0.15240171535867408
    k = 1.183229311370625
/
