&names
    formula_extended = '(C6H5)SH'
    iupac = 'Phenyl Mercaptan'
/

&pengrobinson
    ac = 31.656975616446946
    b = 0.09402281195541055
    k = 0.7612888119840117
/

&pure
    a = 0.83573
    acentric_factor = 0.262789
    b = 0.26326
    c = 689.0
    d = 0.30798
    pc = 47.4
    tc = 689.0
    vc = 0.315
    vc_rat = 1.168
/

&rkpr
    ac = 31.90118774102901
    b = 0.09281170519980217
    del1 = 2.5690082038845277
    k = 2.144807593973783
/

&soaveredlichkwong
    ac = 29.596849924640203
    b = 0.10471183086398672
    k = 0.881544725758825
/
