&names
    formula_extended = '(C6H5)OH'
    iupac = 'Phenol'
/

&pengrobinson
    ac = 24.85310312607583
    b = 0.07325677053492839
    k = 1.005489023809728
/

&pure
    a = 1.3798
    acentric_factor = 0.44346
    b = 0.31598
    c = 694.25
    d = 0.32768
    pc = 61.3
    tc = 694.25
    vc = 0.229
    vc_rat = 1.168
/

&rkpr
    ac = 26.391181022560456
    b = 0.06593053246272886
    del1 = 3.6849488452409602
    k = 2.50326664410386
/

&soaveredlichkwong
    ac = 23.23574975374197
    b = 0.0815849941770848
    k = 1.14359110497
/
