&names
    formula_extended = 'Polyring compound, see refs. 1115, 2633'
    iupac = 'Phenanthrene'
/

&pengrobinson
    ac = 82.30967266722736
    b = 0.19382693749714897
    k = 1.0407993248270926
/

&pure
    a = 0.45554
    acentric_factor = 0.470716
    b = 0.2523
    c = 869.0
    d = 0.24841
    pc = 29.0
    tc = 869.0
    vc = 0.554
    vc_rat = 1.168
/

&rkpr
    ac = 92.99922723704123
    b = 0.15474999663724534
    del1 = 5.235021529812266
    k = 2.2209449856909593
/

&soaveredlichkwong
    ac = 76.9532459068055
    b = 0.21586222613413403
    k = 1.1821316122852
/
