&names
    formula_extended = 'C6H5OC2H5'
    iupac = 'Phenetole'
/

&pengrobinson
    ac = 38.70732193054606
    b = 0.12239712163060042
    k = 0.9719469975023861
/

&pure
    a = 0.66871
    acentric_factor = 0.417851
    b = 0.26079
    c = 647.15
    d = 0.2947
    pc = 34.2
    tc = 647.15
    vc = 0.39
    vc_rat = 1.168
/

&rkpr
    ac = 40.52908143494609
    b = 0.11300499553403169
    del1 = 3.3720934006666194
    k = 2.497235612387967
/

&soaveredlichkwong
    ac = 36.18838426144277
    b = 0.13631188465731398
    k = 1.1071425688148249
/
