&names
    formula_extended = 'PH3'
    iupac = 'Phosphine'
/

&pengrobinson
    ac = 5.09717906526092
    b = 0.032119129524494305
    k = 0.4437360065965185
/

&pure
    a = 2.5689
    acentric_factor = 0.0451587
    b = 0.29028
    c = 324.75
    d = 0.36975
    pc = 65.4
    tc = 324.75
    vc = 0.113
    vc_rat = 1.168
/

&rkpr
    ac = 4.93775814511512
    b = 0.03383729022845515
    del1 = 1.7804762802007872
    k = 1.468334796690218
/

&soaveredlichkwong
    ac = 4.765472408399234
    b = 0.03577060490237541
    k = 0.5507229148675044
/
