&names
    formula_extended = 'POCl3'
    iupac = 'Phosphorus Oxychloride'
/

&pengrobinson
    ac = 33.316568061437664
    b = 0.11322402862162266
    k = 0.501092971418825
/

&pure
    a = 1.7432
    acentric_factor = 0.0832036
    b = 0.35087
    c = 602.15
    d = 0.42596
    pc = 34.4
    tc = 602.15
    vc = 0.201
    vc_rat = 1.168
/

&rkpr
    ac = 48.20206222250911
    b = 0.04749970601328482
    del1 = 17.705623403567692
    k = -0.4457485422674207
/

&soaveredlichkwong
    ac = 31.148441874723336
    b = 0.12609594510307875
    k = 0.6097509695657319
/
