&names
    formula_extended = 'H3PO4'
    iupac = 'Phosphoric Acid'
/

&pengrobinson
    ac = 66.141769526629
    b = 0.13140794408862438
    k = 0.37464
/

&pure
    a = 0.40851
    acentric_factor = 0.0
    b = 0.13889
    c = 1030.0
    d = 0.15872
    pc = 50.7
    tc = 1030.0
    vc = 0.34
    vc_rat = 1.168
/

&rkpr
    ac = 79.53692510486422
    b = 0.09179172927328105
    del1 = 7.17830710571692
    k = 0.2159255067602679
/

&soaveredlichkwong
    ac = 61.837493579542745
    b = 0.1463471058716878
    k = 0.48
/
