&names
    formula_extended = 'PCl3'
    iupac = 'Phosphorus Trichloride'
/

&pengrobinson
    ac = 17.679681526801737
    b = 0.06424412003689829
    k = 0.7213621507844891
/

&pure
    a = 0.98786
    acentric_factor = 0.234433
    b = 0.25681
    c = 563.15
    d = 0.2969
    pc = 56.7
    tc = 563.15
    vc = 0.26
    vc_rat = 1.168
/

&rkpr
    ac = 16.312414876670555
    b = 0.07299123633407216
    del1 = 0.41421356237309515
    k = 2.5146052980790734
/

&soaveredlichkwong
    ac = 16.52914944257438
    b = 0.07154773710128591
    k = 0.839379746489425
/
