&names
    formula_extended = 'COCl2'
    iupac = 'Phosgene'
/

&pengrobinson
    ac = 11.53260648922371
    b = 0.051867953468970815
    k = 0.6741722257252084
/

&pure
    a = 1.4453
    acentric_factor = 0.201309
    b = 0.27462
    c = 455.0
    d = 0.2768
    pc = 56.742
    tc = 455.0
    vc = 0.19
    vc_rat = 1.168
/

&rkpr
    ac = 10.795565642717337
    b = 0.05765455359465085
    del1 = 1.0326675589307717
    k = 2.300847617777117
/

&soaveredlichkwong
    ac = 10.782104634283295
    b = 0.0577645813601033
    k = 0.789768436140825
/
