&names
    formula_extended = 'COOH(C6H4)COOH'
    iupac = 'Phthalic Acid'
/

&pengrobinson
    ac = 51.214412830760075
    b = 0.13100420823975925
    k = 1.7870764629390758
/

&pure
    a = 0.59385
    acentric_factor = 1.05849
    b = 0.252
    c = 800.0
    d = 0.28571
    pc = 39.5
    tc = 800.0
    vc = 0.424
    vc_rat = 1.168
/

&rkpr
    ac = 53.00063690219651
    b = 0.12349984520242675
    del1 = 3.119784184814323
    k = 4.55394811785183
/

&soaveredlichkwong
    ac = 47.88155725599599
    b = 0.1458974711602718
    k = 1.9499930709825
/
