&names
    formula_extended = 'Polyring compound'
    iupac = 'Phthalan'
/

&pengrobinson
    ac = 36.145528017042054
    b = 0.10566704661112435
    k = 0.9103587907619405
/

&pure
    a = 0.71709
    acentric_factor = 0.371516
    b = 0.25534
    c = 700.0
    d = 0.28571
    pc = 42.85
    tc = 700.0
    vc = 0.3562
    vc_rat = 1.168
/

&rkpr
    ac = 36.24791203415764
    b = 0.1051657841941704
    del1 = 2.471023906391352
    k = 2.5824117318464426
/

&soaveredlichkwong
    ac = 33.79330297147763
    b = 0.117679844736917
    k = 1.0406119598052
/
