&names
    formula_extended = 'C6H4(CO)2O'
    iupac = 'Phthalic Anhydride'
/

&pengrobinson
    ac = 41.90060443780888
    b = 0.1083993904752955
    k = 1.3475033079546215
/

&pure
    a = 0.5393
    acentric_factor = 0.702495
    b = 0.22704
    c = 791.0
    d = 0.248
    pc = 47.2
    tc = 791.0
    vc = 0.421
    vc_rat = 1.168
/

&rkpr
    ac = 38.66020109788976
    b = 0.1231584388440114
    del1 = 0.41421356237309515
    k = 4.254538197994414
/

&soaveredlichkwong
    ac = 39.173859067359935
    b = 0.12072281614584514
    k = 1.499364765620625
/
