&names
    formula_extended = 'SEE REFERENCE # 13096'
    iupac = 'Pimaric Acid'
/

&pengrobinson
    ac = 124.94152624106778
    b = 0.3167834580231517
    k = 1.4604903446043387
/

&pure
    a = 0.24558
    acentric_factor = 0.791651
    b = 0.245
    c = 807.1
    d = 0.28571
    pc = 16.48
    tc = 807.1
    vc = 0.998
    vc_rat = 1.168
/

&rkpr
    ac = 131.92161843622821
    b = 0.2880811253534254
    del1 = 3.557013191672916
    k = 3.6655281039025787
/

&soaveredlichkwong
    ac = 116.81076696382829
    b = 0.35279710516167223
    k = 1.616384195484825
/
