&names
    formula_extended = 'HO2C(CH2)5CO2H'
    iupac = 'Pimelic Acid'
/

&pengrobinson
    ac = 65.23361291047003
    b = 0.165828276731837
    k = 1.8551177675639603
/

&pure
    a = 0.46914
    acentric_factor = 1.11583
    b = 0.22
    c = 805.0
    d = 0.28571
    pc = 31.4
    tc = 805.0
    vc = 0.469
    vc_rat = 1.168
/

&rkpr
    ac = 74.21744491995715
    b = 0.13053766475900042
    del1 = 5.428820877164067
    k = 4.043526755744249
/

&soaveredlichkwong
    ac = 60.98843663227827
    b = 0.18468052703896268
    k = 2.0184280169425004
/
