&names
    formula_extended = '-NHCH2CH2CH2CH2CH2-'
    iupac = 'Piperidine'
/

&pengrobinson
    ac = 23.9842304614305
    b = 0.08262012051747714
    k = 0.7332124374456092
/

&pure
    a = 0.8266
    acentric_factor = 0.242817
    b = 0.2546
    c = 594.05
    d = 0.2714
    pc = 46.5082
    tc = 594.05
    vc = 0.308
    vc_rat = 1.168
/

&rkpr
    ac = 22.129398495749356
    b = 0.09386920918485747
    del1 = 0.41421356237309515
    k = 2.5489476839913108
/

&soaveredlichkwong
    ac = 22.423420295277538
    b = 0.09201282014082995
    k = 0.851875941289425
/
