&names
    formula_extended = '-NHCH2CH2NHCH2CH2-'
    iupac = 'Piperazine'
/

&pengrobinson
    ac = 23.26620475031686
    b = 0.07462561147943429
    k = 0.966555912235008
/

&pure
    a = 1.0425
    acentric_factor = 0.41376
    b = 0.323
    c = 638.0
    d = 0.28571
    pc = 55.3
    tc = 638.0
    vc = 0.31
    vc_rat = 1.168
/

&rkpr
    ac = 21.466901647373092
    b = 0.08478621297858188
    del1 = 0.41421356237309515
    k = 3.223895506528109
/

&soaveredlichkwong
    ac = 21.752121196104508
    b = 0.08310945232165481
    k = 1.1012987059200001
/
