&names
    formula_extended = 'KCl'
    iupac = 'Potassium Chloride'
/

&pengrobinson
    ac = 211.44419380580746
    b = 0.12469508196099029
    k = 0.1837257835708571
/

&pure
    a = 0.084585
    acentric_factor = -0.121217
    b = 0.053545
    c = 3470.0
    d = 0.37353
    pc = 180.0
    tc = 3470.0
    vc = 0.625
    vc_rat = 1.168
/

&rkpr
    ac = 195.0920556682347
    b = 0.14167285958440484
    del1 = 0.41421356237309515
    k = 0.9510896675478213
/

&soaveredlichkwong
    ac = 197.68414226707498
    b = 0.13887108947626844
    k = 0.28663306880942496
/
