&names
    formula_extended = 'KBr'
    iupac = 'Potassium Bromide'
/

&pengrobinson
    ac = 339.02654738046624
    b = 0.19709430659421365
    k = 0.37464
/

&pure
    a = 0.39124
    acentric_factor = 0.0
    b = 0.12288
    c = 3520.0
    d = 0.5798
    pc = 115.521
    tc = 3520.0
    vc = 0.314
    vc_rat = 1.168
/

&rkpr
    ac = 511.15922382063457
    b = 0.07133227044519458
    del1 = 22.00519930895712
    k = -0.9136896268832284
/

&soaveredlichkwong
    ac = 316.96388072129963
    b = 0.2195010473217444
    k = 0.48
/
