&names
    formula_extended = 'K'
    iupac = 'Potassium'
/

&pengrobinson
    ac = 97.62662196872753
    b = 0.08986939858766328
    k = 0.050718892997711984
/

&pure
    a = 0.98762
    acentric_factor = -0.20283
    b = 0.20637
    c = 2223.0
    d = 0.3597
    pc = 160.0
    tc = 2223.0
    vc = 0.209
    vc_rat = 1.168
/

&rkpr
    ac = 124.64082175095741
    b = 0.0543738345581921
    del1 = 9.587933771389618
    k = -0.8212009745034418
/

&soaveredlichkwong
    ac = 91.273421506407
    b = 0.10008623512794317
    k = 0.15354607844249996
/
