&names
    formula_extended = '-OCH(CH3)CH2OCO-'
    iupac = 'Propylene Carbonate'
/

&pengrobinson
    ac = 35.36480342843763
    b = 0.09301964702902128
    k = 1.0136915426145356
/

&pure
    a = 1.122
    acentric_factor = 0.449764
    b = 0.27599
    c = 778.0
    d = 0.40344
    pc = 54.1
    tc = 778.0
    vc = 0.246
    vc_rat = 1.168
/

&rkpr
    ac = 41.97199442030033
    b = 0.06691593374073303
    del1 = 6.728082015300541
    k = 1.8531785606282316
/

&soaveredlichkwong
    ac = 33.06338521934099
    b = 0.10359462075384271
    k = 1.1525281962532001
/
