&names
    formula_extended = '-CH(CH3)CH2NH-'
    iupac = 'Propyleneimine'
/

&pengrobinson
    ac = 16.320045946391343
    b = 0.06313188268620593
    k = 0.7525959811445236
/

&pure
    a = 1.2323
    acentric_factor = 0.256589
    b = 0.2566
    c = 529.0
    d = 0.286
    pc = 54.2
    tc = 529.0
    vc = 0.208
    vc_rat = 1.168
/

&rkpr
    ac = 16.661275828507122
    b = 0.060945457085050364
    del1 = 2.8349899720068583
    k = 2.048960457201927
/

&soaveredlichkwong
    ac = 15.257994209264572
    b = 0.07030905462706316
    k = 0.8723494508888251
/
