&names
    formula_extended = 'CH3CH2COOH'
    iupac = 'Propionic Acid'
/

&pengrobinson
    ac = 24.712902178423306
    b = 0.08417238506944241
    k = 1.1817115522252444
/

&pure
    a = 1.1041
    acentric_factor = 0.574521
    b = 0.25659
    c = 600.81
    d = 0.26874
    pc = 46.17
    tc = 600.81
    vc = 0.233
    vc_rat = 1.168
/

&rkpr
    ac = 28.508518792373785
    b = 0.06437833060769242
    del1 = 5.831772493186534
    k = 2.4267256451912336
/

&soaveredlichkwong
    ac = 23.104672595353904
    b = 0.09374155447498955
    k = 1.326533037597825
/
