&names
    formula_extended = 'CH3CH2CN'
    iupac = 'Propionitrile'
/

&pengrobinson
    ac = 24.088349732616464
    b = 0.08733796703515385
    k = 0.8463621817789532
/

&pure
    a = 1.0224
    acentric_factor = 0.324267
    b = 0.23452
    c = 564.4
    d = 0.2804
    pc = 41.8
    tc = 564.4
    vc = 0.229
    vc_rat = 1.168
/

&rkpr
    ac = 28.73750696122562
    b = 0.062108120477454815
    del1 = 6.903048500911357
    k = 1.40816509410168
/

&soaveredlichkwong
    ac = 22.520763847008137
    b = 0.09726701682275321
    k = 0.9719951677244251
/
