&names
    formula_extended = 'CH3CH2CH3'
    iupac = 'Propane'
/

&pengrobinson
    ac = 10.177218214012193
    b = 0.056313171203088264
    k = 0.6032521849200244
/

&pure
    a = 1.3757
    acentric_factor = 0.152291
    b = 0.27453
    c = 369.83
    d = 0.29359
    pc = 42.48
    tc = 369.83
    vc = 0.2
    vc_rat = 1.168
/

&rkpr
    ac = 9.781520940201228
    b = 0.060075742000359186
    del1 = 1.6206023826066824
    k = 1.9591440118215182
/

&soaveredlichkwong
    ac = 9.514920306346077
    b = 0.06271515535218135
    k = 0.715647337980825
/
