&names
    formula_extended = 'CH2CCH2'
    iupac = 'Propadiene'
/

&pengrobinson
    ac = 9.346359027164791
    b = 0.04854329744846126
    k = 0.5322954014415412
/

&pure
    a = 1.6087
    acentric_factor = 0.104121
    b = 0.26543
    c = 394.0
    d = 0.29895
    pc = 52.5
    tc = 394.0
    vc = 0.165
    vc_rat = 1.168
/

&rkpr
    ac = 9.311326281506382
    b = 0.048849254959123234
    del1 = 2.3390403759899745
    k = 1.574515890850224
/

&soaveredlichkwong
    ac = 8.738130540969522
    b = 0.05406196056350738
    k = 0.641989247037825
/
