&names
    formula_extended = '(CH3)3COCH2CH(OH)CH3'
    iupac = 'Propylene Glycol 1-Tert-Butyl Ether'
/

&pengrobinson
    ac = 33.98632835904342
    b = 0.12266035743485652
    k = 1.4380025512567671
/

&pure
    a = 0.63424
    acentric_factor = 0.773779
    b = 0.2749
    c = 567.0
    d = 0.28571
    pc = 29.9
    tc = 567.0
    vc = 0.433
    vc_rat = 1.168
/

&rkpr
    ac = 32.8309656228713
    b = 0.12980428728666366
    del1 = 1.7237959398766505
    k = 4.191581593812764
/

&soaveredlichkwong
    ac = 31.774616505360544
    b = 0.13660504652345432
    k = 1.593149706352825
/
