&names
    formula_extended = 'CH3CH(OC(CH3)3)CH2OH'
    iupac = 'Propylene Glycol 2-Tert-Butyl Ether'
/

&pengrobinson
    ac = 35.31781343530468
    b = 0.12504001163553277
    k = 1.439094059818313
/

&pure
    a = 0.62217
    acentric_factor = 0.774645
    b = 0.27291
    c = 578.0
    d = 0.28571
    pc = 29.9
    tc = 578.0
    vc = 0.439
    vc_rat = 1.168
/

&rkpr
    ac = 34.271926083838714
    b = 0.13136669476029755
    del1 = 1.8149255476870947
    k = 4.164983595700011
/

&soaveredlichkwong
    ac = 33.0194531712652
    b = 0.13925523261121095
    k = 1.594278126695625
/
