&names
    formula_extended = 'CH2CHCH3'
    iupac = 'Propylene'
/

&pengrobinson
    ac = 9.149539041125239
    b = 0.05131075287158104
    k = 0.5869068476223028
/

&pure
    a = 1.5262
    acentric_factor = 0.141119
    b = 0.27529
    c = 364.9
    d = 0.30549
    pc = 46.0
    tc = 364.9
    vc = 0.185
    vc_rat = 1.168
/

&rkpr
    ac = 8.682510152095578
    b = 0.055845965211100974
    del1 = 1.3524108041451015
    k = 1.979038835150586
/

&soaveredlichkwong
    ac = 8.55411891397266
    b = 0.057144035202231935
    k = 0.698636255871825
/
