&names
    formula_extended = 'ClCH2CCH'
    iupac = 'Propargyl Chloride'
/

&pengrobinson
    ac = 17.455326641743152
    b = 0.06602581198064941
    k = 0.5998531934261836
/

&pure
    a = 1.3114
    acentric_factor = 0.149964
    b = 0.27671
    c = 541.0
    d = 0.23319
    pc = 53.0
    tc = 541.0
    vc = 0.211
    vc_rat = 1.168
/

&rkpr
    ac = 18.2369778772682
    b = 0.061198665521255136
    del1 = 3.3244777742997647
    k = 1.5108564197490295
/

&soaveredlichkwong
    ac = 16.31939479186514
    b = 0.07353198136696763
    k = 0.7121077257732
/
