&names
    formula_extended = 'HCCCH2OH'
    iupac = 'Propargyl Alcohol'
/

&pengrobinson
    ac = 16.283663734986934
    b = 0.057452266668699944
    k = 1.1555408150473399
/

&pure
    a = 1.3541
    acentric_factor = 0.554624
    b = 0.249
    c = 580.0
    d = 0.2857
    pc = 65.3
    tc = 580.0
    vc = 0.176
    vc_rat = 1.168
/

&rkpr
    ac = 17.5447619765426
    b = 0.05032847078506131
    del1 = 4.021717549392916
    k = 2.7902669962028397
/

&soaveredlichkwong
    ac = 15.22397962543606
    b = 0.06398374931626774
    k = 1.2991468142592002
/
