&names
    formula_extended = 'CH3CH(OH)CH2OCH3'
    iupac = 'Propylene Glycol Monomethyl Ether'
/

&pengrobinson
    ac = 22.272545389825584
    b = 0.08241907899438886
    k = 1.3723186936472704
/

&pure
    a = 0.84648
    acentric_factor = 0.72194
    b = 0.24886
    c = 553.0
    d = 0.3069
    pc = 43.4
    tc = 553.0
    vc = 0.294
    vc_rat = 1.168
/

&rkpr
    ac = 21.32804761651011
    b = 0.08843850840730669
    del1 = 1.5448097415642195
    k = 4.082169223363908
/

&soaveredlichkwong
    ac = 20.823125725248627
    b = 0.09178892313621535
    k = 1.5251240213700001
/
