&names
    formula_extended = '-CHC(CH2CHCH2)(CH2)3CH2-'
    iupac = 'Propenyl Cyclohexene'
/

&pengrobinson
    ac = 40.97971718396683
    b = 0.13185447593746924
    k = 0.8704880560832999
/

&pure
    a = 0.61255
    acentric_factor = 0.341975
    b = 0.26769
    c = 636.0
    d = 0.28571
    pc = 31.2
    tc = 636.0
    vc = 0.437
    vc_rat = 1.168
/

&rkpr
    ac = 41.645412345997315
    b = 0.12829657784576923
    del1 = 2.7407082421673272
    k = 2.3964825123298095
/

&soaveredlichkwong
    ac = 38.31289994796393
    b = 0.14684440186251393
    k = 0.997802942390625
/
