&names
    formula_extended = '(C2H5CO)2O'
    iupac = 'Propionic Anhydride'
/

&pengrobinson
    ac = 37.517825596560016
    b = 0.12323459703624294
    k = 1.1625304038946203
/

&pure
    a = 0.64137
    acentric_factor = 0.55993
    b = 0.25398
    c = 623.0
    d = 0.3121
    pc = 32.7
    tc = 623.0
    vc = 0.396
    vc_rat = 1.168
/

&rkpr
    ac = 39.03672580911836
    b = 0.11506803125493509
    del1 = 3.2353688817900736
    k = 3.02452981258897
/

&soaveredlichkwong
    ac = 35.07629620510286
    b = 0.13724456877093075
    k = 1.3064635391425001
/
