&names
    formula_extended = 'CH3OCH2CH(CH3)OOCCH3'
    iupac = 'Propylene Glycol Monomethyl Ether Acetate'
/

&pengrobinson
    ac = 37.552965535418615
    b = 0.12852828747959483
    k = 1.0536781917304678
/

&pure
    a = 0.60529
    acentric_factor = 0.480735
    b = 0.25482
    c = 597.9
    d = 0.28571
    pc = 30.09
    tc = 597.9
    vc = 0.421
    vc_rat = 1.168
/

&rkpr
    ac = 38.51018226468788
    b = 0.12311679119387055
    del1 = 2.927951247814534
    k = 2.842628707185082
/

&soaveredlichkwong
    ac = 35.10914935915522
    b = 0.1431400744128322
    k = 1.196233315460625
/
