&names
    formula_extended = '-(CH)2NHNCH-'
    iupac = 'Pyrazole'
/

&pengrobinson
    ac = 25.80224554598567
    b = 0.07193570093741175
    k = 0.7947692029930291
/

&pure
    a = 0.9629
    acentric_factor = 0.286808
    b = 0.22628
    c = 734.0
    d = 0.2543
    pc = 66.0
    tc = 734.0
    vc = 0.235
    vc_rat = 1.168
/

&rkpr
    ac = 26.514030412910905
    b = 0.06866201937778109
    del1 = 2.970625028433907
    k = 2.1272868767964868
/

&soaveredlichkwong
    ac = 24.12312529142873
    b = 0.08011373828313939
    k = 0.9170404969488001
/
