&names
    formula_extended = '-NCHCHNCHCH-'
    iupac = 'Pyrazine'
/

&pengrobinson
    ac = 22.56241803499101
    b = 0.07375548855064953
    k = 0.6765684258454389
/

&pure
    a = 0.79885
    acentric_factor = 0.202981
    b = 0.21889
    c = 626.0
    d = 0.24464
    pc = 54.9
    tc = 626.0
    vc = 0.274
    vc_rat = 1.168
/

&rkpr
    ac = 20.862412466425944
    b = 0.08352703488469584
    del1 = 0.625640867679952
    k = 2.3732746628932553
/

&soaveredlichkwong
    ac = 21.094134468476838
    b = 0.08214040913888981
    k = 0.792281868886825
/
