&names
    formula_extended = 'Polyring compound, see refs. 1115, 2633'
    iupac = 'Pyrene'
/

&pengrobinson
    ac = 106.10125226433277
    b = 0.2319677963141944
    k = 1.0930131566918282
/

&pure
    a = 0.33538
    acentric_factor = 0.507416
    b = 0.221
    c = 936.0
    d = 0.28571
    pc = 26.1
    tc = 936.0
    vc = 0.66
    vc_rat = 1.168
/

&rkpr
    ac = 120.24082675063642
    b = 0.18407381747641088
    del1 = 5.318429494820229
    k = 2.3230121358679963
/

&soaveredlichkwong
    ac = 99.19655238488316
    b = 0.25833914289930887
    k = 1.2336153595151997
/
