&names
    formula_extended = '-CHCHCHCHCHN-'
    iupac = 'Pyridine'
/

&pengrobinson
    ac = 21.57815226743161
    b = 0.07122633939787812
    k = 0.7272779029487079
/

&pure
    a = 0.9815
    acentric_factor = 0.238615
    b = 0.24957
    c = 619.95
    d = 0.29295
    pc = 56.3
    tc = 619.95
    vc = 0.254
    vc_rat = 1.168
/

&rkpr
    ac = 20.668169755820497
    b = 0.07639874026073111
    del1 = 1.5498998707548184
    k = 2.328768108858984
/

&soaveredlichkwong
    ac = 20.173921288248668
    b = 0.07932373270891463
    k = 0.8456160143106249
/
