&names
    formula_extended = '-NNCHCHCHCH-'
    iupac = 'Pyridazine'
/

&pengrobinson
    ac = 34.49204122408688
    b = 0.09119288839968488
    k = 0.677297591427408
/

&pure
    a = 0.80811
    acentric_factor = 0.20349
    b = 0.22143
    c = 774.0
    d = 0.26625
    pc = 54.9
    tc = 774.0
    vc = 0.274
    vc_rat = 1.168
/

&rkpr
    ac = 37.67371815102386
    b = 0.07784244535111458
    del1 = 4.351084491681239
    k = 1.4769410297886152
/

&soaveredlichkwong
    ac = 32.24741933886543
    b = 0.10156018637939411
    k = 0.7930468284825
/
