&names
    formula_extended = '-NCHNCHCHCH-'
    iupac = 'Pyrimidine'
/

&pengrobinson
    ac = 23.435721724818258
    b = 0.07516933178165239
    k = 0.6873555082982453
/

&pure
    a = 0.82008
    acentric_factor = 0.210521
    b = 0.2247
    c = 638.0
    d = 0.23464
    pc = 54.9
    tc = 638.0
    vc = 0.274
    vc_rat = 1.168
/

&rkpr
    ac = 22.03193465075977
    b = 0.08300950760579183
    del1 = 1.138903317404429
    k = 2.315853044640488
/

&soaveredlichkwong
    ac = 21.910606596440424
    b = 0.08371498567190366
    k = 0.803604212997825
/
