&names
    formula_extended = 'C6H2(COOH)4'
    iupac = 'Pyromellitic Acid'
/

&pengrobinson
    ac = 80.27542051902535
    b = 0.18395608834972724
    k = 2.6488951734297914
/

&pure
    a = 0.42291
    acentric_factor = 1.83014
    b = 0.247
    c = 893.0
    d = 0.28571
    pc = 31.4
    tc = 893.0
    vc = 0.584
    vc_rat = 1.168
/

&rkpr
    ac = 84.28267164565672
    b = 0.16900997899082884
    del1 = 3.4317835154390397
    k = 6.06643050537194
/

&soaveredlichkwong
    ac = 75.05137580181886
    b = 0.20486920577117224
    k = 2.77449318657
/
