&names
    formula_extended = '-CH2(CH2)3NH-'
    iupac = 'Pyrrolidine'
/

&pengrobinson
    ac = 18.2130963907365
    b = 0.06555384319276397
    k = 0.7669252276228892
/

&pure
    a = 1.055
    acentric_factor = 0.266817
    b = 0.26233
    c = 568.55
    d = 0.2633
    pc = 56.1
    tc = 568.55
    vc = 0.249
    vc_rat = 1.168
/

&rkpr
    ac = 16.804577846274718
    b = 0.07447928399270759
    del1 = 0.41421356237309515
    k = 2.6466154557321904
/

&soaveredlichkwong
    ac = 17.027851525386343
    b = 0.07300635662907341
    k = 0.887511478489425
/
