&names
    formula_extended = '-CHCHCHCHNH-'
    iupac = 'Pyrrole'
/

&pengrobinson
    ac = 19.811471198526856
    b = 0.06337084069189791
    k = 0.8097758408344987
/

&pure
    a = 1.074
    acentric_factor = 0.297647
    b = 0.24703
    c = 639.75
    d = 0.24793
    pc = 65.3
    tc = 639.75
    vc = 0.23
    vc_rat = 1.168
/

&rkpr
    ac = 18.694011993546702
    b = 0.06958112285991279
    del1 = 1.2258889298243052
    k = 2.645975692629272
/

&soaveredlichkwong
    ac = 18.522209668838276
    b = 0.07057517866393498
    k = 0.932992474093425
/
