&names
    formula_extended = 'CH3COCOOH'
    iupac = 'Pyruvic Acid'
/

&pengrobinson
    ac = 22.52431036347294
    b = 0.07264223923419327
    k = 1.3069786056199555
/

&pure
    a = 1.0003
    acentric_factor = 0.670904
    b = 0.2391
    c = 634.52
    d = 0.234
    pc = 56.5
    tc = 634.52
    vc = 0.239
    vc_rat = 1.168
/

&rkpr
    ac = 23.019982151710273
    b = 0.06999616094096915
    del1 = 2.8572250542418045
    k = 3.5016222508717605
/

&soaveredlichkwong
    ac = 21.05850671146799
    b = 0.08090059965319288
    k = 1.4572332649871997
/
