&names
    formula_extended = 'O(C6H4)O'
    iupac = 'Quinone'
/

&pengrobinson
    ac = 24.740271837427464
    b = 0.07412535721468844
    k = 1.0758182134949086
/

&pure
    a = 0.83228
    acentric_factor = 0.494515
    b = 0.25385
    c = 683.0
    d = 0.23658
    pc = 59.6
    tc = 683.0
    vc = 0.291
    vc_rat = 1.168
/

&rkpr
    ac = 22.826971049332695
    b = 0.08421784692042403
    del1 = 0.41421356237309515
    k = 3.525994212337016
/

&soaveredlichkwong
    ac = 23.130261132295946
    b = 0.08255232646177417
    k = 1.215571220085625
/
