&names
    formula_extended = 'Polyring compound, see refs. 1115, 2633'
    iupac = 'Quinaldine'
/

&pengrobinson
    ac = 55.79781493691412
    b = 0.1484820271412988
    k = 0.8936464878718324
/

&pure
    a = 0.47252
    acentric_factor = 0.359091
    b = 0.23154
    c = 769.0
    d = 0.26741
    pc = 33.5
    tc = 769.0
    vc = 0.49
    vc_rat = 1.168
/

&rkpr
    ac = 56.892923353268614
    b = 0.1436512996908085
    del1 = 2.8090359860682854
    k = 2.4406006203396036
/

&soaveredlichkwong
    ac = 52.166687519976236
    b = 0.16536226250853864
    k = 1.0226436234008252
/
