&names
    formula_extended = 'Polyring compound, see refs. 1115, 2633'
    iupac = 'Quinoline'
/

&pengrobinson
    ac = 39.78809530918654
    b = 0.10409889887478764
    k = 0.8766001384791988
/

&pure
    a = 0.72423
    acentric_factor = 0.346481
    b = 0.26871
    c = 782.15
    d = 0.29441
    pc = 48.6
    tc = 782.15
    vc = 0.371
    vc_rat = 1.168
/

&rkpr
    ac = 38.1297749702033
    b = 0.11156786580579289
    del1 = 1.5605560812698032
    k = 2.748766845157026
/

&soaveredlichkwong
    ac = 37.198824673620045
    b = 0.11593342153256839
    k = 1.0043525044118249
/
