&names
    formula_extended = 'HO(C6H4)COOH'
    iupac = 'Salicylic Acid'
/

&pengrobinson
    ac = 33.324867905620394
    b = 0.0922798827370341
    k = 1.5348243313594077
/

&pure
    a = 0.84309
    acentric_factor = 0.851182
    b = 0.2752
    c = 739.0
    d = 0.28571
    pc = 51.8
    tc = 739.0
    vc = 0.326
    vc_rat = 1.168
/

&rkpr
    ac = 32.17181844768313
    b = 0.09775217141891289
    del1 = 1.7111091817495387
    k = 4.434789172649561
/

&soaveredlichkwong
    ac = 31.156201593960272
    b = 0.1027707560787624
    k = 1.6929710785033
/
