&names
    formula_extended = 'HO(C6H4)CHO'
    iupac = 'Salicylaldehyde'
/

&pengrobinson
    ac = 29.290487458393866
    b = 0.0881456170671326
    k = 1.2402791781936493
/

&pure
    a = 0.76529
    acentric_factor = 0.619347
    b = 0.26173
    c = 680.0
    d = 0.23756
    pc = 49.9
    tc = 680.0
    vc = 0.342
    vc_rat = 1.168
/

&rkpr
    ac = 27.02529356294748
    b = 0.10014702611638927
    del1 = 0.41421356237309515
    k = 3.971829589274028
/

&soaveredlichkwong
    ac = 27.384364571934984
    b = 0.09816648485383016
    k = 1.3877238043784248
/
