&names
    formula_extended = 'HOOC(CH2)8COOH'
    iupac = 'Sebacic Acid'
/

&pengrobinson
    ac = 89.34220663691549
    b = 0.22432728583821543
    k = 1.959877193401434
/

&pure
    a = 0.3468
    acentric_factor = 1.20531
    b = 0.22835
    c = 815.0
    d = 0.28571
    pc = 23.5
    tc = 815.0
    vc = 0.658
    vc_rat = 1.168
/

&rkpr
    ac = 99.21057343617214
    b = 0.1854221943877605
    del1 = 4.770040408122475
    k = 4.432194392881362
/

&soaveredlichkwong
    ac = 83.52812706451967
    b = 0.24983001810250266
    k = 2.1229228056825002
/
