&names
    formula_extended = '(C6H5)CH(CH3)CH2CH3'
    iupac = 'Sec-Butylbenzene'
/

&pengrobinson
    ac = 47.31834624706936
    b = 0.1457107073506
    k = 0.7841270463388661
/

&pure
    a = 0.51337
    acentric_factor = 0.279149
    b = 0.25514
    c = 664.54
    d = 0.28096
    pc = 29.5
    tc = 664.54
    vc = 0.497
    vc_rat = 1.168
/

&rkpr
    ac = 47.010115885808325
    b = 0.14730943801804203
    del1 = 2.283545665229544
    k = 2.2868252022336435
/

&soaveredlichkwong
    ac = 44.23903311310247
    b = 0.16227588418014646
    k = 0.905743797264825
/
