&names
    formula_extended = 'CH3CH2CHNH2CH3'
    iupac = 'Sec-Butylamine'
/

&pengrobinson
    ac = 20.901736905654737
    b = 0.08316658874248353
    k = 0.7874290985231323
/

&pure
    a = 0.80968
    acentric_factor = 0.281523
    b = 0.251
    c = 514.3
    d = 0.24711
    pc = 40.0
    tc = 514.3
    vc = 0.31
    vc_rat = 1.168
/

&rkpr
    ac = 19.285291057487488
    b = 0.09449008143491855
    del1 = 0.41421356237309515
    k = 2.705992237097709
/

&soaveredlichkwong
    ac = 19.541524681832787
    b = 0.09262141381250773
    k = 0.909247542082425
/
