&names
    formula_extended = 'CH3CH2CH(SH)CH3'
    iupac = 'Sec-Butyl Mercaptan'
/

&pengrobinson
    ac = 23.894767848308174
    b = 0.08826247194921956
    k = 0.7441652130408479
/

&pure
    a = 0.89137
    acentric_factor = 0.25059
    b = 0.27365
    c = 554.0
    d = 0.2953
    pc = 40.6
    tc = 554.0
    vc = 0.307
    vc_rat = 1.168
/

&rkpr
    ac = 23.365947438236525
    b = 0.09158449627054116
    del1 = 1.9683448172899087
    k = 2.2631507416630328
/

&soaveredlichkwong
    ac = 22.339779597362227
    b = 0.0982966244273469
    k = 0.8634394740825
/
