&names
    formula_extended = 'CH3COOCH(CH3)CH2CH3'
    iupac = 'Sec-Butyl Acetate'
/

&pengrobinson
    ac = 31.381650394821115
    b = 0.11447112588678805
    k = 0.9422420252394988
/

&pure
    a = 0.67583
    acentric_factor = 0.395394
    b = 0.26289
    c = 561.0
    d = 0.29883
    pc = 31.7
    tc = 561.0
    vc = 0.389
    vc_rat = 1.168
/

&rkpr
    ac = 31.269825524683284
    b = 0.1151569447246607
    del1 = 2.342749132593901
    k = 2.7075856176370636
/

&soaveredlichkwong
    ac = 29.33944190930552
    b = 0.12748481909211526
    k = 1.0749912833336999
/
