&names
    formula_extended = 'HCO2CH(CH3)C2H5'
    iupac = 'Sec-Butyl Formate'
/

&pengrobinson
    ac = 26.321557169625848
    b = 0.0986511089073634
    k = 0.8798781797063541
/

&pure
    a = 0.79366
    acentric_factor = 0.348901
    b = 0.26667
    c = 546.0
    d = 0.27847
    pc = 35.8
    tc = 546.0
    vc = 0.336
    vc_rat = 1.168
/

&rkpr
    ac = 26.180361497055735
    b = 0.09954183243697631
    del1 = 2.3066198041634967
    k = 2.5454978750048554
/

&soaveredlichkwong
    ac = 24.608641923693956
    b = 0.10986629750396584
    k = 1.0078670901348248
/
