&names
    formula_extended = 'CH3CH2CHClCH3'
    iupac = 'Sec-Butyl Chloride'
/

&pengrobinson
    ac = 21.96610423394172
    b = 0.08634394990320314
    k = 0.8001040352421068
/

&pure
    a = 0.8983
    acentric_factor = 0.290656
    b = 0.26946
    c = 520.6
    d = 0.27913
    pc = 39.0
    tc = 520.6
    vc = 0.3
    vc_rat = 1.168
/

&rkpr
    ac = 21.499115368646105
    b = 0.08946407825746103
    del1 = 1.9860800728063799
    k = 2.4146942231429094
/

&soaveredlichkwong
    ac = 20.536626692260903
    b = 0.09615999447751543
    k = 0.9227083846912001
/
