&names
    formula_extended = 'SiH4'
    iupac = 'Silane'
/

&pengrobinson
    ac = 4.750352644187395
    b = 0.03604358163763924
    k = 0.516861691163781
/

&pure
    a = 2.1407
    acentric_factor = 0.0937548
    b = 0.28405
    c = 269.7
    d = 0.39578
    pc = 48.4
    tc = 269.7
    vc = 0.1327
    vc_rat = 1.168
/

&rkpr
    ac = 4.427296954225649
    b = 0.04033364811358889
    del1 = 0.9131319011985947
    k = 1.8703066692203016
/

&soaveredlichkwong
    ac = 4.441216242592918
    b = 0.04014120983706223
    k = 0.626031811758468
/
