&names
    formula_extended = 'Si'
    iupac = 'Silicon'
/

&pengrobinson
    ac = 156.66287405510084
    b = 0.06214176689292891
    k = 2.3089912146583904
/

&pure
    a = 1.2519
    acentric_factor = 1.51406
    b = 0.10442
    c = 5159.0
    d = 0.28571
    pc = 537.0
    tc = 5159.0
    vc = 0.2326
    vc_rat = 1.168
/

&rkpr
    ac = 144.54727555382004
    b = 0.07060263866784196
    del1 = 0.41421356237309515
    k = 6.415442511334472
/

&soaveredlichkwong
    ac = 146.46779996768487
    b = 0.06920637714566052
    k = 2.46196434537
/
