&names
    formula_extended = 'SiO2'
    iupac = 'Silicon Dioxide'
/

&pengrobinson
    ac = 1429.2422193184223
    b = 0.7737436049160781
    k = 0.37464
/

&pure
    a = 0.10055
    acentric_factor = 0.0
    b = 0.037824
    c = 3780.0
    d = 0.28571
    pc = 31.6
    tc = 3780.0
    vc = 0.163
    vc_rat = 1.168
/

&rkpr
    ac = 2964.5413119316263
    b = 0.016287368807321186
    del1 = 577.5738821945195
    k = -2.4844463445223224
/

&soaveredlichkwong
    ac = 1336.2321146417444
    b = 0.8617069390403552
    k = 0.48
/
