&names
    formula_extended = 'Ag'
    iupac = 'Silver'
/

&pengrobinson
    ac = 27.001028188457113
    b = 0.008619961150017112
    k = 0.5997202125784603
/

&pure
    a = 6.6068
    acentric_factor = 0.149873
    b = 0.26295
    c = 6410.0
    d = 0.3762
    pc = 4810.0
    tc = 6410.0
    vc = 0.0398
    vc_rat = 1.168
/

&rkpr
    ac = 24.9128907236864
    b = 0.009793606342962627
    del1 = 0.41421356237309515
    k = 2.161754481509523
/

&soaveredlichkwong
    ac = 25.24389533564792
    b = 0.009599924690858894
    k = 0.711969266677425
/
