&names
    formula_extended = 'Polyring compound, see ref. 9864'
    iupac = 'Sitosterol'
/

&pengrobinson
    ac = 256.31681517482775
    b = 0.5503858161689037
    k = 1.7820640308686577
/

&pure
    a = 0.14135
    acentric_factor = 1.05429
    b = 0.206
    c = 953.0
    d = 0.28571
    pc = 11.2
    tc = 953.0
    vc = 1.46
    vc_rat = 1.168
/

&rkpr
    ac = 303.6402735722832
    b = 0.39755980373186633
    del1 = 6.666392017542245
    k = 3.606623679738473
/

&soaveredlichkwong
    ac = 239.63660975718184
    b = 0.6129566356720637
    k = 1.9449351642825004
/
