&names
    formula_extended = 'Na'
    iupac = 'Sodium'
/

&pengrobinson
    ac = 59.00717832608325
    b = 0.0469297344824975
    k = 0.20899126101292798
/

&pure
    a = 2.0481
    acentric_factor = -0.10546
    b = 0.21676
    c = 2573.0
    d = 0.3614
    pc = 354.637
    tc = 2573.0
    vc = 0.116
    vc_rat = 1.168
/

&rkpr
    ac = 72.86094391784955
    b = 0.030826302996419464
    del1 = 8.165175500477083
    k = -0.3055251522792038
/

&soaveredlichkwong
    ac = 55.167196720025146
    b = 0.05226495908198906
    k = 0.31205964297
/
