&names
    formula_extended = 'NaBr'
    iupac = 'Sodium Bromide'
/

&pengrobinson
    ac = 301.7499460787936
    b = 0.14403789086543
    k = -1.0314568418976868
/

&pure
    a = 0.19724
    acentric_factor = -0.799767
    b = 0.078501
    c = 4287.0
    d = 0.52911
    pc = 192.517
    tc = 4287.0
    vc = 0.398
    vc_rat = 1.168
/

&rkpr
    ac = 348.4936912370271
    b = 0.10990073292206991
    del1 = 5.8659898828058745
    k = -3.0454775476534484
/

&soaveredlichkwong
    ac = 282.11311077431
    b = 0.16041289292069896
    k = -0.8907680275005752
/
