&names
    formula_extended = 'NaCl'
    iupac = 'Sodium Chloride'
/

&pengrobinson
    ac = 102.92924818125732
    b = 0.06195022945985798
    k = 0.6570800967291355
/

&pure
    a = 0.40073
    acentric_factor = 0.189413
    b = 0.10591
    c = 3400.0
    d = 0.37527
    pc = 355.0
    tc = 3400.0
    vc = 0.266
    vc_rat = 1.168
/

&rkpr
    ac = 94.96916540782249
    b = 0.0703850225803919
    del1 = 0.41421356237309515
    k = 2.328213613845281
/

&soaveredlichkwong
    ac = 96.23097127743348
    b = 0.06899306470712852
    k = 0.7718575372004249
/
