&names
    formula_extended = 'NaF'
    iupac = 'Sodium Fluoride'
/

&pengrobinson
    ac = 181.71074327363527
    b = 0.067241672839245
    k = -1.6799294020362723
/

&pure
    a = 0.42145
    acentric_factor = -1.11471
    b = 0.077968
    c = 5530.0
    d = 0.657
    pc = 531.96
    tc = 5530.0
    vc = 0.185
    vc_rat = 1.168
/

&rkpr
    ac = 210.43478843298965
    b = 0.05100931737760252
    del1 = 5.948501440923489
    k = -4.624252491141949
/

&soaveredlichkwong
    ac = 169.885641115082
    b = 0.07488606782674911
    k = -1.4920047572175004
/
