&names
    formula_extended = 'NaOH'
    iupac = 'Sodium Hydroxide'
/

&pengrobinson
    ac = 100.5466319719737
    b = 0.07296279377913392
    k = 0.37464
/

&pure
    a = 0.48957
    acentric_factor = 0.0
    b = 0.09793
    c = 2820.0
    d = 0.25382
    pc = 250.0
    tc = 2820.0
    vc = 0.2
    vc_rat = 1.168
/

&rkpr
    ac = 116.71291122886129
    b = 0.05507562198261355
    del1 = 6.019571891878364
    k = 0.3906260984594838
/

&soaveredlichkwong
    ac = 94.00340743088759
    b = 0.08125759656271338
    k = 0.48
/
