&names
    formula_extended = 'CH2OH(CHOH)4CH2OH'
    iupac = 'Sorbitol'
/

&pengrobinson
    ac = 51.32521642705421
    b = 0.1210024322119716
    k = 3.041467505353107
/

&pure
    a = 0.48484
    acentric_factor = 2.21307
    b = 0.23418
    c = 868.0
    d = 0.18211
    pc = 46.4
    tc = 868.0
    vc = 0.483
    vc_rat = 1.168
/

&rkpr
    ac = 47.35595619885987
    b = 0.13747743951522542
    del1 = 0.41421356237309515
    k = 7.406370271482194
/

&soaveredlichkwong
    ac = 47.98515014024246
    b = 0.13475863944507216
    k = 3.1062783856425003
/
