&names
    formula_extended = '((CH3)2CH(C3H6CH(CH3))2C2H4)2'
    iupac = 'Squalane'
/

&pengrobinson
    ac = 271.2134266394222
    b = 0.6431072800375912
    k = 1.6139240401049177
/

&pure
    a = 0.15996
    acentric_factor = 0.915303
    b = 0.26223
    c = 863.0
    d = 0.38604
    pc = 8.68
    tc = 863.0
    vc = 1.64
    vc_rat = 1.168
/

&rkpr
    ac = 328.93642144801595
    b = 0.4405511883715832
    del1 = 7.484421002348031
    k = 3.082997483833022
/

&soaveredlichkwong
    ac = 253.5638016420003
    b = 0.7162191742003061
    k = 1.774075495183425
/
