&names
    formula_extended = 'CH3(CH2)16COOH'
    iupac = 'Stearic Acid'
/

&pengrobinson
    ac = 150.2389392732238
    b = 0.3823926144557237
    k = 1.760154094421611
/

&pure
    a = 0.26257
    acentric_factor = 1.03597
    b = 0.26778
    c = 804.0
    d = 0.3105
    pc = 13.6
    tc = 804.0
    vc = 1.02
    vc_rat = 1.168
/

&rkpr
    ac = 177.37612595952086
    b = 0.2782757527781745
    del1 = 6.555102514002063
    k = 3.583690974256223
/

&soaveredlichkwong
    ac = 140.4619124827758
    b = 0.4258650633371242
    k = 1.9228008578425
/
