&names
    formula_extended = '(C6H5)CHCH2'
    iupac = 'Styrene'
/

&pengrobinson
    ac = 33.29602021197305
    b = 0.10713176169919375
    k = 0.8090158911497627
/

&pure
    a = 0.7397
    acentric_factor = 0.297097
    b = 0.2603
    c = 636.0
    d = 0.3009
    pc = 38.4
    tc = 636.0
    vc = 0.352
    vc_rat = 1.168
/

&rkpr
    ac = 34.06395340014295
    b = 0.10304441750968474
    del1 = 2.8786755265255604
    k = 2.190814646072053
/

&soaveredlichkwong
    ac = 31.12923120772069
    b = 0.11931107651329258
    k = 0.932184018203425
/
