&names
    formula_extended = 'HO2C(CH2)6CO2H'
    iupac = 'Suberic Acid'
/

&pengrobinson
    ac = 73.35965064791685
    b = 0.18556316384776717
    k = 1.8918745010092572
/

&pure
    a = 0.41925
    acentric_factor = 1.14706
    b = 0.219
    c = 809.0
    d = 0.28571
    pc = 28.2
    tc = 809.0
    vc = 0.522
    vc_rat = 1.168
/

&rkpr
    ac = 83.75509174642256
    b = 0.14502350834531313
    del1 = 5.528642762493898
    k = 4.095997764770782
/

&soaveredlichkwong
    ac = 68.58566014191213
    b = 0.20665898225452417
    k = 2.05521677737
/
