&names
    formula_extended = 'HOOCCH2CH2COOH'
    iupac = 'Succinic Acid'
/

&pengrobinson
    ac = 43.59718977581224
    b = 0.11068951639408746
    k = 1.7074780673756225
/

&pure
    a = 0.70284
    acentric_factor = 0.992182
    b = 0.22268
    c = 806.0
    d = 0.28571
    pc = 47.1
    tc = 806.0
    vc = 0.317
    vc_rat = 1.168
/

&rkpr
    ac = 49.19497476040435
    b = 0.08860767761670257
    del1 = 5.199053925381053
    k = 3.7831014402416323
/

&soaveredlichkwong
    ac = 40.760036541848145
    b = 0.12327329589515851
    k = 1.8694200718033003
/
