&names
    formula_extended = '-CH2COOCOCH2-'
    iupac = 'Succinic Anhydride'
/

&pengrobinson
    ac = 30.891284255379
    b = 0.07794677393864353
    k = 1.125897986795957
/

&pure
    a = 0.99807
    acentric_factor = 0.532186
    b = 0.223
    c = 811.0
    d = 0.28571
    pc = 67.3
    tc = 811.0
    vc = 0.223
    vc_rat = 1.168
/

&rkpr
    ac = 34.88132866293689
    b = 0.06231110041131105
    del1 = 5.217760080683875
    k = 2.4257889778644146
/

&soaveredlichkwong
    ac = 28.88098708996222
    b = 0.0868081823901138
    k = 1.2680969247457001
/
