&names
    formula_extended = 'NCCH2CH2CN'
    iupac = 'Succinonitrile'
/

&pengrobinson
    ac = 52.94043529354816
    b = 0.14069537406823013
    k = 1.1608989583613265
/

&pure
    a = 0.72642
    acentric_factor = 0.558691
    b = 0.21793
    c = 770.0
    d = 0.27023
    pc = 35.4
    tc = 770.0
    vc = 0.3
    vc_rat = 1.168
/

&rkpr
    ac = 70.6320527148281
    b = 0.07570197851359145
    del1 = 11.848237593892422
    k = 1.4579139543305195
/

&soaveredlichkwong
    ac = 49.495256189736104
    b = 0.15669038083826506
    k = 1.3047558981408252
/
