&names
    formula_extended = 'See refs. 3971, 2867 or 4040.'
    iupac = 'Sucrose'
/

&pengrobinson
    ac = 138.5851480355722
    b = 0.2611378959507878
    k = 0.9019491662209229
/

&pure
    a = 0.3603
    acentric_factor = 0.365256
    b = 0.27419
    c = 1086.0
    d = 0.20651
    pc = 26.9
    tc = 1086.0
    vc = 0.761
    vc_rat = 1.168
/

&rkpr
    ac = 154.57206382159123
    b = 0.21397464592354262
    del1 = 4.885585759865371
    k = 1.9407861758017033
/

&soaveredlichkwong
    ac = 129.566509381329
    b = 0.29082545633653245
    k = 1.0315658535312
/
