&names
    formula_extended = 'H2SO4'
    iupac = 'Sulfuric Acid'
/

&pengrobinson
    ac = 42.16705671131112
    b = 0.09338655453778777
    k = 0.37464
/

&pure
    a = 1.4986
    acentric_factor = 0.0
    b = 0.26526
    c = 924.0
    d = 0.2713
    pc = 64.0
    tc = 924.0
    vc = 0.177
    vc_rat = 1.168
/

&rkpr
    ac = 59.36808239849075
    b = 0.04282758190350972
    del1 = 15.425439464741464
    k = -0.5703321033168938
/

&soaveredlichkwong
    ac = 39.42297155512481
    b = 0.10400324028139844
    k = 0.48
/
