&names
    formula_extended = 'SO3'
    iupac = 'Sulfur Trioxide'
/

&pengrobinson
    ac = 9.276064357380255
    b = 0.03867212114452178
    k = 0.9799805669345278
/

&pure
    a = 1.4969
    acentric_factor = 0.42396
    b = 0.19013
    c = 490.85
    d = 0.4359
    pc = 82.1
    tc = 490.85
    vc = 0.127
    vc_rat = 1.168
/

&rkpr
    ac = 9.493677110540249
    b = 0.03717172443580704
    del1 = 2.886707135549534
    k = 2.6539270022857124
/

&soaveredlichkwong
    ac = 8.672410403413675
    b = 0.043068575851115516
    k = 1.1158581757200001
/
