&names
    formula_extended = 'OSO'
    iupac = 'Sulfur Dioxide'
/

&pengrobinson
    ac = 7.4388836779330525
    b = 0.03533991636048208
    k = 0.7368289225133429
/

&pure
    a = 2.106
    acentric_factor = 0.245381
    b = 0.25842
    c = 430.75
    d = 0.2895
    pc = 78.841
    tc = 430.75
    vc = 0.122
    vc_rat = 1.168
/

&rkpr
    ac = 7.319014682561531
    b = 0.036304790483743625
    del1 = 2.0903420334597356
    k = 2.2090102057533674
/

&soaveredlichkwong
    ac = 6.954787042520103
    b = 0.03935754810695481
    k = 0.855692622846825
/
