&names
    formula_extended = 'SCl2'
    iupac = 'Sulfur Dichloride'
/

&pengrobinson
    ac = 13.900532266261425
    b = 0.0524825803556326
    k = 0.7519473942683803
/

&pure
    a = 1.4895
    acentric_factor = 0.256127
    b = 0.27258
    c = 542.0
    d = 0.2647
    pc = 66.8
    tc = 542.0
    vc = 0.183
    vc_rat = 1.168
/

&rkpr
    ac = 13.565374979269652
    b = 0.054637277176538906
    del1 = 1.9279684506735892
    k = 2.296077788400991
/

&soaveredlichkwong
    ac = 12.995934050737771
    b = 0.058449082336644066
    k = 0.871663715977425
/
