&names
    formula_extended = '-(CH2)2SO2(CH2)2-'
    iupac = 'Sulfolane'
/

&pengrobinson
    ac = 45.72349261811544
    b = 0.10969160761248331
    k = 0.924861759394354
/

&pure
    a = 0.89905
    acentric_factor = 0.382349
    b = 0.2697
    c = 853.0
    d = 0.3066
    pc = 50.3
    tc = 853.0
    vc = 0.3
    vc_rat = 1.168
/

&rkpr
    ac = 53.15067328424175
    b = 0.08254968053215347
    del1 = 6.063181582711602
    k = 1.7556912836252436
/

&soaveredlichkwong
    ac = 42.7479670024348
    b = 0.12216193947660582
    k = 1.056233943384825
/
