&names
    formula_extended = 'SF6'
    iupac = 'Sulfur Hexafluoride'
/

&pengrobinson
    ac = 8.538043183537736
    b = 0.0548242812298933
    k = 0.6939570666287852
/

&pure
    a = 1.3587
    acentric_factor = 0.215146
    b = 0.2701
    c = 318.69
    d = 0.2921
    pc = 37.6
    tc = 318.69
    vc = 0.19852
    vc_rat = 1.168
/

&rkpr
    ac = 8.072499293083201
    b = 0.060011914177731114
    del1 = 1.271048865645272
    k = 2.3041615756892413
/

&soaveredlichkwong
    ac = 7.982417076569288
    b = 0.061057000359728955
    k = 0.8105394387697
/
