&names
    formula_extended = 'O2SCl2'
    iupac = 'Sulfuryl Chloride'
/

&pengrobinson
    ac = 20.365796446472757
    b = 0.07646944395014689
    k = 0.6383433259262491
/

&pure
    a = 1.1255
    acentric_factor = 0.176433
    b = 0.26336
    c = 545.0
    d = 0.29557
    pc = 46.1
    tc = 545.0
    vc = 0.234
    vc_rat = 1.168
/

&rkpr
    ac = 21.960200131941043
    b = 0.06688923856960578
    del1 = 4.040226288480016
    k = 1.4446916016981777
/

&soaveredlichkwong
    ac = 19.04046136071405
    b = 0.08516290158358869
    k = 0.752258036389425
/
