&names
    formula_extended = 'S'
    iupac = 'Sulfur'
/

&pengrobinson
    ac = 29.92775513456742
    b = 0.0466436417998223
    k = 0.7381891219048173
/

&pure
    a = 0.6664
    acentric_factor = 0.246346
    b = 0.1044
    c = 1313.0
    d = 0.114
    pc = 182.081
    tc = 1313.0
    vc = 0.158
    vc_rat = 1.168
/

&rkpr
    ac = 29.89715087937009
    b = 0.04672371255799686
    del1 = 2.393706296068595
    k = 2.1292397394409077
/

&soaveredlichkwong
    ac = 27.980161087750407
    b = 0.05194634184456887
    k = 0.8571284924497
/
