&names
    formula_extended = '(CH3)3COOH'
    iupac = 'T-Butyl Hydroperoxide'
/

&pengrobinson
    ac = 22.19206652015282
    b = 0.08227003906854005
    k = 1.2959130864144297
/

&pure
    a = 0.94563
    acentric_factor = 0.662313
    b = 0.27205
    c = 552.0
    d = 0.28571
    pc = 43.4
    tc = 552.0
    vc = 0.29
    vc_rat = 1.168
/

&rkpr
    ac = 21.46342267147825
    b = 0.08689453416603117
    del1 = 1.748067075144441
    k = 3.823259897172257
/

&soaveredlichkwong
    ac = 20.747884140055252
    b = 0.0916229395500739
    k = 1.445715422755425
/
