&names
    formula_extended = 'HO2CCH(OH)CH(OH)CO2H'
    iupac = 'Tartaric Acid'
/

&pengrobinson
    ac = 41.8350443183962
    b = 0.10339342747803007
    k = 2.8365795604229636
/

&pure
    a = 0.75194
    acentric_factor = 2.01095
    b = 0.23
    c = 828.0
    d = 0.28571
    pc = 51.8
    tc = 828.0
    vc = 0.305
    vc_rat = 1.168
/

&rkpr
    ac = 46.27696960148296
    b = 0.08611308739479993
    del1 = 4.670179545268071
    k = 5.9632917800744885
/

&soaveredlichkwong
    ac = 39.112565372131186
    b = 0.11514774835347126
    k = 2.9375493170625004
/
