&names
    formula_extended = '1,4-COOH(C6H4)COOH'
    iupac = 'Terephthalic Acid'
/

&pengrobinson
    ac = 99.1294171374185
    b = 0.18225960471356506
    k = 1.7878279882833659
/

&pure
    a = 0.42685
    acentric_factor = 1.05912
    b = 0.181
    c = 1113.0
    d = 0.28571
    pc = 39.5
    tc = 1113.0
    vc = 0.424
    vc_rat = 1.168
/

&rkpr
    ac = 126.53765750023997
    b = 0.11032116261428557
    del1 = 9.58001484416334
    k = 3.0952130743295228
/

&soaveredlichkwong
    ac = 92.67842000070769
    b = 0.2029798567517281
    k = 1.9507512244800003
/
