&names
    formula_extended = 'C6H4(CHO)2'
    iupac = 'Terephthaldehyde'
/

&pengrobinson
    ac = 47.036189577960116
    b = 0.13024789988496907
    k = 1.1930960533701012
/

&pure
    a = 0.5973
    acentric_factor = 0.583202
    b = 0.229
    c = 739.0
    d = 0.28571
    pc = 36.7
    tc = 739.0
    vc = 0.383
    vc_rat = 1.168
/

&rkpr
    ac = 52.1430763878611
    b = 0.10801935582073084
    del1 = 4.725998248332093
    k = 2.704903006851196
/

&soaveredlichkwong
    ac = 43.97523821708833
    b = 0.1450551816043567
    k = 1.3384381477593
/
