&names
    formula_extended = '((CH3)2C)(C6H7)(CH3)'
    iupac = 'Terpinolene'
/

&pengrobinson
    ac = 49.86684352502376
    b = 0.15299212643567453
    k = 0.9165717752297141
/

&pure
    a = 0.52512
    acentric_factor = 0.376151
    b = 0.25889
    c = 667.0
    d = 0.29976
    pc = 28.2
    tc = 667.0
    vc = 0.493
    vc_rat = 1.168
/

&rkpr
    ac = 51.776788552914915
    b = 0.1433878362873978
    del1 = 3.1902566458389208
    k = 2.3975382866533015
/

&soaveredlichkwong
    ac = 46.62168306623896
    b = 0.17038509414557185
    k = 1.047300998409825
/
