&names
    formula_extended = 'CH3COOC(CH3)3'
    iupac = 'Tert-Butyl Acetate'
/

&pengrobinson
    ac = 29.617136157173316
    b = 0.11120635224295809
    k = 0.867239017159081
/

&pure
    a = 0.6922
    acentric_factor = 0.339583
    b = 0.26927
    c = 545.0
    d = 0.26996
    pc = 31.7
    tc = 545.0
    vc = 0.389
    vc_rat = 1.168
/

&rkpr
    ac = 28.82737345521825
    b = 0.1162637206917702
    del1 = 1.875652976937768
    k = 2.6339145273571
/

&soaveredlichkwong
    ac = 27.68975611132233
    b = 0.12384888842282141
    k = 0.9943232345694252
/
