&names
    formula_extended = '(CH3)3CCH2C(CH3)2SH'
    iupac = 'Tert-Octyl Mercaptan'
/

&pengrobinson
    ac = 47.97827585779943
    b = 0.1565885966877412
    k = 0.81310387667903
/

&pure
    a = 0.49682
    acentric_factor = 0.300057
    b = 0.26287
    c = 627.0
    d = 0.28571
    pc = 25.9
    tc = 627.0
    vc = 0.529
    vc_rat = 1.168
/

&rkpr
    ac = 48.03171826805382
    b = 0.1562961769854293
    del1 = 2.4365521628220264
    k = 2.3241219098276673
/

&soaveredlichkwong
    ac = 44.85601680371935
    b = 0.17439043047735867
    k = 0.936533732431425
/
