&names
    formula_extended = '(CH3)3CNH2'
    iupac = 'Tert-Butylamine'
/

&pengrobinson
    ac = 19.274775990317927
    b = 0.08151109982113185
    k = 0.7781271783401524
/

&pure
    a = 0.9364
    acentric_factor = 0.274841
    b = 0.27438
    c = 483.9
    d = 0.254
    pc = 38.4
    tc = 483.9
    vc = 0.293
    vc_rat = 1.168
/

&rkpr
    ac = 18.338020467821888
    b = 0.08836019197229268
    del1 = 1.4080303372317933
    k = 2.510067935735516
/

&soaveredlichkwong
    ac = 18.020440715129997
    b = 0.0907777200075193
    k = 0.899380658325825
/
