&names
    formula_extended = 'CH3(CH2)5C(CH3)2SH'
    iupac = 'Tert-Nonyl Mercaptan'
/

&pengrobinson
    ac = 58.66300304039363
    b = 0.18216373090732121
    k = 1.015838811474601
/

&pure
    a = 0.42707
    acentric_factor = 0.451417
    b = 0.24761
    c = 659.0
    d = 0.28571
    pc = 23.4
    tc = 659.0
    vc = 0.58
    vc_rat = 1.168
/

&rkpr
    ac = 61.458356196495416
    b = 0.1680163488867976
    del1 = 3.384331297143624
    k = 2.611789492124185
/

&soaveredlichkwong
    ac = 54.845419162947536
    b = 0.20287308349559052
    k = 1.1548693291194252
/
