&names
    formula_extended = 'C(CH3)3SH'
    iupac = 'Tert-Butyl Mercaptan'
/

&pengrobinson
    ac = 21.8693071999823
    b = 0.08443882695502955
    k = 0.6599331308369321
/

&pure
    a = 0.89717
    acentric_factor = 0.191395
    b = 0.27544
    c = 530.0
    d = 0.31364
    pc = 40.6
    tc = 530.0
    vc = 0.307
    vc_rat = 1.168
/

&rkpr
    ac = 20.60483944192184
    b = 0.09292883947974384
    del1 = 1.1911915380696403
    k = 2.2254689528754046
/

&soaveredlichkwong
    ac = 20.446128872066133
    b = 0.09403828690702863
    k = 0.774845121945625
/
