&names
    formula_extended = '(C6H5)C(CH3)2CH3'
    iupac = 'Tert-Butylbenzene'
/

&pengrobinson
    ac = 46.35971328117762
    b = 0.1437407284852914
    k = 0.7677486864517868
/

&pure
    a = 0.50957
    acentric_factor = 0.267406
    b = 0.25071
    c = 660.0
    d = 0.30584
    pc = 29.7
    tc = 660.0
    vc = 0.492
    vc_rat = 1.168
/

&rkpr
    ac = 45.928511810501746
    b = 0.14599653484023284
    del1 = 2.2275667828564023
    k = 2.257005058034675
/

&soaveredlichkwong
    ac = 43.342784641104714
    b = 0.16008194752307597
    k = 0.8883834994536999
/
