&names
    formula_extended = '(CH3)3CNHCHO'
    iupac = 'Tert-Butylformamide'
/

&pengrobinson
    ac = 42.5178710559458
    b = 0.12573276081550488
    k = 1.0127882879518708
/

&pure
    a = 0.61878
    acentric_factor = 0.449069
    b = 0.23707
    c = 692.0
    d = 0.28571
    pc = 35.6
    tc = 692.0
    vc = 0.383
    vc_rat = 1.168
/

&rkpr
    ac = 45.99473140297577
    b = 0.10931344052342018
    del1 = 4.11709638222549
    k = 2.411286643178685
/

&soaveredlichkwong
    ac = 39.75095612431939
    b = 0.14002673724349962
    k = 1.1515435868168251
/
