&names
    formula_extended = '(CH3)3C(CH2)8SH'
    iupac = 'Tert-Dodecyl Mercaptan'
/

&pengrobinson
    ac = 81.14326340619489
    b = 0.2403020404435557
    k = 1.2277973270621263
/

&pure
    a = 0.32375
    acentric_factor = 0.609759
    b = 0.24977
    c = 691.0
    d = 0.28571
    pc = 18.6
    tc = 691.0
    vc = 0.771
    vc_rat = 1.168
/

&rkpr
    ac = 84.52530996156706
    b = 0.22391928364053673
    del1 = 3.260112053388302
    k = 3.1823555188530963
/

&soaveredlichkwong
    ac = 75.86274249713826
    b = 0.26762086872204555
    k = 1.3746946093358252
/
