&names
    formula_extended = 'HCO2C(CH3)3'
    iupac = 'Tert-Butyl Formate'
/

&pengrobinson
    ac = 25.460965259992204
    b = 0.0970249917275717
    k = 0.8052842438455122
/

&pure
    a = 0.76416
    acentric_factor = 0.294398
    b = 0.25523
    c = 537.0
    d = 0.32717
    pc = 35.8
    tc = 537.0
    vc = 0.334
    vc_rat = 1.168
/

&rkpr
    ac = 25.108332413461643
    b = 0.09929868021186956
    del1 = 2.1360245188419724
    k = 2.386972696114226
/

&soaveredlichkwong
    ac = 23.804054337552166
    b = 0.1080553145780763
    k = 0.9282151700793
/
