&names
    formula_extended = '(CH3)2CClCH3'
    iupac = 'Tert-Butyl Chloride'
/

&pengrobinson
    ac = 20.83342297065284
    b = 0.08408832616389547
    k = 0.660010832665298
/

&pure
    a = 0.90811
    acentric_factor = 0.191449
    b = 0.27244
    c = 507.0
    d = 0.29976
    pc = 39.0
    tc = 507.0
    vc = 0.3
    vc_rat = 1.168
/

&rkpr
    ac = 19.947400428521163
    b = 0.09024788453790891
    del1 = 1.5421520479699187
    k = 2.140054699419062
/

&soaveredlichkwong
    ac = 19.47765637974008
    b = 0.09364793930099946
    k = 0.774926500069825
/
