&names
    formula_extended = '(CH3)3COCH2CH3'
    iupac = 'Tert-Butyl Ethyl Ether'
/

&pengrobinson
    ac = 27.47020965169109
    b = 0.10936588979818389
    k = 0.8070461709468467
/

&pure
    a = 0.70406
    acentric_factor = 0.295672
    b = 0.26895
    c = 514.0
    d = 0.30144
    pc = 30.4
    tc = 514.0
    vc = 0.382
    vc_rat = 1.168
/

&rkpr
    ac = 26.77007944606855
    b = 0.11411620839288786
    del1 = 1.899827092965739
    k = 2.4583192616548812
/

&soaveredlichkwong
    ac = 25.68254410371105
    b = 0.12179919230949827
    k = 0.9300888899728
/
