&names
    formula_extended = '-CH2CH2CH2CH2S-'
    iupac = 'Tetrahydrothiophene'
/

&pengrobinson
    ac = 24.46386403229519
    b = 0.07921827328454643
    k = 0.671651148475858
/

&pure
    a = 1.1628
    acentric_factor = 0.199551
    b = 0.28954
    c = 631.95
    d = 0.28674
    pc = 51.6
    tc = 631.95
    vc = 0.249
    vc_rat = 1.168
/

&rkpr
    ac = 25.873935428046956
    b = 0.07182084498009039
    del1 = 3.5945453308707203
    k = 1.637200546816404
/

&soaveredlichkwong
    ac = 22.871840984218096
    b = 0.08822423261965802
    k = 0.787124668719825
/
