&names
    formula_extended = 'SiF4'
    iupac = 'Tetrafluorosilane'
/

&pengrobinson
    ac = 5.69988256344332
    b = 0.04503489759398041
    k = 0.929521931688448
/

&pure
    a = 1.1945
    acentric_factor = 0.38584
    b = 0.24128
    c = 259.0
    d = 0.16693
    pc = 37.2
    tc = 259.0
    vc = 0.202
    vc_rat = 1.168
/

&rkpr
    ac = 5.259079411709733
    b = 0.0511665947276576
    del1 = 0.41421356237309515
    k = 3.1169479681794057
/

&soaveredlichkwong
    ac = 5.3289540625182275
    b = 0.05015470694573792
    k = 1.06125947152
/
