&names
    formula_extended = 'C(C6H5)4'
    iupac = 'Tetraphenylmethane'
/

&pengrobinson
    ac = 170.63311701405217
    b = 0.3552162639411657
    k = 1.317887344975856
/

&pure
    a = 0.21901
    acentric_factor = 0.679388
    b = 0.212
    c = 983.0
    d = 0.28571
    pc = 17.9
    tc = 983.0
    vc = 0.966
    vc_rat = 1.168
/

&rkpr
    ac = 199.0575264806942
    b = 0.2652946934984904
    del1 = 6.173325691878442
    k = 2.6764693350664377
/

&soaveredlichkwong
    ac = 159.52890818207885
    b = 0.39559915914431654
    k = 1.4685823024548
/
