&names
    formula_extended = 'H2N(C2H4NH)3C2H4NH2'
    iupac = 'Tetraethylenepentamine'
/

&pengrobinson
    ac = 74.84636613448102
    b = 0.1978849633653241
    k = 1.996032098332444
/

&pure
    a = 0.39314
    acentric_factor = 1.23653
    b = 0.25004
    c = 774.0
    d = 0.28571
    pc = 25.3
    tc = 774.0
    vc = 0.636
    vc_rat = 1.168
/

&rkpr
    ac = 77.86550874871573
    b = 0.18481785798147715
    del1 = 3.2323304453419945
    k = 4.965049440485062
/

&soaveredlichkwong
    ac = 69.97562536378308
    b = 0.22038159020666942
    k = 2.1587220928424995
/
