&names
    formula_extended = 'Si(CH3)4'
    iupac = 'Tetramethylsilane'
/

&pengrobinson
    ac = 22.78672914754268
    b = 0.10353010252096255
    k = 0.7065470993530996
/

&pure
    a = 0.76116
    acentric_factor = 0.223989
    b = 0.27172
    c = 450.4
    d = 0.29609
    pc = 28.14
    tc = 450.4
    vc = 0.357
    vc_rat = 1.168
/

&rkpr
    ac = 22.440194167023364
    b = 0.10619631604145936
    del1 = 2.1086372999769893
    k = 2.1195801517850836
/

&soaveredlichkwong
    ac = 21.303848195241432
    b = 0.1152999613503093
    k = 0.823778748378825
/
