&names
    formula_extended = 'CH3O(CH2CH2O)4CH3'
    iupac = 'Tetraethylene Glycol Dimethyl Ether'
/

&pengrobinson
    ac = 80.98150126608707
    b = 0.23506054696885928
    k = 1.6748005907728962
/

&pure
    a = 0.38334
    acentric_factor = 0.9652
    b = 0.25837
    c = 705.0
    d = 0.3527
    pc = 19.4
    tc = 705.0
    vc = 0.674
    vc_rat = 1.168
/

&rkpr
    ac = 91.30595170923773
    b = 0.18847385863924584
    del1 = 5.176968698429937
    k = 3.7166424284587376
/

&soaveredlichkwong
    ac = 75.7115072735886
    b = 0.2617834940809065
    k = 1.836192868
/
