&names
    formula_extended = '(C6H5)2CC(C6H5)2'
    iupac = 'Tetraphenylethylene'
/

&pengrobinson
    ac = 183.37152045590383
    b = 0.376752014661448
    k = 1.3806214640203023
/

&pure
    a = 0.20649
    acentric_factor = 0.728463
    b = 0.21
    c = 996.0
    d = 0.28571
    pc = 17.1
    tc = 996.0
    vc = 1.02
    vc_rat = 1.168
/

&rkpr
    ac = 214.51505021041402
    b = 0.2796968836371247
    del1 = 6.260650587569485
    k = 2.803541787297628
/

&soaveredlichkwong
    ac = 171.43834070386814
    b = 0.4195832098236413
    k = 1.533735552085425
/
