&names
    formula_extended = 'C(NO2)4'
    iupac = 'Tetranitromethane'
/

&pengrobinson
    ac = 34.39236531408936
    b = 0.13033207844002168
    k = 1.35095738819396
/

&pure
    a = 0.49631
    acentric_factor = 0.705197
    b = 0.21788
    c = 540.0
    d = 0.20276
    pc = 26.8
    tc = 540.0
    vc = 0.439
    vc_rat = 1.168
/

&rkpr
    ac = 34.51119789756926
    b = 0.12957818967328819
    del1 = 2.4835148228300676
    k = 3.728749105057957
/

&soaveredlichkwong
    ac = 32.15422998985618
    b = 0.14514893003025173
    k = 1.502952086458425
/
