&names
    formula_extended = 'SiCl4'
    iupac = 'Tetrachlorosilane'
/

&pengrobinson
    ac = 22.632409355305313
    b = 0.09134943510841012
    k = 0.7175831319904681
/

&pure
    a = 0.80893
    acentric_factor = 0.231765
    b = 0.26466
    c = 507.0
    d = 0.27618
    pc = 35.9
    tc = 507.0
    vc = 0.326
    vc_rat = 1.168
/

&rkpr
    ac = 21.664573401905294
    b = 0.09807873914787332
    del1 = 1.5370636245069327
    k = 2.304643569332482
/

&soaveredlichkwong
    ac = 21.159570997489222
    b = 0.10173453015986014
    k = 0.8353979823356249
/
