&names
    formula_extended = '-CClCClSCClCCl-'
    iupac = 'Tetrachlorothiophene'
/

&pengrobinson
    ac = 48.83522665564882
    b = 0.1327153837799482
    k = 0.8959056620082331
/

&pure
    a = 0.5862
    acentric_factor = 0.360767
    b = 0.251
    c = 753.0
    d = 0.2857
    pc = 36.7
    tc = 753.0
    vc = 0.428
    vc_rat = 1.168
/

&rkpr
    ac = 50.67539465509288
    b = 0.12451573706793312
    del1 = 3.1774773941642587
    k = 2.34523693311758
/

&soaveredlichkwong
    ac = 45.6572002289475
    b = 0.1478031823384041
    k = 1.025070513049425
/
