&names
    formula_extended = 'Si(C2H5)4'
    iupac = 'Tetraethyl Silane'
/

&pengrobinson
    ac = 48.366351325359496
    b = 0.16332540274141236
    k = 0.9486525568291483
/

&pure
    a = 0.43742
    acentric_factor = 0.400223
    b = 0.25676
    c = 606.0
    d = 0.27087
    pc = 24.0
    tc = 606.0
    vc = 0.587
    vc_rat = 1.168
/

&rkpr
    ac = 46.02172984980914
    b = 0.17701305000059595
    del1 = 1.4108191243148789
    k = 2.993899407942969
/

&soaveredlichkwong
    ac = 45.218837671763445
    b = 0.1818931128730951
    k = 1.0819197732974248
/
