&names
    formula_extended = '(CH3)2NCH2CH2N(CH3)2'
    iupac = 'Tetramethylethylenediamine'
/

&pengrobinson
    ac = 36.28981414803516
    b = 0.13051352315127257
    k = 0.936998328912562
/

&pure
    a = 0.59608
    acentric_factor = 0.391451
    b = 0.26417
    c = 569.0
    d = 0.28571
    pc = 28.2
    tc = 569.0
    vc = 0.443
    vc_rat = 1.168
/

&rkpr
    ac = 36.194061892721955
    b = 0.1310921839940878
    del1 = 2.3612989119697403
    k = 2.6876819938252816
/

&soaveredlichkwong
    ac = 33.92819946370576
    b = 0.14535100235206952
    k = 1.0693279440548251
/
