&names
    formula_extended = 'N2F4'
    iupac = 'Tetrafluorohydrazine'
/

&pengrobinson
    ac = 8.153341831991636
    b = 0.05393473709060971
    k = 0.705631643302372
/

&pure
    a = 1.4424
    acentric_factor = 0.223345
    b = 0.2776
    c = 309.35
    d = 0.2857
    pc = 37.1
    tc = 309.35
    vc = 0.213
    vc_rat = 1.168
/

&rkpr
    ac = 7.5227992310345995
    b = 0.061278186071124965
    del1 = 0.41421356237309515
    k = 2.4690088870196805
/

&soaveredlichkwong
    ac = 7.62275074882316
    b = 0.060066328058810244
    k = 0.822815506920625
/
