&names
    formula_extended = 'F2CCF2'
    iupac = 'Tetrafluoroethylene'
/

&pengrobinson
    ac = 7.526475715141394
    b = 0.050259142520139195
    k = 0.7100874068439988
/

&pure
    a = 1.5763
    acentric_factor = 0.226481
    b = 0.27206
    c = 306.45
    d = 0.29064
    pc = 39.44
    tc = 306.45
    vc = 0.172
    vc_rat = 1.168
/

&rkpr
    ac = 7.457462844349895
    b = 0.05103664313876358
    del1 = 2.2302166996037673
    k = 2.096202032094081
/

&soaveredlichkwong
    ac = 7.036678895085513
    b = 0.0559728721305806
    k = 0.827504706411825
/
