&names
    formula_extended = 'HOCH2(CH2OCH2)3CH2OH'
    iupac = 'Tetraethylene Glycol'
/

&pengrobinson
    ac = 77.13363755669434
    b = 0.19854534986723169
    k = 1.6165457478849534
/

&pure
    a = 0.46246
    acentric_factor = 0.917442
    b = 0.26085
    c = 795.0
    d = 0.27179
    pc = 25.9
    tc = 795.0
    vc = 0.564
    vc_rat = 1.168
/

&rkpr
    ac = 87.5049171562377
    b = 0.15721363913208222
    del1 = 5.347910279747544
    k = 3.5450409288317175
/

&soaveredlichkwong
    ac = 72.11404912985489
    b = 0.2211170529976079
    k = 1.7767562389113
/
