&names
    formula_extended = 'Pb(C2H5)4'
    iupac = 'Tetraethyl Lead'
/

&pengrobinson
    ac = 63.81650050414083
    b = 0.1993768457460689
    k = 1.0542540875822284
/

&pure
    a = 0.40536
    acentric_factor = 0.481184
    b = 0.25781
    c = 655.0
    d = 0.23388
    pc = 21.25
    tc = 655.0
    vc = 0.6361
    vc_rat = 1.168
/

&rkpr
    ac = 66.75632537855343
    b = 0.18439315946665724
    del1 = 3.3512739783984618
    k = 2.7241464380177516
/

&soaveredlichkwong
    ac = 59.66354496465225
    b = 0.2220430777996548
    k = 1.1968644586752
/
