&names
    formula_extended = '(CCl2)2'
    iupac = 'Tetrachloroethylene'
/

&pengrobinson
    ac = 27.061156790774465
    b = 0.08931773551758643
    k = 0.6919899399483932
/

&pure
    a = 1.317
    acentric_factor = 0.213767
    b = 0.32758
    c = 620.0
    d = 0.3563
    pc = 44.9
    tc = 620.0
    vc = 0.248
    vc_rat = 1.168
/

&rkpr
    ac = 31.15655014183803
    b = 0.06859438608986755
    del1 = 5.7737155520242105
    k = 1.2254641550814775
/

&soaveredlichkwong
    ac = 25.30011097799249
    b = 0.09947185603326995
    k = 0.808472400199425
/
