&names
    formula_extended = '(NO2)3C6H2N(NO2)CH3'
    iupac = 'Tetryl'
/

&pengrobinson
    ac = 83.02893853229591
    b = 0.20520228135486426
    k = 2.0438286918196424
/

&pure
    a = 0.37912
    acentric_factor = 1.27807
    b = 0.252
    c = 828.0
    d = 0.28571
    pc = 26.1
    tc = 828.0
    vc = 0.665
    vc_rat = 1.168
/

&rkpr
    ac = 85.84120119264965
    b = 0.19377987608990993
    del1 = 3.0991209650420917
    k = 5.106716433620856
/

&soaveredlichkwong
    ac = 77.62570445503431
    b = 0.22853078025708087
    k = 2.2058261681425
/
