&names
    formula_extended = '-CH2CH2CH2CH2O-'
    iupac = 'Tetrahydrofuran'
/

&pengrobinson
    ac = 17.769316486385303
    b = 0.06731926689999725
    k = 0.7084867279587053
/

&pure
    a = 1.2543
    acentric_factor = 0.225354
    b = 0.28084
    c = 540.15
    d = 0.2912
    pc = 51.9
    tc = 540.15
    vc = 0.224
    vc_rat = 1.168
/

&rkpr
    ac = 18.002386470535203
    b = 0.0658497495591949
    del1 = 2.6776502950872665
    k = 1.9706060231145575
/

&soaveredlichkwong
    ac = 16.612951271243624
    b = 0.07497248319762095
    k = 0.8258199215697
/
