&names
    formula_extended = '-CH2SCH2-'
    iupac = 'Thiacyclopropane'
/

&pengrobinson
    ac = 13.94935986639971
    b = 0.052185516691230796
    k = 0.6159152459426387
/

&pure
    a = 1.6354
    acentric_factor = 0.160978
    b = 0.27311
    c = 547.0
    d = 0.29667
    pc = 67.8
    tc = 547.0
    vc = 0.167
    vc_rat = 1.168
/

&rkpr
    ac = 14.559062232972519
    b = 0.04845915109608744
    del1 = 3.3021936584815914
    k = 1.5593985570138238
/

&soaveredlichkwong
    ac = 13.041584120756536
    b = 0.05811824687729374
    k = 0.7288444366153001
/
