&names
    formula_extended = '-S(CH)4-'
    iupac = 'Thiophene'
/

&pengrobinson
    ac = 18.645716461439132
    b = 0.06585990504671196
    k = 0.6679496889858227
/

&pure
    a = 1.2874
    acentric_factor = 0.196972
    b = 0.28194
    c = 579.35
    d = 0.30781
    pc = 56.9
    tc = 579.35
    vc = 0.219
    vc_rat = 1.168
/

&rkpr
    ac = 18.899960873584813
    b = 0.06436581852009074
    del1 = 2.6881063592836294
    k = 1.856872150456824
/

&soaveredlichkwong
    ac = 17.432318188977565
    b = 0.07334721324054892
    k = 0.7832442834628
/
