&names
    formula_extended = 'H2NCSNH2'
    iupac = 'Thiourea'
/

&pengrobinson
    ac = 28.010781496223903
    b = 0.06711975936439549
    k = 0.8929533346863643
/

&pure
    a = 1.1591
    acentric_factor = 0.358577
    b = 0.287
    c = 854.0
    d = 0.28571
    pc = 82.3
    tc = 854.0
    vc = 0.248
    vc_rat = 1.168
/

&rkpr
    ac = 26.02404584730393
    b = 0.07546718606798715
    del1 = 0.8164338016225968
    k = 2.971902599183548
/

&soaveredlichkwong
    ac = 26.18793741575604
    b = 0.07475029457243998
    k = 1.021899141637425
/
