&names
    formula_extended = 'SOCl2'
    iupac = 'Thionyl Chloride'
/

&pengrobinson
    ac = 22.938853677999962
    b = 0.08278881912646072
    k = 0.5180648274739751
/

&pure
    a = 1.2989
    acentric_factor = 0.0945615
    b = 0.27016
    c = 567.0
    d = 0.29906
    pc = 44.3
    tc = 567.0
    vc = 0.208
    vc_rat = 1.168
/

&rkpr
    ac = 28.06227270803232
    b = 0.055587853802211006
    del1 = 7.80558036104579
    k = 0.47276865759171294
/

&soaveredlichkwong
    ac = 21.446072991202715
    b = 0.09220069731492742
    k = 0.6272749724756063
/
