&names
    formula_extended = 'HOCH2CH2SCH2CH2OH'
    iupac = 'Thiodiglycol'
/

&pengrobinson
    ac = 36.638960878490465
    b = 0.1025672725276282
    k = 1.926181405700627
/

&pure
    a = 0.7579
    acentric_factor = 1.17637
    b = 0.25995
    c = 731.0
    d = 0.2231
    pc = 46.1
    tc = 731.0
    vc = 0.343
    vc_rat = 1.168
/

&rkpr
    ac = 36.97445374653591
    b = 0.10100045740290763
    del1 = 2.5979895621399627
    k = 5.030562781636483
/

&soaveredlichkwong
    ac = 34.2546249412424
    b = 0.11422767166532721
    k = 2.0894332640425004
/
