&names
    formula_extended = 'HSCH2COOH'
    iupac = 'Thioglycolic Acid'
/

&pengrobinson
    ac = 27.841166902903097
    b = 0.07772603162438257
    k = 1.1623658299238533
/

&pure
    a = 1.0009
    acentric_factor = 0.559805
    b = 0.23938
    c = 733.0
    d = 0.28571
    pc = 61.0
    tc = 733.0
    vc = 0.239
    vc_rat = 1.168
/

&rkpr
    ac = 29.917394237442284
    b = 0.06842988078906195
    del1 = 3.9588611781472336
    k = 2.8239085471578718
/

&soaveredlichkwong
    ac = 26.02936074929342
    b = 0.08656234490243708
    k = 1.306291283345625
/
