&names
    formula_extended = 'TiCl4'
    iupac = 'Titanium Tetrachloride'
/

&pengrobinson
    ac = 27.604267857250612
    b = 0.08853981087144716
    k = 0.7904989157153458
/

&pure
    a = 0.76091
    acentric_factor = 0.283732
    b = 0.26038
    c = 638.0
    d = 0.27676
    pc = 46.6095
    tc = 638.0
    vc = 0.34
    vc_rat = 1.168
/

&rkpr
    ac = 25.46947856337725
    b = 0.10059489112124305
    del1 = 0.41421356237309515
    k = 2.714880474235324
/

&soaveredlichkwong
    ac = 25.807878268262463
    b = 0.09860549272975491
    k = 0.9125059946308001
/
