&names
    formula_extended = '(C6H5)CH3'
    iupac = 'Toluene'
/

&pengrobinson
    ac = 26.943587309228366
    b = 0.0931751685407182
    k = 0.7630010925480115
/

&pure
    a = 0.8792
    acentric_factor = 0.264012
    b = 0.27136
    c = 591.75
    d = 0.29241
    pc = 41.08
    tc = 591.75
    vc = 0.316
    vc_rat = 1.168
/

&rkpr
    ac = 26.890303186306294
    b = 0.09348467576690518
    del1 = 2.374554089230506
    k = 2.203063785616745
/

&soaveredlichkwong
    ac = 25.190192508736384
    b = 0.1037678227873688
    k = 0.8833569791748
/
