&names
    formula_extended = '(C6H5)CHCH(C6H5)'
    iupac = 'Trans-Stilbene'
/

&pengrobinson
    ac = 77.56869080191728
    b = 0.1935778423761771
    k = 1.062246362752942
/

&pure
    a = 0.40189
    acentric_factor = 0.487424
    b = 0.24381
    c = 820.0
    d = 0.28571
    pc = 27.4
    tc = 820.0
    vc = 0.607
    vc_rat = 1.168
/

&rkpr
    ac = 82.18348248890294
    b = 0.17494072919894887
    del1 = 3.6339266874464093
    k = 2.6682486737985265
/

&soaveredlichkwong
    ac = 72.52079062544495
    b = 0.21558481254020087
    k = 1.2056284987392
/
