&names
    formula_extended = 'CClHCClH'
    iupac = 'Trans-1,2-Dichloroethylene'
/

&pengrobinson
    ac = 15.303767969033126
    b = 0.060633282791640396
    k = 0.7057041487615052
/

&pure
    a = 1.1526
    acentric_factor = 0.223396
    b = 0.25817
    c = 516.5
    d = 0.2849
    pc = 55.1
    tc = 516.5
    vc = 0.224
    vc_rat = 1.168
/

&rkpr
    ac = 14.220156286247365
    b = 0.06816060593793982
    del1 = 0.8207101320929832
    k = 2.4313057026384404
/

&soaveredlichkwong
    ac = 14.307852062332472
    b = 0.0675264004592576
    k = 0.8228917937572
/
