&names
    formula_extended = 'CH3CHCHCOOH'
    iupac = 'Trans-Crotonic Acid'
/

&pengrobinson
    ac = 29.83045790736849
    b = 0.09165765175966346
    k = 1.1768175908662504
/

&pure
    a = 0.8605
    acentric_factor = 0.570794
    b = 0.23234
    c = 666.0
    d = 0.36793
    pc = 47.0
    tc = 666.0
    vc = 0.27
    vc_rat = 1.168
/

&rkpr
    ac = 33.02950390262732
    b = 0.07619493397078748
    del1 = 4.6949228873509945
    k = 2.6726315116888286
/

&soaveredlichkwong
    ac = 27.88919562514967
    b = 0.10207778653758696
    k = 1.3214137426737
/
