&names
    formula_extended = 'CH3(CH2)3CHCHCH3'
    iupac = 'Trans-2-Heptene'
/

&pengrobinson
    ac = 32.70123229962186
    b = 0.1232387614223893
    k = 0.8639528835128044
/

&pure
    a = 0.65151
    acentric_factor = 0.337166
    b = 0.26451
    c = 543.0
    d = 0.28672
    pc = 28.5
    tc = 543.0
    vc = 0.406
    vc_rat = 1.168
/

&rkpr
    ac = 33.387096358882694
    b = 0.11895757261122646
    del1 = 2.8363065646715415
    k = 2.3520482927435835
/

&soaveredlichkwong
    ac = 30.573150020682018
    b = 0.13724920658688988
    k = 0.9908051244777002
/
