&names
    formula_extended = 'CH3CHCHCN'
    iupac = 'Trans-Crotonitrile'
/

&pengrobinson
    ac = 27.975175905406402
    b = 0.09769183015868904
    k = 0.9452424307422427
/

&pure
    a = 0.7963
    acentric_factor = 0.397653
    b = 0.2243
    c = 586.0
    d = 0.2857
    pc = 38.8
    tc = 586.0
    vc = 0.282
    vc_rat = 1.168
/

&rkpr
    ac = 31.401598827241887
    b = 0.07903663501305888
    del1 = 5.055685966714174
    k = 2.014796455094996
/

&soaveredlichkwong
    ac = 26.154648912752105
    b = 0.10879796278823492
    k = 1.078233438028425
/
