&names
    formula_extended = '-CH(CH3)CH2CH(CH3)(CH2)3-'
    iupac = 'Trans-1,3-Dimethylcyclohexane'
/

&pengrobinson
    ac = 38.467710435200495
    b = 0.13163706481145346
    k = 0.7199844155537279
/

&pure
    a = 0.53126
    acentric_factor = 0.23346
    b = 0.24438
    c = 598.0
    d = 0.27796
    pc = 29.3843
    tc = 598.0
    vc = 0.46
    vc_rat = 1.168
/

&rkpr
    ac = 37.473216656897016
    b = 0.1374381121813543
    del1 = 1.8923320276516642
    k = 2.2162419325347136
/

&soaveredlichkwong
    ac = 35.964365847495586
    b = 0.14660227427047692
    k = 0.8379279149700001
/
