&names
    formula_extended = 'CH3CHCH(CH2)8CH3'
    iupac = 'Trans-2-Dodecene'
/

&pengrobinson
    ac = 73.51476481707779
    b = 0.2269050071089243
    k = 1.1748218940921278
/

&pure
    a = 0.34286
    acentric_factor = 0.569275
    b = 0.233
    c = 663.0
    d = 0.28571
    pc = 18.9
    tc = 663.0
    vc = 0.681
    vc_rat = 1.168
/

&rkpr
    ac = 80.3586919160193
    b = 0.19339661259222946
    del1 = 4.370341579158527
    k = 2.748218986424569
/

&soaveredlichkwong
    ac = 68.73068002130505
    b = 0.25270078858999856
    k = 1.319325895515625
/
