&names
    formula_extended = 'CH3CHCHCH2CH3'
    iupac = 'Trans-2-Pentene'
/

&pengrobinson
    ac = 19.42009425705757
    b = 0.08380555751769489
    k = 0.7410432002083508
/

&pure
    a = 0.92152
    acentric_factor = 0.248372
    b = 0.27001
    c = 474.2
    d = 0.28408
    pc = 36.6
    tc = 474.2
    vc = 0.293
    vc_rat = 1.168
/

&rkpr
    ac = 18.91031858243823
    b = 0.08755641051747737
    del1 = 1.8841869132165083
    k = 2.2775506981385925
/

&soaveredlichkwong
    ac = 18.156302175305854
    b = 0.09333302399439668
    k = 0.8601420141828
/
