&names
    formula_extended = '-CH(CH3)CH(CH3)(CH2)4-'
    iupac = 'Trans-1,2-Dimethylcyclohexane'
/

&pengrobinson
    ac = 38.23006767849206
    b = 0.13122982640024744
    k = 0.7262162527086797
/

&pure
    a = 0.54405
    acentric_factor = 0.237864
    b = 0.25026
    c = 596.15
    d = 0.2658
    pc = 29.3843
    tc = 596.15
    vc = 0.46
    vc_rat = 1.168
/

&rkpr
    ac = 37.14670726414128
    b = 0.13757863832889689
    del1 = 1.8412566447878032
    k = 2.2476554910217708
/

&soaveredlichkwong
    ac = 35.742188053533376
    b = 0.14614873880659668
    k = 0.8444965615632001
/
