&names
    formula_extended = '-CH(CH3)CH(CH3)(CH2)3-'
    iupac = 'Trans-1,2-Dimethylcyclopentane'
/

&pengrobinson
    ac = 28.073697990259824
    b = 0.10385794918139801
    k = 0.7710713747154125
/

&pure
    a = 0.77201
    acentric_factor = 0.269784
    b = 0.27793
    c = 553.15
    d = 0.30976
    pc = 34.4505
    tc = 553.15
    vc = 0.36
    vc_rat = 1.168
/

&rkpr
    ac = 27.529955659767875
    b = 0.10727311981728864
    del1 = 2.0244779980221703
    k = 2.322822786060077
/

&soaveredlichkwong
    ac = 26.24675952353813
    b = 0.11566507938223036
    k = 0.8919029198352001
/
