&names
    formula_extended = 'HO(C6H10)CH3'
    iupac = 'Trans-4-Methylcyclohexanol'
/

&pengrobinson
    ac = 32.2664271643232
    b = 0.10615575172304238
    k = 1.3366186752716442
/

&pure
    a = 0.73135
    acentric_factor = 0.69399
    b = 0.27352
    c = 622.0
    d = 0.26556
    pc = 37.9
    tc = 622.0
    vc = 0.374
    vc_rat = 1.168
/

&rkpr
    ac = 31.220634625528618
    b = 0.11204458393707849
    del1 = 1.7568720380008551
    k = 3.924914859846989
/

&soaveredlichkwong
    ac = 30.166640488886706
    b = 0.11822410847416615
    k = 1.4880563889825
/
