&names
    formula_extended = 'CH3(CH2)2CHCH(CH2)2CH3'
    iupac = 'Trans-4-Octene'
/

&pengrobinson
    ac = 40.22525978302262
    b = 0.14365715829431158
    k = 0.8668788792329299
/

&pure
    a = 0.54154
    acentric_factor = 0.339318
    b = 0.2573
    c = 573.0
    d = 0.2857
    pc = 25.8
    tc = 573.0
    vc = 0.48
    vc_rat = 1.168
/

&rkpr
    ac = 40.62078371699921
    b = 0.1413016167826836
    del1 = 2.6115781951825774
    k = 2.4228473416460536
/

&soaveredlichkwong
    ac = 37.60754000641984
    b = 0.15998887662335326
    k = 0.9939376086032998
/
