&names
    formula_extended = 'CH3CHCH(CH2)4CH3'
    iupac = 'Trans-2-Octene'
/

&pengrobinson
    ac = 40.78882923622934
    b = 0.14466000058606943
    k = 0.8656473288636595
/

&pure
    a = 0.5378
    acentric_factor = 0.338412
    b = 0.25552
    c = 577.0
    d = 0.2857
    pc = 25.8
    tc = 577.0
    vc = 0.484
    vc_rat = 1.168
/

&rkpr
    ac = 41.146607144668984
    b = 0.14254265517835757
    del1 = 2.5902471369055955
    k = 2.425481937503819
/

&soaveredlichkwong
    ac = 38.13443432288148
    b = 0.1611057274200259
    k = 0.9926190186947998
/
