&names
    formula_extended = 'HO(C6H10)CH3'
    iupac = 'Trans-3-Methylcyclohexanol'
/

&pengrobinson
    ac = 32.78726503211095
    b = 0.10700909377869385
    k = 1.3193825514289297
/

&pure
    a = 0.73794
    acentric_factor = 0.680552
    b = 0.27599
    c = 627.0
    d = 0.24304
    pc = 37.9
    tc = 627.0
    vc = 0.374
    vc_rat = 1.168
/

&rkpr
    ac = 31.935311990937997
    b = 0.1117492108736962
    del1 = 1.8896347190936194
    k = 3.8388323578952157
/

&soaveredlichkwong
    ac = 30.65358404264726
    b = 0.11917446304389417
    k = 1.4701374186768
/
