&names
    formula_extended = 'HOCH2CHCHCH2OH'
    iupac = 'Trans-2-Butene-1,4-Diol'
/

&pengrobinson
    ac = 26.9621446470446
    b = 0.08284441601354198
    k = 1.975304155379501
/

&pure
    a = 0.84915
    acentric_factor = 1.21861
    b = 0.23691
    c = 666.0
    d = 0.28571
    pc = 52.0
    tc = 666.0
    vc = 0.279
    vc_rat = 1.168
/

&rkpr
    ac = 27.058858577642827
    b = 0.08234697079651244
    del1 = 2.4861595118649205
    k = 5.173012471766591
/

&soaveredlichkwong
    ac = 25.207542199654508
    b = 0.09226261475512668
    k = 2.1382153318825003
/
