&names
    formula_extended = '(CH2)4CHCH(CH2)4'
    iupac = 'Trans-Decahydronaphthalene'
/

&pengrobinson
    ac = 46.620058631258765
    b = 0.13886701941008697
    k = 0.8120519487030119
/

&pure
    a = 0.56798
    acentric_factor = 0.299295
    b = 0.27271
    c = 687.0
    d = 0.28959
    pc = 32.0
    tc = 687.0
    vc = 0.48
    vc_rat = 1.168
/

&rkpr
    ac = 45.821850233730075
    b = 0.14289807551749864
    del1 = 2.069974535996862
    k = 2.42444940987543
/

&soaveredlichkwong
    ac = 43.58618762275046
    b = 0.1546541689898717
    k = 0.935414268020625
/
