&names
    formula_extended = '(C6H5)(CHCHCH3)'
    iupac = 'Trans-1-Propenylbenzene'
/

&pengrobinson
    ac = 42.22986057613764
    b = 0.1289816358283195
    k = 0.8668625702032108
/

&pure
    a = 0.62879
    acentric_factor = 0.339306
    b = 0.25592
    c = 670.0
    d = 0.30979
    pc = 33.6
    tc = 670.0
    vc = 0.407
    vc_rat = 1.168
/

&rkpr
    ac = 44.53649102761853
    b = 0.11754730009406515
    del1 = 3.5306850289561496
    k = 2.173758132493065
/

&soaveredlichkwong
    ac = 39.48168836321409
    b = 0.143644961839903
    k = 0.9939201457137
/
