&names
    formula_extended = 'HO(C6H10)CH3'
    iupac = 'Trans-2-Methylcyclohexanol'
/

&pengrobinson
    ac = 31.74975933550892
    b = 0.10530240966739092
    k = 1.3174402558547729
/

&pure
    a = 0.72836
    acentric_factor = 0.67904
    b = 0.27241
    c = 617.0
    d = 0.2478
    pc = 37.9
    tc = 617.0
    vc = 0.374
    vc_rat = 1.168
/

&rkpr
    ac = 30.51452456298025
    b = 0.11234276822205357
    del1 = 1.620077002130346
    k = 3.918479011532589
/

&soaveredlichkwong
    ac = 29.68359560249013
    b = 0.11727375390443812
    k = 1.4681172787199999
/
