&names
    formula_extended = 'CH3CHCH(CH2)16CH3'
    iupac = 'Trans-2-Eicosene'
/

&pengrobinson
    ac = 146.19772649935004
    b = 0.4015756602057829
    k = 1.4979095958910562
/

&pure
    a = 0.19373
    acentric_factor = 0.821531
    b = 0.215
    c = 745.0
    d = 0.28571
    pc = 12.0
    tc = 745.0
    vc = 1.11
    vc_rat = 1.168
/

&rkpr
    ac = 168.80811748757145
    b = 0.30654304185941356
    del1 = 5.859434640007565
    k = 3.15850602369591
/

&soaveredlichkwong
    ac = 136.68368775812013
    b = 0.4472289408925936
    k = 1.6549799868068251
/
