&names
    formula_extended = 'CH3CHCH(CH2)6CH3'
    iupac = 'Trans-2-Decene'
/

&pengrobinson
    ac = 55.556403567126665
    b = 0.183665045502651
    k = 1.0552504252817716
/

&pure
    a = 0.42358
    acentric_factor = 0.481961
    b = 0.242
    c = 619.0
    d = 0.28571
    pc = 21.8
    tc = 619.0
    vc = 0.571
    vc_rat = 1.168
/

&rkpr
    ac = 59.22932123782013
    b = 0.1640926908989379
    del1 = 3.7754937855170407
    k = 2.611801394038905
/

&soaveredlichkwong
    ac = 51.94098636114572
    b = 0.20454507560804044
    k = 1.1979564930338251
/
