&names
    formula_extended = 'CH3CH2CHCHCH2CH3'
    iupac = 'Trans-3-Hexene'
/

&pengrobinson
    ac = 25.833641116864307
    b = 0.10386061154434069
    k = 0.7927568626107732
/

&pure
    a = 0.74741
    acentric_factor = 0.285358
    b = 0.26234
    c = 509.0
    d = 0.29552
    pc = 31.7
    tc = 509.0
    vc = 0.351
    vc_rat = 1.168
/

&rkpr
    ac = 25.854832974929042
    b = 0.10371774928848801
    del1 = 2.430664627838912
    k = 2.269643382927847
/

&soaveredlichkwong
    ac = 24.15247774792526
    b = 0.11566804441691028
    k = 0.9149033840713
/
