&names
    formula_extended = '-CH2CH(CH3)CH2CH(CH3)CH2-'
    iupac = 'Trans-1,3-Dimethylcyclopentane'
/

&pengrobinson
    ac = 28.058881565121343
    b = 0.10383129255026055
    k = 0.771301809634738
/

&pure
    a = 0.77915
    acentric_factor = 0.269949
    b = 0.2805
    c = 553.0
    d = 0.30466
    pc = 34.45
    tc = 553.0
    vc = 0.36
    vc_rat = 1.168
/

&rkpr
    ac = 27.509665663568732
    b = 0.10728221556417385
    del1 = 2.0203143816982534
    k = 2.324625809249389
/

&soaveredlichkwong
    ac = 26.232907299732663
    b = 0.11563539228190843
    k = 0.892147045044825
/
