&names
    formula_extended = 'CH3CHCH(CH2)2CH3'
    iupac = 'Trans-2-Hexene'
/

&pengrobinson
    ac = 26.324308223160738
    b = 0.10500806066718203
    k = 0.7591371669279707
/

&pure
    a = 0.74086
    acentric_factor = 0.261253
    b = 0.26272
    c = 513.0
    d = 0.28571
    pc = 31.6
    tc = 513.0
    vc = 0.36
    vc_rat = 1.168
/

&rkpr
    ac = 26.045911653526495
    b = 0.10688328292688906
    del1 = 2.201946174510952
    k = 2.240210638139855
/

&soaveredlichkwong
    ac = 24.61121394824846
    b = 0.11694594172690535
    k = 0.879267924248425
/
