&names
    formula_extended = 'CH3(CH)2CHO'
    iupac = 'Trans-Crotonaldehyde'
/

&pengrobinson
    ac = 24.07935903469627
    b = 0.08659956124390321
    k = 0.8654012375492788
/

&pure
    a = 1.0167
    acentric_factor = 0.338231
    b = 0.25419
    c = 569.0
    d = 0.2884
    pc = 42.5
    tc = 569.0
    vc = 0.25
    vc_rat = 1.168
/

&rkpr
    ac = 27.027230376917093
    b = 0.07006977026586093
    del1 = 5.054297941073724
    k = 1.8099284259710706
/

&soaveredlichkwong
    ac = 22.51235823238829
    b = 0.09644466509007907
    k = 0.9923555573618249
/
