&names
    formula_extended = 'CH3CHCHCHCHCH3'
    iupac = 'Trans,Trans-2,4-Hexadiene'
/

&pengrobinson
    ac = 27.00673460089225
    b = 0.10330023994875792
    k = 0.7882395415498988
/

&pure
    a = 0.8044
    acentric_factor = 0.282106
    b = 0.26626
    c = 535.0
    d = 0.28209
    pc = 33.5
    tc = 535.0
    vc = 0.331
    vc_rat = 1.168
/

&rkpr
    ac = 28.160013422077693
    b = 0.0960891944658932
    del1 = 3.281330882968667
    k = 2.0276488260801298
/

&soaveredlichkwong
    ac = 25.24923039464083
    b = 0.11504396676471804
    k = 0.9101076798337
/
