&names
    formula_extended = 'CH3CHC(C6H5)CH3'
    iupac = 'Trans-2-Phenylbutene-2'
/

&pengrobinson
    ac = 44.91571532566935
    b = 0.1405411840306354
    k = 0.8962479104939253
/

&pure
    a = 0.55355
    acentric_factor = 0.361021
    b = 0.25703
    c = 654.0
    d = 0.28571
    pc = 30.1
    tc = 654.0
    vc = 0.464
    vc_rat = 1.168
/

&rkpr
    ac = 45.781599921053285
    b = 0.1360490158749326
    del1 = 2.8019891638176984
    k = 2.4496709470628577
/

&soaveredlichkwong
    ac = 41.992757042180784
    b = 0.15651866164797762
    k = 1.025438225572825
/
