&names
    formula_extended = 'NCCHCHCH2CH2CN'
    iupac = 'Trans-Dicyano-1-Butene'
/

&pengrobinson
    ac = 62.87020013715867
    b = 0.16795738680976255
    k = 1.2921772785806485
/

&pure
    a = 0.5735
    acentric_factor = 0.659416
    b = 0.22481
    c = 766.0
    d = 0.28571
    pc = 29.5
    tc = 766.0
    vc = 0.392
    vc_rat = 1.168
/

&rkpr
    ac = 80.114613806044
    b = 0.102110992779576
    del1 = 9.500938688197174
    k = 2.043464838466428
/

&soaveredlichkwong
    ac = 58.778826528989306
    b = 0.18705168580069254
    k = 1.4418256283152
/
