&names
    formula_extended = 'CH3CHCHCH3'
    iupac = 'Trans-2-Butene'
/

&pengrobinson
    ac = 14.16216977151425
    b = 0.06761774220233696
    k = 0.6974437304369971
/

&pure
    a = 1.1398
    acentric_factor = 0.217592
    b = 0.27064
    c = 428.6
    d = 0.28497
    pc = 41.0
    tc = 428.6
    vc = 0.238
    vc_rat = 1.168
/

&rkpr
    ac = 13.713947495959715
    b = 0.07127882521501748
    del1 = 1.7727274724140336
    k = 2.1852483167635315
/

&soaveredlichkwong
    ac = 13.24054509859801
    b = 0.07530489077750163
    k = 0.8142042092688
/
