&names
    formula_extended = 'CH3CH2CH2CHCHCH2CH3'
    iupac = 'Trans-3-Heptene'
/

&pengrobinson
    ac = 32.34089089184543
    b = 0.12255788428745898
    k = 0.8597199130261709
/

&pure
    a = 0.65419
    acentric_factor = 0.334056
    b = 0.2656
    c = 540.0
    d = 0.28571
    pc = 28.5
    tc = 540.0
    vc = 0.406
    vc_rat = 1.168
/

&rkpr
    ac = 32.87809764644336
    b = 0.11917703273513715
    del1 = 2.748099992360813
    k = 2.3649936115716215
/

&soaveredlichkwong
    ac = 30.236258376426157
    b = 0.13649092367757004
    k = 0.9862752970512001
/
