&names
    formula_extended = 'CH3CHCH(CH2)11CH3'
    iupac = 'Trans-2-Pentadecene'
/

&pengrobinson
    ac = 99.21649743985574
    b = 0.28922099444906724
    k = 1.3380825680107344
/

&pure
    a = 0.26919
    acentric_factor = 0.695133
    b = 0.22747
    c = 702.0
    d = 0.28571
    pc = 15.7
    tc = 702.0
    vc = 0.847
    vc_rat = 1.168
/

&rkpr
    ac = 110.29431811708423
    b = 0.23855336886593032
    del1 = 4.798145389011661
    k = 3.0369935543383324
/

&soaveredlichkwong
    ac = 92.7598334204182
    b = 0.3221011925002529
    k = 1.489577611654425
/
