&names
    formula_extended = 'CH2(CH)3CH3'
    iupac = 'Trans-1,3-Pentadiene'
/

&pengrobinson
    ac = 21.128940788091406
    b = 0.08647503719034912
    k = 0.5501453721871925
/

&pure
    a = 0.97004
    acentric_factor = 0.116159
    b = 0.26773
    c = 500.0
    d = 0.30401
    pc = 37.4
    tc = 500.0
    vc = 0.276
    vc_rat = 1.168
/

&rkpr
    ac = 22.095937944817038
    b = 0.08001742185247217
    del1 = 3.3450145350137706
    k = 1.3726361374844507
/

&soaveredlichkwong
    ac = 19.75394292709561
    b = 0.09630598447243877
    k = 0.6604730061758249
/
