&names
    formula_extended = 'CH3CH2CHCH(CH2)3CH3'
    iupac = 'Trans-3-Octene'
/

&pengrobinson
    ac = 40.365784601028736
    b = 0.14390786886725102
    k = 0.8730313409145141
/

&pure
    a = 0.5406
    acentric_factor = 0.343849
    b = 0.2569
    c = 574.0
    d = 0.2857
    pc = 25.8
    tc = 574.0
    vc = 0.48
    vc_rat = 1.168
/

&rkpr
    ac = 40.81831218629748
    b = 0.1412197986343951
    del1 = 2.639290401448979
    k = 2.4319103199853016
/

&soaveredlichkwong
    ac = 37.738919958807124
    b = 0.16026808932252143
    k = 1.0005277024098251
/
