&names
    formula_extended = '(C8H17)3N'
    iupac = 'Tri-N-Octylamine'
/

&pengrobinson
    ac = 191.38216002177447
    b = 0.5008154688512282
    k = 1.679161735958234
/

&pure
    a = 0.18878
    acentric_factor = 0.968793
    b = 0.25862
    c = 782.0
    d = 0.35394
    pc = 10.1
    tc = 782.0
    vc = 1.37
    vc_rat = 1.168
/

&rkpr
    ac = 222.43905304128666
    b = 0.37700506511434906
    del1 = 6.058952147262506
    k = 3.5175018739674058
/

&soaveredlichkwong
    ac = 178.92767575292697
    b = 0.5577508646868361
    k = 1.8406322035514249
/
