&names
    formula_extended = 'N(CH2CH2CH2CH3)3'
    iupac = 'Tri-N-Butylamine'
/

&pengrobinson
    ac = 72.82970472493362
    b = 0.23142257286131918
    k = 1.3370157400408176
/

&pure
    a = 0.3621
    acentric_factor = 0.6943
    b = 0.26523
    c = 644.0
    d = 0.2743
    pc = 18.0
    tc = 644.0
    vc = 0.735
    vc_rat = 1.168
/

&rkpr
    ac = 76.44144593482537
    b = 0.21273946342322791
    del1 = 3.4249274820777886
    k = 3.4054732666764314
/

&soaveredlichkwong
    ac = 68.09020125345911
    b = 0.25773193551215234
    k = 1.48846901425
/
