&names
    formula_extended = '(C6H3)(COOC7H15)3'
    iupac = 'Tri-N-Heptyl Trimellitate'
/

&pengrobinson
    ac = 355.9079523150619
    b = 0.7140367356574541
    k = 1.2172751670580204
/

&pure
    a = 0.10938
    acentric_factor = 0.601691
    b = 0.175
    c = 1020.0
    d = 0.28571
    pc = 9.24
    tc = 1020.0
    vc = 1.61
    vc_rat = 1.168
/

&rkpr
    ac = 461.7857648973612
    b = 0.4143466166257649
    del1 = 10.359968438078992
    k = 1.7603913284048087
/

&soaveredlichkwong
    ac = 332.7467026313854
    b = 0.7952122717867086
    k = 1.363706023590825
/
