&names
    formula_extended = '(CH3-CH2-CH2-CH2-O)3B'
    iupac = 'Tri-N-Butyl Borate'
/

&pengrobinson
    ac = 87.7658002782497
    b = 0.2416750799052289
    k = 0.6560733997529837
/

&pure
    a = 0.2794
    acentric_factor = 0.188714
    b = 0.24121
    c = 743.15
    d = 0.39033
    pc = 19.8901
    tc = 743.15
    vc = 0.8633
    vc_rat = 1.168
/

&rkpr
    ac = 83.94447294233515
    b = 0.2598103879426838
    del1 = 1.5201535461864648
    k = 2.1345063462646388
/

&soaveredlichkwong
    ac = 82.05430774005332
    b = 0.2691500026937937
    k = 0.7708035655857001
/
