&names
    formula_extended = '(CH2CHCH2)3N'
    iupac = 'Triallylamine'
/

&pengrobinson
    ac = 45.03162570780108
    b = 0.15566069133529117
    k = 1.0813425529769494
/

&pure
    a = 0.49978
    acentric_factor = 0.498656
    b = 0.2605
    c = 592.0
    d = 0.28571
    pc = 24.6
    tc = 592.0
    vc = 0.521
    vc_rat = 1.168
/

&rkpr
    ac = 45.41334503299042
    b = 0.15345850215436688
    del1 = 2.584323977911551
    k = 3.006329417199057
/

&soaveredlichkwong
    ac = 42.10112438043271
    b = 0.17335703585425788
    k = 1.2213694278912
/
