&names
    formula_extended = '(CH3(CH2)4)3N'
    iupac = 'Triamylamine'
/

&pengrobinson
    ac = 91.79223229673168
    b = 0.28460664240087696
    k = 1.5366438831719946
/

&pure
    a = 0.29455
    acentric_factor = 0.852648
    b = 0.26303
    c = 660.0
    d = 0.28103
    pc = 15.0
    tc = 660.0
    vc = 0.893
    vc_rat = 1.168
/

&rkpr
    ac = 97.20854328201395
    b = 0.25742181618763466
    del1 = 3.6235758652789167
    k = 3.8259838328874514
/

&soaveredlichkwong
    ac = 85.81871358938733
    b = 0.31696225609569045
    k = 1.6948414449168
/
