&names
    formula_extended = '(CH3)2C(OH)CH2COCH2(OH)C(CH3)2'
    iupac = 'Triacetone Alcohol'
/

&pengrobinson
    ac = 43.89889372363755
    b = 0.14536107851548924
    k = 2.125187417226348
/

&pure
    a = 0.5352
    acentric_factor = 1.34948
    b = 0.301
    c = 618.0
    d = 0.28571
    pc = 27.5
    tc = 618.0
    vc = 0.563
    vc_rat = 1.168
/

&rkpr
    ac = 40.50395172341021
    b = 0.16515262143221582
    del1 = 0.41421356237309515
    k = 6.064987387885553
/

&soaveredlichkwong
    ac = 41.042106647775064
    b = 0.16188650765879067
    k = 2.28538967268
/
