&names
    formula_extended = 'CHBr3'
    iupac = 'Tribromomethane'
/

&pengrobinson
    ac = 25.142618527558138
    b = 0.073923803221007
    k = 0.608834374445385
/

&pure
    a = 0.8657
    acentric_factor = 0.156117
    b = 0.24757
    c = 696.0
    d = 0.3006
    pc = 60.9
    tc = 696.0
    vc = 0.286
    vc_rat = 1.168
/

&rkpr
    ac = 23.198202065214808
    b = 0.0839888504740811
    del1 = 0.41421356237309515
    k = 2.18821239986463
/

&soaveredlichkwong
    ac = 23.506424501461463
    b = 0.08232785872615336
    k = 0.7214629674044251
/
