&names
    formula_extended = 'Cl3CCO2H'
    iupac = 'Trichloroacetic Acid'
/

&pengrobinson
    ac = 31.10578169065262
    b = 0.09252001983169691
    k = 1.1481648285353916
/

&pure
    a = 0.83768
    acentric_factor = 0.549031
    b = 0.25888
    c = 688.0
    d = 0.29795
    pc = 48.1
    tc = 688.0
    vc = 0.309
    vc_rat = 1.168
/

&rkpr
    ac = 31.422460914468402
    b = 0.09094961541758687
    del1 = 2.618575029549221
    k = 3.170160059264848
/

&soaveredlichkwong
    ac = 29.081525779378754
    b = 0.10303819324978031
    k = 1.2914236621818251
/
