&names
    formula_extended = 'CHClCCl2'
    iupac = 'Trichloroethylene'
/

&pengrobinson
    ac = 20.98940095988025
    b = 0.07522236290080575
    k = 0.696058574549952
/

&pure
    a = 1.0632
    acentric_factor = 0.21662
    b = 0.27217
    c = 571.0
    d = 0.2986
    pc = 49.1
    tc = 571.0
    vc = 0.256
    vc_rat = 1.168
/

&rkpr
    ac = 20.890042419677304
    b = 0.07582148462629577
    del1 = 2.3192707791932303
    k = 2.0330529841857983
/

&soaveredlichkwong
    ac = 19.623483864798768
    b = 0.08377404565387857
    k = 0.81274814073
/
