&names
    formula_extended = 'Cl3CF'
    iupac = 'Trichlorofluoromethane'
/

&pengrobinson
    ac = 15.921291626351511
    b = 0.06914424697826949
    k = 0.657010975757508
/

&pure
    a = 1.0889
    acentric_factor = 0.189365
    b = 0.27024
    c = 471.2
    d = 0.2865
    pc = 44.08
    tc = 471.2
    vc = 0.248
    vc_rat = 1.168
/

&rkpr
    ac = 15.17581425984754
    b = 0.07473548680223065
    del1 = 1.4478387520228166
    k = 2.155452905360922
/

&soaveredlichkwong
    ac = 14.885189431258887
    b = 0.07700493682575553
    k = 0.7717851669356249
/
