&names
    formula_extended = 'SiHCl3'
    iupac = 'Trichlorosilane'
/

&pengrobinson
    ac = 17.391790344909538
    b = 0.07430051324941142
    k = 0.6767045282694221
/

&pure
    a = 1.0311
    acentric_factor = 0.203076
    b = 0.27817
    c = 479.0
    d = 0.27626
    pc = 41.7
    tc = 479.0
    vc = 0.268
    vc_rat = 1.168
/

&rkpr
    ac = 16.49822381441106
    b = 0.08091216998061328
    del1 = 1.3447061277732748
    k = 2.2370938333321
/

&soaveredlichkwong
    ac = 16.259993215892262
    b = 0.08274739517649647
    k = 0.7924246481891999
/
