&names
    formula_extended = 'CCl3CHO'
    iupac = 'Trichloroacetaldehyde'
/

&pengrobinson
    ac = 22.880611428855786
    b = 0.08287093019815268
    k = 0.8573738808708845
/

&pure
    a = 0.9235
    acentric_factor = 0.332334
    b = 0.26596
    c = 565.0
    d = 0.2784
    pc = 44.1
    tc = 565.0
    vc = 0.288
    vc_rat = 1.168
/

&rkpr
    ac = 22.389924663612277
    b = 0.08589210584547921
    del1 = 1.982297690698494
    k = 2.575882603390803
/

&soaveredlichkwong
    ac = 21.391620944738175
    b = 0.09229214321483462
    k = 0.9837656856777
/
