&names
    formula_extended = 'CCl3COCl'
    iupac = 'Trichloroacetyl Chloride'
/

&pengrobinson
    ac = 26.693126831417448
    b = 0.09043687500532917
    k = 0.7886287113993197
/

&pure
    a = 0.76702
    acentric_factor = 0.282386
    b = 0.26139
    c = 604.0
    d = 0.28632
    pc = 43.2
    tc = 604.0
    vc = 0.3408
    vc_rat = 1.168
/

&rkpr
    ac = 24.62880106576429
    b = 0.10275024878599967
    del1 = 0.41421356237309515
    k = 2.7094656022102552
/

&soaveredlichkwong
    ac = 24.956031126308805
    b = 0.10071822531660196
    k = 0.9105207397257
/
