&names
    formula_extended = 'CH3OCH2CH2OCH2CH2OCH2CH2OCH3'
    iupac = 'Triethylene Glycol Dimethyl Ether'
/

&pengrobinson
    ac = 57.99082895004826
    b = 0.1822893783972559
    k = 1.4603408749038154
/

&pure
    a = 0.4493
    acentric_factor = 0.791532
    b = 0.24622
    c = 651.0
    d = 0.3918
    pc = 23.1
    tc = 651.0
    vc = 0.548
    vc_rat = 1.168
/

&rkpr
    ac = 63.31679628642649
    b = 0.15571265902903628
    del1 = 4.342005651806539
    k = 3.4440777105299154
/

&soaveredlichkwong
    ac = 54.21698782079344
    b = 0.2030130152679009
    k = 1.6162298592708
/
