&names
    formula_extended = '(C2H5)3N'
    iupac = 'Triethylamine'
/

&pengrobinson
    ac = 29.77740141517697
    b = 0.11386606211186402
    k = 0.8353057508438299
/

&pure
    a = 0.7035
    acentric_factor = 0.316193
    b = 0.27386
    c = 535.15
    d = 0.2872
    pc = 30.4
    tc = 535.15
    vc = 0.39
    vc_rat = 1.168
/

&rkpr
    ac = 29.484864509000055
    b = 0.115754098798825
    del1 = 2.217056563780371
    k = 2.4475059407197644
/

&soaveredlichkwong
    ac = 27.83959186464058
    b = 0.12681096841328404
    k = 0.960191629681425
/
