&names
    formula_extended = 'HOCH2CH2OCH2CH2OCH2CH2OH'
    iupac = 'Triethylene Glycol'
/

&pengrobinson
    ac = 56.375250441768934
    b = 0.14992114685615746
    k = 1.4154913616182268
/

&pure
    a = 0.59672
    acentric_factor = 0.755952
    b = 0.26217
    c = 769.5
    d = 0.24631
    pc = 33.2
    tc = 769.5
    vc = 0.443
    vc_rat = 1.168
/

&rkpr
    ac = 62.28903418460545
    b = 0.12514723792543053
    del1 = 4.640555203444001
    k = 3.2601718258326606
/

&soaveredlichkwong
    ac = 52.706545533748965
    b = 0.1669649890920275
    k = 1.5698623483968
/
