&names
    formula_extended = '(HOCH2CH2)3N'
    iupac = 'Triethanolamine'
/

&pengrobinson
    ac = 68.69586823525279
    b = 0.18207071603562547
    k = 2.0507493547860123
/

&pure
    a = 0.5266
    acentric_factor = 1.28411
    b = 0.24855
    c = 772.1
    d = 0.1935
    pc = 27.43
    tc = 772.1
    vc = 0.472
    vc_rat = 1.168
/

&rkpr
    ac = 82.5129164784912
    b = 0.12751393424960622
    del1 = 7.137726554573008
    k = 4.05759064581722
/

&soaveredlichkwong
    ac = 64.225380441754
    b = 0.20276949419305554
    k = 2.2126249038825003
/
