&names
    formula_extended = '(C2H5)3Al'
    iupac = 'Triethyl Aluminum'
/

&pengrobinson
    ac = 16.278312925317973
    b = 0.04912093926095763
    k = 1.523146137942225
/

&pure
    a = 2.1055
    acentric_factor = 0.841783
    b = 0.4842
    c = 678.15
    d = 0.58311
    pc = 89.3
    tc = 678.15
    vc = 0.23
    vc_rat = 1.168
/

&rkpr
    ac = 15.019421788085316
    b = 0.05580896873502053
    del1 = 0.41421356237309515
    k = 4.702590408055864
/

&soaveredlichkwong
    ac = 15.21897702782009
    b = 0.05470527180374949
    k = 1.680961683659425
/
