&names
    formula_extended = '(CH3CH2O)3PO'
    iupac = 'Triethyl Phosphate'
/

&pengrobinson
    ac = 26.481646068645883
    b = 0.07158666543642472
    k = 0.9675132883186157
/

&pure
    a = 0.39563
    acentric_factor = 0.414486
    b = 0.23183
    c = 757.0
    d = 0.34137
    pc = 68.4
    tc = 757.0
    vc = 0.586
    vc_rat = 1.168
/

&rkpr
    ac = 24.43367526920881
    b = 0.08133350121749922
    del1 = 0.41421356237309515
    k = 3.226659307988669
/

&soaveredlichkwong
    ac = 24.758312794856874
    b = 0.07972502254932139
    k = 1.1023362012656999
/
