&names
    formula_extended = 'H2N(CH2CH2NH)2CH2CH2NH2'
    iupac = 'Triethylenetetramine'
/

&pengrobinson
    ac = 51.40424038478451
    b = 0.14650671726686956
    k = 1.6848365679191808
/

&pure
    a = 0.53101
    acentric_factor = 0.973472
    b = 0.25574
    c = 718.0
    d = 0.28571
    pc = 31.7
    tc = 718.0
    vc = 0.482
    vc_rat = 1.168
/

&rkpr
    ac = 52.53723126378458
    b = 0.14116173073537563
    del1 = 2.8579289549422815
    k = 4.4086942527761215
/

&soaveredlichkwong
    ac = 48.059031494094214
    b = 0.16316238878456105
    k = 1.8464065744128004
/
