&names
    formula_extended = 'CF3COOH'
    iupac = 'Trifluoroacetic Acid'
/

&pengrobinson
    ac = 23.413339704989518
    b = 0.09753126086795498
    k = 1.1147810310512893
/

&pure
    a = 1.3468
    acentric_factor = 0.523798
    b = 0.27475
    c = 491.25
    d = 0.3029
    pc = 32.58
    tc = 491.25
    vc = 0.204
    vc_rat = 1.168
/

&rkpr
    ac = 31.527480820789282
    b = 0.05112774782032275
    del1 = 12.390166895468248
    k = 1.2985644742795805
/

&soaveredlichkwong
    ac = 21.889681120491375
    b = 0.10861913911700427
    k = 1.2564442916593
/
