&names
    formula_extended = 'CHF3'
    iupac = 'Trifluoromethane'
/

&pengrobinson
    ac = 5.867812557012063
    b = 0.040158136811125254
    k = 0.763187252629732
/

&pure
    a = 1.9735
    acentric_factor = 0.264145
    b = 0.26273
    c = 299.01
    d = 0.2759
    pc = 48.162
    tc = 299.01
    vc = 0.132
    vc_rat = 1.168
/

&rkpr
    ac = 6.001277779066521
    b = 0.0386468695887065
    del1 = 2.872214299703649
    k = 2.0678311782421215
/

&soaveredlichkwong
    ac = 5.4859557571121265
    b = 0.044723529770345355
    k = 0.883554028320625
/
