&names
    formula_extended = 'HOCH(CH3)COOCH(CH3)COOCH(CH3)COOH'
    iupac = 'Trilactic Acid'
/

&pengrobinson
    ac = 74.83610518591466
    b = 0.19709390476424368
    k = 2.210310221684474
/

&pure
    a = 0.39472
    acentric_factor = 1.42514
    b = 0.245
    c = 777.0
    d = 0.28571
    pc = 25.5
    tc = 777.0
    vc = 0.62
    vc_rat = 1.168
/

&rkpr
    ac = 79.10363090438743
    b = 0.17887856813733483
    del1 = 3.5815292429317447
    k = 5.27699982825944
/

&soaveredlichkwong
    ac = 69.96603216200404
    b = 0.21950059980958245
    k = 2.36774115657
/
