&names
    formula_extended = '(CH3)3SiCl'
    iupac = 'Trimethylchlorosilane'
/

&pengrobinson
    ac = 24.472699562770394
    b = 0.10061289506749753
    k = 0.7715434013729107
/

&pure
    a = 0.67284
    acentric_factor = 0.270122
    b = 0.24793
    c = 497.75
    d = 0.29726
    pc = 32.0
    tc = 497.75
    vc = 0.366
    vc_rat = 1.168
/

&rkpr
    ac = 23.047137607807457
    b = 0.11080747414920644
    del1 = 1.1804679099426496
    k = 2.5474988543720896
/

&soaveredlichkwong
    ac = 22.880101529149723
    b = 0.11205111006507808
    k = 0.8924029963953
/
