&names
    formula_extended = '(CH3O)3PO'
    iupac = 'Trimethyl Phosphate'
/

&pengrobinson
    ac = 20.06960930747989
    b = 0.05633709197084808
    k = 1.0645900993597337
/

&pure
    a = 1.2453
    acentric_factor = 0.489257
    b = 0.34496
    c = 729.0
    d = 0.39266
    pc = 83.7
    tc = 729.0
    vc = 0.277
    vc_rat = 1.168
/

&rkpr
    ac = 18.51751644620969
    b = 0.06400763201452149
    del1 = 0.41421356237309515
    k = 3.506651587523262
/

&soaveredlichkwong
    ac = 18.763549048919298
    b = 0.06274179556146366
    k = 1.208200345891425
/
