&names
    formula_extended = 'CH3CH2C(CH2OH)3'
    iupac = 'Trimethylolpropane'
/

&pengrobinson
    ac = 40.63731753992498
    b = 0.11729022870391874
    k = 2.3409336036301513
/

&pure
    a = 0.62242
    acentric_factor = 1.54312
    b = 0.25893
    c = 709.0
    d = 0.15756
    pc = 39.1
    tc = 709.0
    vc = 0.416
    vc_rat = 1.168
/

&rkpr
    ac = 39.10166231467206
    b = 0.12490182420064576
    del1 = 1.6438225374449904
    k = 6.179649227824118
/

&soaveredlichkwong
    ac = 37.99278247996133
    b = 0.1306244126783565
    k = 2.4921574964800004
/
