&names
    formula_extended = 'C6H3(COOH)3'
    iupac = 'Trimellitic Acid'
/

&pengrobinson
    ac = 66.60381496262424
    b = 0.15848336730429563
    k = 2.2836922559134596
/

&pure
    a = 0.51425
    acentric_factor = 1.49114
    b = 0.25661
    c = 860.0
    d = 0.43419
    pc = 35.1
    tc = 860.0
    vc = 0.499
    vc_rat = 1.168
/

&rkpr
    ac = 70.35459515286574
    b = 0.14401265235346367
    del1 = 3.5664901841953665
    k = 5.418284712972751
/

&soaveredlichkwong
    ac = 62.26947070816053
    b = 0.17650060880749402
    k = 2.43794212257
/
