&names
    formula_extended = '(CH3)3N'
    iupac = 'Trimethylamine'
/

&pengrobinson
    ac = 14.577802198093861
    b = 0.06885516407202363
    k = 0.6812389648107738
/

&pure
    a = 1.0116
    acentric_factor = 0.206243
    b = 0.25683
    c = 433.25
    d = 0.2696
    pc = 40.7
    tc = 433.25
    vc = 0.254
    vc_rat = 1.168
/

&rkpr
    ac = 13.56307838769715
    b = 0.07725202000691275
    del1 = 0.8617493955183607
    k = 2.353780678176403
/

&soaveredlichkwong
    ac = 13.629129614767008
    b = 0.07668298942006806
    k = 0.797182651366425
/
