&names
    formula_extended = '(CH3)3SiH'
    iupac = 'Trimethyl Silane'
/

&pengrobinson
    ac = 18.49209560712416
    b = 0.08759623077598949
    k = 0.6364487215617101
/

&pure
    a = 0.8498
    acentric_factor = 0.175124
    b = 0.26428
    c = 432.0
    d = 0.2923
    pc = 31.9
    tc = 432.0
    vc = 0.311
    vc_rat = 1.168
/

&rkpr
    ac = 17.77808489853375
    b = 0.0934075117682774
    del1 = 1.6263357458850596
    k = 2.0516314522254206
/

&soaveredlichkwong
    ac = 17.288694444702603
    b = 0.09755464137456418
    k = 0.7502782033092
/
