&names
    formula_extended = 'Ga(CH3)3'
    iupac = 'Trimethylgallium'
/

&pengrobinson
    ac = 20.350182421975074
    b = 0.08165469600835241
    k = 0.6833589980552999
/

&pure
    a = 1.83
    acentric_factor = 0.207725
    b = 0.38646
    c = 510.0
    d = 0.2857
    pc = 40.4
    tc = 510.0
    vc = 0.211
    vc_rat = 1.168
/

&rkpr
    ac = 24.490123851661533
    b = 0.056939738926325915
    del1 = 7.205082812545469
    k = 0.959764523663812
/

&soaveredlichkwong
    ac = 19.025863442537137
    b = 0.09093764098154936
    k = 0.7994079567656249
/
