&names
    formula_extended = 'Al(CH3)3'
    iupac = 'Trimethylaluminum'
/

&pengrobinson
    ac = 30.376148497644333
    b = 0.10025915811849076
    k = 0.6978982126176437
/

&pure
    a = 1.0572
    acentric_factor = 0.217911
    b = 0.28683
    c = 620.0
    d = 0.2857
    pc = 40.0
    tc = 620.0
    vc = 0.271
    vc_rat = 1.168
/

&rkpr
    ac = 35.57080179669884
    b = 0.07427065393707179
    del1 = 6.29226673876738
    k = 1.1465929763496616
/

&soaveredlichkwong
    ac = 28.399374572796567
    b = 0.11165715839734551
    k = 0.8146820033138249
/
