&names
    formula_extended = '(CH3O)3SiH'
    iupac = 'Trimethoxysilane'
/

&pengrobinson
    ac = 30.14602698912688
    b = 0.1175043152410038
    k = 0.8437977183988531
/

&pure
    a = 0.58448
    acentric_factor = 0.322392
    b = 0.23847
    c = 525.0
    d = 0.25754
    pc = 28.9
    tc = 525.0
    vc = 0.408
    vc_rat = 1.168
/

&rkpr
    ac = 29.520856790557726
    b = 0.12164496947792336
    del1 = 1.9966782260073033
    k = 2.5338394281241494
/

&soaveredlichkwong
    ac = 28.184228570394353
    b = 0.13086283772431387
    k = 0.9692561027088
/
