&names
    formula_extended = '-(CH2)3S-'
    iupac = 'Trimethylene Sulfide'
/

&pengrobinson
    ac = 19.548106033142908
    b = 0.06644942550625502
    k = 0.633582624458532
/

&pure
    a = 1.2442
    acentric_factor = 0.173145
    b = 0.27122
    c = 602.0
    d = 0.25768
    pc = 58.6
    tc = 602.0
    vc = 0.218
    vc_rat = 1.168
/

&rkpr
    ac = 20.022275651300358
    b = 0.06378503577390711
    del1 = 2.9028882905291273
    k = 1.7072791899036805
/

&soaveredlichkwong
    ac = 18.275983390949712
    b = 0.07400375355631619
    k = 0.7472838715706249
/
