&names
    formula_extended = 'HOOC(C6H3)(CO)2O'
    iupac = 'Trimellitic Anhydride'
/

&pengrobinson
    ac = 61.36619132690639
    b = 0.14109843568225294
    k = 1.7132942168559033
/

&pure
    a = 0.54071
    acentric_factor = 0.996999
    b = 0.24981
    c = 890.0
    d = 0.23135
    pc = 40.8
    tc = 890.0
    vc = 0.462
    vc_rat = 1.168
/

&rkpr
    ac = 62.94855257399846
    b = 0.13508983456112608
    del1 = 2.933966725818812
    k = 4.448775828063432
/

&soaveredlichkwong
    ac = 57.372693372692254
    b = 0.1571392646641959
    k = 1.875325199949825
/
