&names
    formula_extended = '-CH2OCH2OCH2O-'
    iupac = 'Trioxane'
/

&pengrobinson
    ac = 19.813454967650063
    b = 0.06712840206581135
    k = 0.859262276355072
/

&pure
    a = 1.159
    acentric_factor = 0.33372
    b = 0.25943
    c = 604.0
    d = 0.2857
    pc = 58.2
    tc = 604.0
    vc = 0.224
    vc_rat = 1.168
/

&rkpr
    ac = 20.028908274702754
    b = 0.06591190000280604
    del1 = 2.632519593996731
    k = 2.3960666886113913
/

&soaveredlichkwong
    ac = 18.52406434117767
    b = 0.07475991982263239
    k = 0.98578569828
/
