&names
    formula_extended = 'CH3O(C3H6O)3H'
    iupac = 'Tripropylene Glycol Monomethyl Ether'
/

&pengrobinson
    ac = 62.5869178839878
    b = 0.19494012099392846
    k = 1.8664155183303264
/

&pure
    a = 0.39908
    acentric_factor = 1.12541
    b = 0.26252
    c = 657.0
    d = 0.28571
    pc = 21.8
    tc = 657.0
    vc = 0.652
    vc_rat = 1.168
/

&rkpr
    ac = 63.153052126435526
    b = 0.1919981704395657
    del1 = 2.5957555479761756
    k = 4.902439722121681
/

&soaveredlichkwong
    ac = 58.51397929800315
    b = 0.21710196231741932
    k = 2.0297494980825004
/
