&names
    formula_extended = 'HO(C3H6O)2C3H6OH'
    iupac = 'Tripropylene Glycol'
/

&pengrobinson
    ac = 57.03650956097581
    b = 0.17240398792537018
    k = 2.019295312937339
/

&pure
    a = 0.44619
    acentric_factor = 1.25671
    b = 0.26591
    c = 677.0
    d = 0.24367
    pc = 25.4
    tc = 677.0
    vc = 0.596
    vc_rat = 1.168
/

&rkpr
    ac = 56.05399134752691
    b = 0.1774394493435274
    del1 = 2.067859910053133
    k = 5.410659778034264
/

&soaveredlichkwong
    ac = 53.3247722130625
    b = 0.19200380044450827
    k = 2.1816805357825
/
