&names
    formula_extended = '(C3H7)3N'
    iupac = 'Tripropylamine'
/

&pengrobinson
    ac = 47.27248510236672
    b = 0.167509514865987
    k = 1.3435956987903814
/

&pure
    a = 0.4644
    acentric_factor = 0.69944
    b = 0.26668
    c = 577.5
    d = 0.245
    pc = 22.3
    tc = 577.5
    vc = 0.576
    vc_rat = 1.168
/

&rkpr
    ac = 46.65943996389817
    b = 0.17118307279364683
    del1 = 2.153789697744344
    k = 3.8158425073021336
/

&soaveredlichkwong
    ac = 44.19615645193364
    b = 0.18655289736573707
    k = 1.49530570512
/
