&names
    formula_extended = '(C6H5)3CH'
    iupac = 'Triphenylmethane'
/

&pengrobinson
    ac = 107.50257170395389
    b = 0.2543230843768167
    k = 1.1803489229166553
/

&pure
    a = 0.347
    acentric_factor = 0.573483
    b = 0.26129
    c = 865.0
    d = 0.29476
    pc = 22.0
    tc = 865.0
    vc = 0.753
    vc_rat = 1.168
/

&rkpr
    ac = 118.61710936936875
    b = 0.2128659179326978
    del1 = 4.605580849652807
    k = 2.7031370944578486
/

&soaveredlichkwong
    ac = 100.50667883705756
    b = 0.2832359003334424
    k = 1.3251077605244248
/
