&names
    formula_extended = '(C6H5)3P'
    iupac = 'Triphenylphosphine'
/

&pengrobinson
    ac = 40.96512846300421
    b = 0.08316427862363289
    k = 1.016147855142372
/

&pure
    a = 0.63734
    acentric_factor = 0.451655
    b = 0.3532
    c = 1008.0
    d = 0.55468
    pc = 78.4
    tc = 1008.0
    vc = 0.554
    vc_rat = 1.168
/

&rkpr
    ac = 37.79707060625517
    b = 0.09448745678334122
    del1 = 0.41421356237309515
    k = 3.366996659789465
/

&soaveredlichkwong
    ac = 38.2992606101398
    b = 0.09261884106692253
    k = 1.155206328170625
/
