&names
    formula_extended = '(C6H5)CHC(C6H5)2'
    iupac = 'Triphenylethylene'
/

&pengrobinson
    ac = 124.09712548913255
    b = 0.2796783888528099
    k = 1.2148599628544348
/

&pure
    a = 0.27816
    acentric_factor = 0.599841
    b = 0.239
    c = 908.0
    d = 0.28571
    pc = 21.0
    tc = 908.0
    vc = 0.86
    vc_rat = 1.168
/

&rkpr
    ac = 133.34976070420322
    b = 0.24623459483019183
    del1 = 3.9585472436672187
    k = 2.954557472990704
/

&soaveredlichkwong
    ac = 116.02131687124599
    b = 0.31147373218061364
    k = 1.361183119575825
/
