&names
    formula_extended = 'CH3(CH2)10NH2'
    iupac = 'Undecylamine'
/

&pengrobinson
    ac = 72.7824548161379
    b = 0.2183862850105739
    k = 1.3497597953993865
/

&pure
    a = 0.38225
    acentric_factor = 0.70426
    b = 0.26069
    c = 682.0
    d = 0.2685
    pc = 20.2
    tc = 682.0
    vc = 0.682
    vc_rat = 1.168
/

&rkpr
    ac = 77.34220111528683
    b = 0.19628706156232797
    del1 = 3.70123741324324
    k = 3.3568927142047613
/

&soaveredlichkwong
    ac = 68.04602620412642
    b = 0.24321361235065356
    k = 1.50170836417
/
