&names
    formula_extended = 'CH3(CH2)10SH'
    iupac = 'Undecyl Mercaptan'
/

&pengrobinson
    ac = 80.47497060964751
    b = 0.2319452664194475
    k = 1.265499684987272
/

&pure
    a = 0.40837
    acentric_factor = 0.638778
    b = 0.27605
    c = 710.0
    d = 0.28069
    pc = 19.8
    tc = 710.0
    vc = 0.676
    vc_rat = 1.168
/

&rkpr
    ac = 89.75194255567588
    b = 0.19008160342179964
    del1 = 4.88368216321825
    k = 2.8422277059307888
/

&soaveredlichkwong
    ac = 75.23793986770278
    b = 0.2583140516849635
    k = 1.4140300386753
/
