&names
    formula_extended = 'CH3(CH2)3CN'
    iupac = 'Valeronitrile'
/

&pengrobinson
    ac = 35.25545660859393
    b = 0.11964431495240437
    k = 0.9684057917316954
/

&pure
    a = 0.7502
    acentric_factor = 0.415163
    b = 0.24826
    c = 603.0
    d = 0.2797
    pc = 32.6
    tc = 603.0
    vc = 0.331
    vc_rat = 1.168
/

&rkpr
    ac = 40.68523450614805
    b = 0.09143791620026831
    del1 = 5.842746907257025
    k = 1.908775721106876
/

&soaveredlichkwong
    ac = 32.961154309608425
    b = 0.13324612411161557
    k = 1.103303506600425
/
