&names
    formula_extended = 'VCl4'
    iupac = 'Vanadium Tetrachloride'
/

&pengrobinson
    ac = 25.465814054065596
    b = 0.07476663265242396
    k = 0.6519069918161562
/

&pure
    a = 1.2319
    acentric_factor = 0.185823
    b = 0.33057
    c = 697.0
    d = 0.31162
    pc = 60.3
    tc = 697.0
    vc = 0.268
    vc_rat = 1.168
/

&rkpr
    ac = 24.286161653415945
    b = 0.08074612593924929
    del1 = 1.4589426781531512
    k = 2.1381529473475607
/

&soaveredlichkwong
    ac = 23.808587588998684
    b = 0.08326650553998803
    k = 0.7664426192174251
/
