&names
    formula_extended = 'VOCl3'
    iupac = 'Vanadium Oxytrichloride'
/

&pengrobinson
    ac = 34.18628813207928
    b = 0.10999624730612406
    k = 0.5713566943850972
/

&pure
    a = 1.0061
    acentric_factor = 0.130533
    b = 0.29177
    c = 636.0
    d = 0.31711
    pc = 37.4
    tc = 636.0
    vc = 0.29
    vc_rat = 1.168
/

&rkpr
    ac = 40.649285203433735
    b = 0.0788010267889398
    del1 = 6.790743047518474
    k = 0.7516794702461763
/

&soaveredlichkwong
    ac = 31.961563592953862
    b = 0.12250121224894212
    k = 0.682477140784425
/
