&names
    formula_extended = '(OH)C6H3(OCH3)CHO'
    iupac = 'Vanillin'
/

&pengrobinson
    ac = 47.589044444908325
    b = 0.12533402921416992
    k = 1.4172001593699384
/

&pure
    a = 0.62071
    acentric_factor = 0.757303
    b = 0.258
    c = 777.0
    d = 0.28571
    pc = 40.1
    tc = 777.0
    vc = 0.415
    vc_rat = 1.168
/

&rkpr
    ac = 48.397298604929205
    b = 0.121799702745468
    del1 = 2.755635443365293
    k = 3.8063408785833786
/

&soaveredlichkwong
    ac = 44.49211521523947
    b = 0.13958267568938534
    k = 1.5716310510834248
/
