&names
    formula_extended = 'CH2CHBr'
    iupac = 'Vinyl Bromide'
/

&pengrobinson
    ac = 9.84934061726189
    b = 0.042611718743863894
    k = 0.7804026806472941
/

&pure
    a = 1.294
    acentric_factor = 0.276474
    b = 0.25876
    c = 473.0
    d = 0.26463
    pc = 71.8
    tc = 473.0
    vc = 0.2
    vc_rat = 1.168
/

&rkpr
    ac = 9.087637136837218
    b = 0.048413489540334705
    del1 = 0.41421356237309515
    k = 2.685646637803373
/

&soaveredlichkwong
    ac = 9.208379841386792
    b = 0.04745604809232135
    k = 0.9017934482817
/
