&names
    formula_extended = 'CH2CHSiCl3'
    iupac = 'Vinyltrichlorosilane'
/

&pengrobinson
    ac = 30.473859495608263
    b = 0.11481290687762649
    k = 0.7874569040676378
/

&pure
    a = 0.59595
    acentric_factor = 0.281543
    b = 0.24314
    c = 543.15
    d = 0.24856
    pc = 30.6
    tc = 543.15
    vc = 0.408
    vc_rat = 1.168
/

&rkpr
    ac = 29.274913997734654
    b = 0.1225776798730918
    del1 = 1.6107253996700872
    k = 2.4829311600679587
/

&soaveredlichkwong
    ac = 28.49072687940234
    b = 0.12786545558405693
    k = 0.909277051351425
/
