&names
    formula_extended = '-CHCHCH2CH(CHCH2)CH2CH2-'
    iupac = 'Vinylcyclohexene'
/

&pengrobinson
    ac = 33.06502415518118
    b = 0.1129600972688347
    k = 0.8533183692487679
/

&pure
    a = 0.6887
    acentric_factor = 0.32936
    b = 0.26687
    c = 599.0
    d = 0.2857
    pc = 34.3
    tc = 599.0
    vc = 0.379
    vc_rat = 1.168
/

&rkpr
    ac = 33.2817288128308
    b = 0.11172305706378215
    del1 = 2.545703964100429
    k = 2.4041738831272257
/

&soaveredlichkwong
    ac = 30.913267569599153
    b = 0.12580200861470886
    k = 0.9794289883199999
/
