&names
    formula_extended = 'CH3COOCHCH2'
    iupac = 'Vinyl Acetate'
/

&pengrobinson
    ac = 21.522156436309547
    b = 0.08483844358351743
    k = 0.8831341229214299
/

&pure
    a = 0.9591
    acentric_factor = 0.351307
    b = 0.2593
    c = 519.13
    d = 0.27448
    pc = 39.58
    tc = 519.13
    vc = 0.27
    vc_rat = 1.168
/

&rkpr
    ac = 22.555222588315083
    b = 0.07820275964355981
    del1 = 3.3916256369312228
    k = 2.253633875748397
/

&soaveredlichkwong
    ac = 20.12156947074706
    b = 0.09448333410294214
    k = 1.011359311556425
/
