&names
    formula_extended = 'Polycyclic compound, see refs. 2867, 4040'
    iupac = 'Vinylnorbornene'
/

&pengrobinson
    ac = 38.58806075143322
    b = 0.12614256453055012
    k = 0.7414923817972084
/

&pure
    a = 0.53248
    acentric_factor = 0.248691
    b = 0.22737
    c = 626.0
    d = 0.40154
    pc = 32.1
    tc = 626.0
    vc = 0.427
    vc_rat = 1.168
/

&rkpr
    ac = 38.56965115071758
    b = 0.12624355528679276
    del1 = 2.404646204116452
    k = 2.135359541726096
/

&soaveredlichkwong
    ac = 36.076884184404314
    b = 0.14048312964875545
    k = 0.860616371640825
/
