&names
    formula_extended = 'CH2CHCCH'
    iupac = 'Vinylacetylene'
/

&pengrobinson
    ac = 13.405553679381601
    b = 0.0604243432706688
    k = 0.5363517944339123
/

&pure
    a = 1.2703
    acentric_factor = 0.106852
    b = 0.26041
    c = 454.0
    d = 0.297
    pc = 48.6
    tc = 454.0
    vc = 0.205
    vc_rat = 1.168
/

&rkpr
    ac = 13.375241406666017
    b = 0.06065387854455504
    del1 = 2.3688673593808236
    k = 1.5780782641393651
/

&soaveredlichkwong
    ac = 12.53316694596793
    b = 0.06729370756988566
    k = 0.6461870117667999
/
