&names
    formula_extended = 'CH2CHCl'
    iupac = 'Vinyl Chloride'
/

&pengrobinson
    ac = 10.403842149334404
    b = 0.04928253548067133
    k = 0.5263260424416859
/

&pure
    a = 1.5115
    acentric_factor = 0.100107
    b = 0.2707
    c = 432.0
    d = 0.2716
    pc = 56.7
    tc = 432.0
    vc = 0.179
    vc_rat = 1.168
/

&rkpr
    ac = 9.810771669997134
    b = 0.05416542034277746
    del1 = 1.2112433170187429
    k = 1.8381101073364907
/

&soaveredlichkwong
    ac = 9.726796345432327
    b = 0.05488523915076891
    k = 0.635814670996425
/
