&names
    formula_extended = 'H2CCHF'
    iupac = 'Vinyl Fluoride'
/

&pengrobinson
    ac = 6.481804545864314
    b = 0.04046411232607888
    k = 0.5894555415483731
/

&pure
    a = 1.9946
    acentric_factor = 0.142858
    b = 0.28615
    c = 327.8
    d = 0.26126
    pc = 52.4
    tc = 327.8
    vc = 0.144
    vc_rat = 1.168
/

&rkpr
    ac = 6.219294881239044
    b = 0.043283136112811656
    del1 = 1.5859593938637182
    k = 1.9288571402286845
/

&soaveredlichkwong
    ac = 6.059991286253145
    b = 0.04506429022734531
    k = 0.7012870205713001
/
