&names
    formula_extended = 'CH3CH2COOCHCH2'
    iupac = 'Vinyl Propionate'
/

&pengrobinson
    ac = 25.606297463929494
    b = 0.09597037225227201
    k = 0.9219295992391721
/

&pure
    a = 0.7992
    acentric_factor = 0.380155
    b = 0.25814
    c = 546.0
    d = 0.28596
    pc = 36.8
    tc = 546.0
    vc = 0.323
    vc_rat = 1.168
/

&rkpr
    ac = 25.711025609572275
    b = 0.09531352018364067
    del1 = 2.496249685078365
    k = 2.6070122742664577
/

&soaveredlichkwong
    ac = 23.9399288279414
    b = 0.10688080028918416
    k = 1.0530733507956251
/
