&names
    formula_extended = 'CH2CHCH2CN'
    iupac = 'Vinylacetonitrile'
/

&pengrobinson
    ac = 27.784544938188816
    b = 0.09735841094313039
    k = 0.9192718407824179
/

&pure
    a = 0.92345
    acentric_factor = 0.378168
    b = 0.23917
    c = 584.0
    d = 0.28979
    pc = 38.8
    tc = 584.0
    vc = 0.259
    vc_rat = 1.168
/

&rkpr
    ac = 32.857047133650475
    b = 0.07059522698214124
    del1 = 6.608875229469733
    k = 1.6400583794595984
/

&soaveredlichkwong
    ac = 25.976423544792546
    b = 0.10842663868315561
    k = 1.0502095006608
/
