&names
    formula_extended = 'HCOOCHCH2'
    iupac = 'Vinyl Formate'
/

&pengrobinson
    ac = 15.61580179181253
    b = 0.06416792281584423
    k = 0.7920946239112628
/

&pure
    a = 1.1594
    acentric_factor = 0.284881
    b = 0.25151
    c = 498.0
    d = 0.29455
    pc = 50.2
    tc = 498.0
    vc = 0.217
    vc_rat = 1.168
/

&rkpr
    ac = 15.620465654623501
    b = 0.06413577721824089
    del1 = 2.420203007761866
    k = 2.2707303819446265
/

&soaveredlichkwong
    ac = 14.599579810936978
    b = 0.07146287737036121
    k = 0.914200186771825
/
