&names
    formula_extended = 'Xe'
    iupac = 'Xenon'
/

&pengrobinson
    ac = 4.543451219817861
    b = 0.03208931523533227
    k = 0.37464
/

&pure
    a = 2.4063
    acentric_factor = 0.0
    b = 0.28552
    c = 289.74
    d = 0.28967
    pc = 58.4037
    tc = 289.74
    vc = 0.118
    vc_rat = 1.168
/

&rkpr
    ac = 4.2389039275268425
    b = 0.03585154794072025
    del1 = 0.9429806835694209
    k = 1.4542251106002984
/

&soaveredlichkwong
    ac = 4.247779242152548
    b = 0.0357374011644831
    k = 0.48
/
