&names
    formula_extended = 'Zn'
    iupac = 'Zinc'
/

&pengrobinson
    ac = 10.937831583189936
    b = 0.007060817809375627
    k = 0.44488610221349023
/

&pure
    a = 8.326
    acentric_factor = 0.0459165
    b = 0.27475
    c = 3170.0
    d = 0.3128
    pc = 2904.0
    tc = 3170.0
    vc = 0.033
    vc_rat = 1.168
/

&rkpr
    ac = 10.091949131869983
    b = 0.008022178856834795
    del1 = 0.41421356237309515
    k = 1.7118138545401096
/

&soaveredlichkwong
    ac = 10.226035607156208
    b = 0.007863529550332917
    k = 0.5519036141298563
/
